     0.8647279     0.8614694
     0.8794693     0.8984811
     0.9164147     0.9493594
     0.9495329     0.9964929
     0.9804046     1.0412717
     1.0092946     1.0835862
     1.0356283     1.1224377
     1.0583622     1.1564417
     1.0762199     1.1570497
     1.1159159     1.2208648
     0.0229374     0.0458984
     0.0546149     0.0881962
     0.0467608     0.0812834
     0.0427617     0.0776886
     0.0408699     0.0752856
     0.0401001     0.0729155
     0.0401875     0.0704111
     0.0414936     0.0684548
     0.0448929     0.0633131
     0.0195639     0.0360333
    -0.0037671     0.0016828
    -0.0231749    -0.0207371
    -0.0171212    -0.0165728
    -0.0138956    -0.0156157
    -0.0128765    -0.0171920
    -0.0135547    -0.0204935
    -0.0157351    -0.0250144
    -0.0196090    -0.0308094
    -0.0257597    -0.0295259
    -0.0056712    -0.0104703
     0.0064654     0.0112525
     0.0251962     0.0360108
     0.0199137     0.0300400
     0.0166911     0.0263759
     0.0152350     0.0248908
     0.0153258     0.0254292
     0.0170221     0.0280847
     0.0207201     0.0333336
     0.0271368     0.0336017
     0.0057481     0.0093342
    -0.0041574    -0.0029265
    -0.0192427    -0.0222558
    -0.0157669    -0.0198725
    -0.0136677    -0.0187775
    -0.0129685    -0.0193150
    -0.0136383    -0.0216206
    -0.0158570    -0.0260439
    -0.0201224    -0.0333609
    -0.0272422    -0.0346353
    -0.0056300    -0.0087375
