7.350000000000000977e-01 7.600000000000000089e-01 2.234375000000000111e-01
7.350000000000000977e-01 7.600000000000000089e-01 2.328125000000000333e-01
7.350000000000000977e-01 7.600000000000000089e-01 2.421875000000000278e-01
7.350000000000000977e-01 7.600000000000000089e-01 2.515625000000000222e-01
7.350000000000000977e-01 7.600000000000000089e-01 3.171875000000000111e-01
7.350000000000000977e-01 7.600000000000000089e-01 3.265625000000000333e-01
7.350000000000000977e-01 7.600000000000000089e-01 3.359375000000000000e-01
7.350000000000000977e-01 7.600000000000000089e-01 3.453125000000000222e-01
7.350000000000000977e-01 7.600000000000000089e-01 3.546875000000000444e-01
7.350000000000000977e-01 7.600000000000000089e-01 3.640625000000000111e-01
7.350000000000000977e-01 7.600000000000000089e-01 3.734375000000000333e-01
7.350000000000000977e-01 7.600000000000000089e-01 3.828125000000000000e-01
7.350000000000000977e-01 7.600000000000000089e-01 3.921875000000000222e-01
7.350000000000000977e-01 7.600000000000000089e-01 4.015625000000000444e-01
7.350000000000000977e-01 7.600000000000000089e-01 4.109375000000000111e-01
7.350000000000000977e-01 7.600000000000000089e-01 4.203124999999999778e-01
7.350000000000000977e-01 7.600000000000000089e-01 1.964843750000000444e-01
7.350000000000000977e-01 7.600000000000000089e-01 1.988281250000000222e-01
7.350000000000000977e-01 7.600000000000000089e-01 2.761718750000000111e-01
7.350000000000000977e-01 7.600000000000000089e-01 2.785156250000000444e-01
7.350000000000000977e-01 7.600000000000000089e-01 2.808593750000000222e-01
7.350000000000000977e-01 7.600000000000000089e-01 2.832031250000000000e-01
7.350000000000000977e-01 7.099999999999999645e-01 2.468750000000000111e-01
7.350000000000000977e-01 7.099999999999999645e-01 2.656250000000000000e-01
7.350000000000000977e-01 7.099999999999999645e-01 3.031250000000000333e-01
7.350000000000000977e-01 7.099999999999999645e-01 1.976562500000000333e-01
7.350000000000000977e-01 7.099999999999999645e-01 2.773437500000000000e-01
7.350000000000000977e-01 7.099999999999999645e-01 2.820312500000000111e-01
7.350000000000000977e-01 7.099999999999999645e-01 3.335937500000000222e-01
7.350000000000000977e-01 7.099999999999999645e-01 3.382812500000000333e-01
7.350000000000000977e-01 7.099999999999999645e-01 3.429687500000000444e-01
7.350000000000000977e-01 7.099999999999999645e-01 3.476562500000000000e-01
7.350000000000000977e-01 7.099999999999999645e-01 4.085937499999999778e-01
7.350000000000000977e-01 7.099999999999999645e-01 4.132812500000000444e-01
7.350000000000000977e-01 7.099999999999999645e-01 4.179687500000000000e-01
7.350000000000000977e-01 7.099999999999999645e-01 4.226562500000000111e-01
7.350000000000000977e-01 8.100000000000000533e-01 1.343750000000000222e-01
7.350000000000000977e-01 8.100000000000000533e-01 2.093750000000000333e-01
7.350000000000000977e-01 8.100000000000000533e-01 2.281250000000000222e-01
7.350000000000000977e-01 8.100000000000000533e-01 2.468750000000000111e-01
7.350000000000000977e-01 8.100000000000000533e-01 3.031250000000000333e-01
7.350000000000000977e-01 8.100000000000000533e-01 3.593750000000000000e-01
7.350000000000000977e-01 8.100000000000000533e-01 3.781250000000000444e-01
7.350000000000000977e-01 8.100000000000000533e-01 1.976562500000000333e-01
7.350000000000000977e-01 8.100000000000000533e-01 2.773437500000000000e-01
7.350000000000000977e-01 8.100000000000000533e-01 2.820312500000000111e-01
7.350000000000000977e-01 8.100000000000000533e-01 3.148437500000000333e-01
7.350000000000000977e-01 8.100000000000000533e-01 3.195312500000000444e-01
7.350000000000000977e-01 8.100000000000000533e-01 3.242187500000000000e-01
7.350000000000000977e-01 8.100000000000000533e-01 3.289062500000000111e-01
7.350000000000000977e-01 8.100000000000000533e-01 4.085937499999999778e-01
7.350000000000000977e-01 8.100000000000000533e-01 4.132812500000000444e-01
7.350000000000000977e-01 8.100000000000000533e-01 4.179687500000000000e-01
7.350000000000000977e-01 8.100000000000000533e-01 4.226562500000000111e-01
7.350000000000000977e-01 7.349999999999999867e-01 1.437500000000000167e-01
7.350000000000000977e-01 7.349999999999999867e-01 2.281250000000000222e-01
7.350000000000000977e-01 7.349999999999999867e-01 3.781250000000000444e-01
7.350000000000000977e-01 7.349999999999999867e-01 3.968750000000000333e-01
7.350000000000000977e-01 7.349999999999999867e-01 4.156250000000000222e-01
7.350000000000000977e-01 7.349999999999999867e-01 2.609375000000000444e-01
7.350000000000000977e-01 7.349999999999999867e-01 2.703125000000000111e-01
7.350000000000000977e-01 7.349999999999999867e-01 2.796875000000000333e-01
7.350000000000000977e-01 7.349999999999999867e-01 2.890625000000000000e-01
7.350000000000000977e-01 7.349999999999999867e-01 2.984375000000000222e-01
7.350000000000000977e-01 7.349999999999999867e-01 3.078125000000000444e-01
7.350000000000000977e-01 7.349999999999999867e-01 3.359375000000000000e-01
7.350000000000000977e-01 7.349999999999999867e-01 3.453125000000000222e-01
7.350000000000000977e-01 7.850000000000000311e-01 1.437500000000000167e-01
7.350000000000000977e-01 7.850000000000000311e-01 2.937500000000000111e-01
7.350000000000000977e-01 7.850000000000000311e-01 3.218750000000000222e-01
7.350000000000000977e-01 7.850000000000000311e-01 3.968750000000000333e-01
7.350000000000000977e-01 7.850000000000000311e-01 4.156250000000000222e-01
7.350000000000000977e-01 7.850000000000000311e-01 1.859375000000000333e-01
7.350000000000000977e-01 7.850000000000000311e-01 1.953125000000000278e-01
7.350000000000000977e-01 7.850000000000000311e-01 2.796875000000000333e-01
7.350000000000000977e-01 7.224999999999999201e-01 2.843750000000000444e-01
7.350000000000000977e-01 7.224999999999999201e-01 3.031250000000000333e-01
7.350000000000000977e-01 7.224999999999999201e-01 3.218750000000000222e-01
7.350000000000000977e-01 7.224999999999999201e-01 3.406250000000000111e-01
7.350000000000000977e-01 7.475000000000000533e-01 2.468750000000000111e-01
7.350000000000000977e-01 7.475000000000000533e-01 2.656250000000000000e-01
7.350000000000000977e-01 7.475000000000000533e-01 3.218750000000000222e-01
7.350000000000000977e-01 7.475000000000000533e-01 3.406250000000000111e-01
7.350000000000000977e-01 7.475000000000000533e-01 3.593750000000000000e-01
7.350000000000000977e-01 7.475000000000000533e-01 3.781250000000000444e-01
7.350000000000000977e-01 7.475000000000000533e-01 3.968750000000000333e-01
7.350000000000000977e-01 7.475000000000000533e-01 4.156250000000000222e-01
7.350000000000000977e-01 7.724999999999999645e-01 2.187500000000000278e-01
7.350000000000000977e-01 7.724999999999999645e-01 2.562500000000000333e-01
7.350000000000000977e-01 7.724999999999999645e-01 3.593750000000000000e-01
7.350000000000000977e-01 7.724999999999999645e-01 3.781250000000000444e-01
7.350000000000000977e-01 7.724999999999999645e-01 3.968750000000000333e-01
7.350000000000000977e-01 7.724999999999999645e-01 4.156250000000000222e-01
7.350000000000000977e-01 7.975000000000000977e-01 3.968750000000000333e-01
7.350000000000000977e-01 7.975000000000000977e-01 4.156250000000000222e-01
7.350000000000000977e-01 7.162499999999999423e-01 2.937500000000000111e-01
7.350000000000000977e-01 7.162499999999999423e-01 3.687500000000000222e-01
7.350000000000000977e-01 7.162499999999999423e-01 4.062500000000000000e-01
7.350000000000000977e-01 7.287500000000000089e-01 2.937500000000000111e-01
7.350000000000000977e-01 7.287500000000000089e-01 3.312500000000000444e-01
7.350000000000000977e-01 7.287500000000000089e-01 3.687500000000000222e-01
7.350000000000000977e-01 7.287500000000000089e-01 4.062500000000000000e-01
7.350000000000000977e-01 7.412499999999999645e-01 3.500000000000000333e-01
7.350000000000000977e-01 7.412499999999999645e-01 2.562500000000000333e-01
7.350000000000000977e-01 7.537500000000000311e-01 2.562500000000000333e-01
7.350000000000000977e-01 7.537500000000000311e-01 2.937500000000000111e-01
7.350000000000000977e-01 7.537500000000000311e-01 3.312500000000000444e-01
7.350000000000000977e-01 7.662499999999999867e-01 2.000000000000000111e-01
7.350000000000000977e-01 7.662499999999999867e-01 3.687500000000000222e-01
7.350000000000000977e-01 7.662499999999999867e-01 4.062500000000000000e-01
7.350000000000000977e-01 7.787500000000000533e-01 1.250000000000000278e-01
7.350000000000000977e-01 7.787500000000000533e-01 2.000000000000000111e-01
7.350000000000000977e-01 7.787500000000000533e-01 3.687500000000000222e-01
7.350000000000000977e-01 7.787500000000000533e-01 4.062500000000000000e-01
7.350000000000000977e-01 7.912500000000000089e-01 2.000000000000000111e-01
7.350000000000000977e-01 7.912500000000000089e-01 2.937500000000000111e-01
7.350000000000000977e-01 7.912500000000000089e-01 3.312500000000000444e-01
7.350000000000000977e-01 7.912500000000000089e-01 4.062500000000000000e-01
7.350000000000000977e-01 8.037500000000000755e-01 4.062500000000000000e-01
7.350000000000000977e-01 7.131250000000000089e-01 1.250000000000000278e-01
7.350000000000000977e-01 7.131250000000000089e-01 3.875000000000000111e-01
7.350000000000000977e-01 7.193749999999999867e-01 1.250000000000000278e-01
7.350000000000000977e-01 7.193749999999999867e-01 3.875000000000000111e-01
7.350000000000000977e-01 7.256249999999999645e-01 4.250000000000000444e-01
7.350000000000000977e-01 7.256249999999999645e-01 3.125000000000000000e-01
7.350000000000000977e-01 7.318749999999999423e-01 4.250000000000000444e-01
7.350000000000000977e-01 7.318749999999999423e-01 3.125000000000000000e-01
7.350000000000000977e-01 7.506249999999999867e-01 4.250000000000000444e-01
7.350000000000000977e-01 7.506249999999999867e-01 3.125000000000000000e-01
7.350000000000000977e-01 7.568749999999999645e-01 3.125000000000000000e-01
7.350000000000000977e-01 7.568749999999999645e-01 3.875000000000000111e-01
7.350000000000000977e-01 7.631250000000000533e-01 3.125000000000000000e-01
7.350000000000000977e-01 7.631250000000000533e-01 3.875000000000000111e-01
7.350000000000000977e-01 7.693750000000000311e-01 3.125000000000000000e-01
7.350000000000000977e-01 7.693750000000000311e-01 3.875000000000000111e-01
7.350000000000000977e-01 7.818749999999999867e-01 1.250000000000000278e-01
7.350000000000000977e-01 7.881250000000000755e-01 1.250000000000000278e-01
7.350000000000000977e-01 7.881250000000000755e-01 3.125000000000000000e-01
7.350000000000000977e-01 7.943750000000000533e-01 1.250000000000000278e-01
7.350000000000000977e-01 7.943750000000000533e-01 4.250000000000000444e-01
7.350000000000000977e-01 7.943750000000000533e-01 3.125000000000000000e-01
7.350000000000000977e-01 8.006250000000000311e-01 4.250000000000000444e-01
7.350000000000000977e-01 7.115624999999999867e-01 2.750000000000000222e-01
7.350000000000000977e-01 7.146874999999999201e-01 2.750000000000000222e-01
7.350000000000000977e-01 7.178124999999999645e-01 2.750000000000000222e-01
7.350000000000000977e-01 7.209375000000000089e-01 2.750000000000000222e-01
7.350000000000000977e-01 7.240624999999999423e-01 3.500000000000000333e-01
7.350000000000000977e-01 7.271874999999999867e-01 3.500000000000000333e-01
7.350000000000000977e-01 7.303125000000000311e-01 3.500000000000000333e-01
7.350000000000000977e-01 7.334374999999999645e-01 3.500000000000000333e-01
7.350000000000000977e-01 7.553125000000000533e-01 3.500000000000000333e-01
7.350000000000000977e-01 7.584374999999999867e-01 3.500000000000000333e-01
7.350000000000000977e-01 7.615625000000000311e-01 2.750000000000000222e-01
7.350000000000000977e-01 7.615625000000000311e-01 3.500000000000000333e-01
7.350000000000000977e-01 7.646874999999999645e-01 2.750000000000000222e-01
7.350000000000000977e-01 7.646874999999999645e-01 3.500000000000000333e-01
7.350000000000000977e-01 7.740624999999999867e-01 2.750000000000000222e-01
7.350000000000000977e-01 7.771875000000000311e-01 2.750000000000000222e-01
7.350000000000000977e-01 7.803125000000000755e-01 2.750000000000000222e-01
7.350000000000000977e-01 7.834375000000000089e-01 2.750000000000000222e-01
7.350000000000000977e-01 7.990625000000000089e-01 3.500000000000000333e-01
7.350000000000000977e-01 8.021875000000000533e-01 3.500000000000000333e-01
7.350000000000000977e-01 7.107812499999999201e-01 4.250000000000000444e-01
7.350000000000000977e-01 7.123437499999999423e-01 4.250000000000000444e-01
7.350000000000000977e-01 7.139062499999999645e-01 4.250000000000000444e-01
7.350000000000000977e-01 7.154687499999999867e-01 4.250000000000000444e-01
7.350000000000000977e-01 7.170312500000000089e-01 4.250000000000000444e-01
7.350000000000000977e-01 7.185937499999999201e-01 4.250000000000000444e-01
7.350000000000000977e-01 7.201562499999999423e-01 4.250000000000000444e-01
7.350000000000000977e-01 7.217187499999999645e-01 4.250000000000000444e-01
7.350000000000000977e-01 7.576562500000000311e-01 4.250000000000000444e-01
7.350000000000000977e-01 7.592187500000000533e-01 1.250000000000000278e-01
7.350000000000000977e-01 7.592187500000000533e-01 4.250000000000000444e-01
7.350000000000000977e-01 7.607812499999999645e-01 4.250000000000000444e-01
7.350000000000000977e-01 7.623437499999999867e-01 4.250000000000000444e-01
7.350000000000000977e-01 7.639062500000000089e-01 4.250000000000000444e-01
7.350000000000000977e-01 7.654687500000000311e-01 4.250000000000000444e-01
7.350000000000000977e-01 7.732812500000000311e-01 4.250000000000000444e-01
7.350000000000000977e-01 7.748437500000000533e-01 4.250000000000000444e-01
7.350000000000000977e-01 7.764062500000000755e-01 4.250000000000000444e-01
7.350000000000000977e-01 7.779687499999999867e-01 4.250000000000000444e-01
7.350000000000000977e-01 7.588281249999999645e-01 2.750000000000000222e-01
7.350000000000000977e-01 7.596093750000000311e-01 2.750000000000000222e-01
6.800000000000001599e-01 7.600000000000000089e-01 3.031250000000000333e-01
6.800000000000001599e-01 7.600000000000000089e-01 3.218750000000000222e-01
6.800000000000001599e-01 7.600000000000000089e-01 3.406250000000000111e-01
6.800000000000001599e-01 7.600000000000000089e-01 3.968750000000000333e-01
6.800000000000001599e-01 7.600000000000000089e-01 4.156250000000000222e-01
6.800000000000001599e-01 7.600000000000000089e-01 1.976562500000000333e-01
6.800000000000001599e-01 7.600000000000000089e-01 2.773437500000000000e-01
6.800000000000001599e-01 7.600000000000000089e-01 2.820312500000000111e-01
6.800000000000001599e-01 7.099999999999999645e-01 1.812500000000000222e-01
6.800000000000001599e-01 7.099999999999999645e-01 2.937500000000000111e-01
6.800000000000001599e-01 7.099999999999999645e-01 2.281250000000000222e-01
6.800000000000001599e-01 7.099999999999999645e-01 2.468750000000000111e-01
6.800000000000001599e-01 7.099999999999999645e-01 3.218750000000000222e-01
6.800000000000001599e-01 7.099999999999999645e-01 3.781250000000000444e-01
6.800000000000001599e-01 7.099999999999999645e-01 1.953125000000000278e-01
6.800000000000001599e-01 7.099999999999999645e-01 2.796875000000000333e-01
6.800000000000001599e-01 7.099999999999999645e-01 3.359375000000000000e-01
6.800000000000001599e-01 7.099999999999999645e-01 3.453125000000000222e-01
6.800000000000001599e-01 7.099999999999999645e-01 3.921875000000000222e-01
6.800000000000001599e-01 7.099999999999999645e-01 4.015625000000000444e-01
6.800000000000001599e-01 7.099999999999999645e-01 4.109375000000000111e-01
6.800000000000001599e-01 7.099999999999999645e-01 4.203124999999999778e-01
6.800000000000001599e-01 8.100000000000000533e-01 2.468750000000000111e-01
6.800000000000001599e-01 8.100000000000000533e-01 1.953125000000000278e-01
6.800000000000001599e-01 8.100000000000000533e-01 2.046875000000000222e-01
6.800000000000001599e-01 8.100000000000000533e-01 2.140625000000000167e-01
6.800000000000001599e-01 8.100000000000000533e-01 2.234375000000000111e-01
6.800000000000001599e-01 8.100000000000000533e-01 2.328125000000000333e-01
6.800000000000001599e-01 8.100000000000000533e-01 2.796875000000000333e-01
6.800000000000001599e-01 8.100000000000000533e-01 2.984375000000000222e-01
6.800000000000001599e-01 8.100000000000000533e-01 3.078125000000000444e-01
6.800000000000001599e-01 8.100000000000000533e-01 3.171875000000000111e-01
6.800000000000001599e-01 8.100000000000000533e-01 3.265625000000000333e-01
6.800000000000001599e-01 8.100000000000000533e-01 4.109375000000000111e-01
6.800000000000001599e-01 8.100000000000000533e-01 4.203124999999999778e-01
6.800000000000001599e-01 7.349999999999999867e-01 4.062500000000000000e-01
6.800000000000001599e-01 7.349999999999999867e-01 1.343750000000000222e-01
6.800000000000001599e-01 7.349999999999999867e-01 1.531250000000000111e-01
6.800000000000001599e-01 7.349999999999999867e-01 2.093750000000000333e-01
6.800000000000001599e-01 7.349999999999999867e-01 2.281250000000000222e-01
6.800000000000001599e-01 7.349999999999999867e-01 2.468750000000000111e-01
6.800000000000001599e-01 7.349999999999999867e-01 2.656250000000000000e-01
6.800000000000001599e-01 7.349999999999999867e-01 2.843750000000000444e-01
6.800000000000001599e-01 7.349999999999999867e-01 3.031250000000000333e-01
6.800000000000001599e-01 7.349999999999999867e-01 3.218750000000000222e-01
6.800000000000001599e-01 7.349999999999999867e-01 3.406250000000000111e-01
6.800000000000001599e-01 7.349999999999999867e-01 3.593750000000000000e-01
6.800000000000001599e-01 7.349999999999999867e-01 3.781250000000000444e-01
6.800000000000001599e-01 7.850000000000000311e-01 3.312500000000000444e-01
6.800000000000001599e-01 7.850000000000000311e-01 1.343750000000000222e-01
6.800000000000001599e-01 7.850000000000000311e-01 1.906250000000000444e-01
6.800000000000001599e-01 7.850000000000000311e-01 2.093750000000000333e-01
6.800000000000001599e-01 7.850000000000000311e-01 2.281250000000000222e-01
6.800000000000001599e-01 7.850000000000000311e-01 2.843750000000000444e-01
6.800000000000001599e-01 7.850000000000000311e-01 3.031250000000000333e-01
6.800000000000001599e-01 7.850000000000000311e-01 3.968750000000000333e-01
6.800000000000001599e-01 7.850000000000000311e-01 4.156250000000000222e-01
6.800000000000001599e-01 7.224999999999999201e-01 2.000000000000000111e-01
6.800000000000001599e-01 7.224999999999999201e-01 1.437500000000000167e-01
6.800000000000001599e-01 7.224999999999999201e-01 2.562500000000000333e-01
6.800000000000001599e-01 7.224999999999999201e-01 2.937500000000000111e-01
6.800000000000001599e-01 7.224999999999999201e-01 3.687500000000000222e-01
6.800000000000001599e-01 7.224999999999999201e-01 4.062500000000000000e-01
6.800000000000001599e-01 7.475000000000000533e-01 1.437500000000000167e-01
6.800000000000001599e-01 7.475000000000000533e-01 2.562500000000000333e-01
6.800000000000001599e-01 7.475000000000000533e-01 2.937500000000000111e-01
6.800000000000001599e-01 7.475000000000000533e-01 3.312500000000000444e-01
6.800000000000001599e-01 7.475000000000000533e-01 3.687500000000000222e-01
6.800000000000001599e-01 7.475000000000000533e-01 4.062500000000000000e-01
6.800000000000001599e-01 7.724999999999999645e-01 1.625000000000000333e-01
6.800000000000001599e-01 7.724999999999999645e-01 2.187500000000000278e-01
6.800000000000001599e-01 7.724999999999999645e-01 2.562500000000000333e-01
6.800000000000001599e-01 7.724999999999999645e-01 2.937500000000000111e-01
6.800000000000001599e-01 7.724999999999999645e-01 3.687500000000000222e-01
6.800000000000001599e-01 7.724999999999999645e-01 4.062500000000000000e-01
6.800000000000001599e-01 7.975000000000000977e-01 2.000000000000000111e-01
6.800000000000001599e-01 7.975000000000000977e-01 1.812500000000000222e-01
6.800000000000001599e-01 7.975000000000000977e-01 2.187500000000000278e-01
6.800000000000001599e-01 7.975000000000000977e-01 2.937500000000000111e-01
6.800000000000001599e-01 7.975000000000000977e-01 4.062500000000000000e-01
6.800000000000001599e-01 7.162499999999999423e-01 3.125000000000000000e-01
6.800000000000001599e-01 7.162499999999999423e-01 3.875000000000000111e-01
6.800000000000001599e-01 7.287500000000000089e-01 3.125000000000000000e-01
6.800000000000001599e-01 7.287500000000000089e-01 3.875000000000000111e-01
6.800000000000001599e-01 7.412499999999999645e-01 1.250000000000000278e-01
6.800000000000001599e-01 7.412499999999999645e-01 4.250000000000000444e-01
6.800000000000001599e-01 7.537500000000000311e-01 3.125000000000000000e-01
6.800000000000001599e-01 7.662499999999999867e-01 2.375000000000000167e-01
6.800000000000001599e-01 7.662499999999999867e-01 3.125000000000000000e-01
6.800000000000001599e-01 7.662499999999999867e-01 3.875000000000000111e-01
6.800000000000001599e-01 7.787500000000000533e-01 2.000000000000000111e-01
6.800000000000001599e-01 7.787500000000000533e-01 2.375000000000000167e-01
6.800000000000001599e-01 7.787500000000000533e-01 3.125000000000000000e-01
6.800000000000001599e-01 7.787500000000000533e-01 3.875000000000000111e-01
6.800000000000001599e-01 7.912500000000000089e-01 1.625000000000000333e-01
6.800000000000001599e-01 7.912500000000000089e-01 2.375000000000000167e-01
6.800000000000001599e-01 7.912500000000000089e-01 3.125000000000000000e-01
6.800000000000001599e-01 7.912500000000000089e-01 3.875000000000000111e-01
6.800000000000001599e-01 8.037500000000000755e-01 1.250000000000000278e-01
6.800000000000001599e-01 8.037500000000000755e-01 2.375000000000000167e-01
6.800000000000001599e-01 8.037500000000000755e-01 3.125000000000000000e-01
6.800000000000001599e-01 8.037500000000000755e-01 3.875000000000000111e-01
6.800000000000001599e-01 7.131250000000000089e-01 2.750000000000000222e-01
6.800000000000001599e-01 7.131250000000000089e-01 3.500000000000000333e-01
6.800000000000001599e-01 7.193749999999999867e-01 2.750000000000000222e-01
6.800000000000001599e-01 7.193749999999999867e-01 3.500000000000000333e-01
6.800000000000001599e-01 7.256249999999999645e-01 3.500000000000000333e-01
6.800000000000001599e-01 7.318749999999999423e-01 3.500000000000000333e-01
6.800000000000001599e-01 7.381250000000000311e-01 2.750000000000000222e-01
6.800000000000001599e-01 7.443750000000000089e-01 2.750000000000000222e-01
6.800000000000001599e-01 7.568749999999999645e-01 3.500000000000000333e-01
6.800000000000001599e-01 7.631250000000000533e-01 2.750000000000000222e-01
6.800000000000001599e-01 7.631250000000000533e-01 3.500000000000000333e-01
6.800000000000001599e-01 7.693750000000000311e-01 3.500000000000000333e-01
6.800000000000001599e-01 7.756250000000000089e-01 2.750000000000000222e-01
6.800000000000001599e-01 7.756250000000000089e-01 3.500000000000000333e-01
6.800000000000001599e-01 7.818749999999999867e-01 2.750000000000000222e-01
6.800000000000001599e-01 7.881250000000000755e-01 2.750000000000000222e-01
6.800000000000001599e-01 7.943750000000000533e-01 2.750000000000000222e-01
6.800000000000001599e-01 8.006250000000000311e-01 2.750000000000000222e-01
6.800000000000001599e-01 8.006250000000000311e-01 3.500000000000000333e-01
6.800000000000001599e-01 8.068750000000000089e-01 2.750000000000000222e-01
6.800000000000001599e-01 8.068750000000000089e-01 3.500000000000000333e-01
6.800000000000001599e-01 7.115624999999999867e-01 4.250000000000000444e-01
6.800000000000001599e-01 7.146874999999999201e-01 4.250000000000000444e-01
6.800000000000001599e-01 7.178124999999999645e-01 4.250000000000000444e-01
6.800000000000001599e-01 7.209375000000000089e-01 4.250000000000000444e-01
6.800000000000001599e-01 7.553125000000000533e-01 4.250000000000000444e-01
6.800000000000001599e-01 7.584374999999999867e-01 4.250000000000000444e-01
6.800000000000001599e-01 7.615625000000000311e-01 4.250000000000000444e-01
6.800000000000001599e-01 7.646874999999999645e-01 4.250000000000000444e-01
6.800000000000001599e-01 7.740624999999999867e-01 4.250000000000000444e-01
6.800000000000001599e-01 7.771875000000000311e-01 4.250000000000000444e-01
6.800000000000001599e-01 7.803125000000000755e-01 4.250000000000000444e-01
6.800000000000001599e-01 7.834375000000000089e-01 4.250000000000000444e-01
6.800000000000001599e-01 7.865625000000000533e-01 1.250000000000000278e-01
6.800000000000001599e-01 7.896874999999999867e-01 1.250000000000000278e-01
6.800000000000001599e-01 7.928125000000000311e-01 1.250000000000000278e-01
6.800000000000001599e-01 7.928125000000000311e-01 4.250000000000000444e-01
6.800000000000001599e-01 7.959375000000000755e-01 1.250000000000000278e-01
6.800000000000001599e-01 7.959375000000000755e-01 4.250000000000000444e-01
6.800000000000001599e-01 7.592187500000000533e-01 2.750000000000000222e-01
7.900000000000000355e-01 7.600000000000000089e-01 3.031250000000000333e-01
7.900000000000000355e-01 7.600000000000000089e-01 3.218750000000000222e-01
7.900000000000000355e-01 7.600000000000000089e-01 3.406250000000000111e-01
7.900000000000000355e-01 7.600000000000000089e-01 1.835937500000000278e-01
7.900000000000000355e-01 7.600000000000000089e-01 1.882812500000000111e-01
7.900000000000000355e-01 7.600000000000000089e-01 1.929687500000000222e-01
7.900000000000000355e-01 7.600000000000000089e-01 1.976562500000000333e-01
7.900000000000000355e-01 7.600000000000000089e-01 2.304687500000000278e-01
7.900000000000000355e-01 7.600000000000000089e-01 2.351562500000000111e-01
7.900000000000000355e-01 7.600000000000000089e-01 2.398437500000000222e-01
7.900000000000000355e-01 7.600000000000000089e-01 2.445312500000000333e-01
7.900000000000000355e-01 7.600000000000000089e-01 2.492187500000000167e-01
7.900000000000000355e-01 7.600000000000000089e-01 2.539062500000000000e-01
7.900000000000000355e-01 7.600000000000000089e-01 2.773437500000000000e-01
7.900000000000000355e-01 7.600000000000000089e-01 2.820312500000000111e-01
7.900000000000000355e-01 7.600000000000000089e-01 3.523437500000000111e-01
7.900000000000000355e-01 7.600000000000000089e-01 3.570312500000000222e-01
7.900000000000000355e-01 7.600000000000000089e-01 3.617187500000000333e-01
7.900000000000000355e-01 7.600000000000000089e-01 3.664062500000000444e-01
7.900000000000000355e-01 7.600000000000000089e-01 3.710937500000000000e-01
7.900000000000000355e-01 7.600000000000000089e-01 3.757812500000000111e-01
7.900000000000000355e-01 7.600000000000000089e-01 3.804687500000000222e-01
7.900000000000000355e-01 7.600000000000000089e-01 3.851562500000000333e-01
7.900000000000000355e-01 7.600000000000000089e-01 3.898437500000000444e-01
7.900000000000000355e-01 7.600000000000000089e-01 3.945312500000000000e-01
7.900000000000000355e-01 7.600000000000000089e-01 3.992187500000000111e-01
7.900000000000000355e-01 7.600000000000000089e-01 4.039062500000000222e-01
7.900000000000000355e-01 7.600000000000000089e-01 4.179687500000000000e-01
7.900000000000000355e-01 7.600000000000000089e-01 4.226562500000000111e-01
7.900000000000000355e-01 7.099999999999999645e-01 3.218750000000000222e-01
7.900000000000000355e-01 7.099999999999999645e-01 1.859375000000000333e-01
7.900000000000000355e-01 7.099999999999999645e-01 1.953125000000000278e-01
7.900000000000000355e-01 7.099999999999999645e-01 2.234375000000000111e-01
7.900000000000000355e-01 7.099999999999999645e-01 2.328125000000000333e-01
7.900000000000000355e-01 7.099999999999999645e-01 2.421875000000000278e-01
7.900000000000000355e-01 7.099999999999999645e-01 2.515625000000000222e-01
7.900000000000000355e-01 7.099999999999999645e-01 2.796875000000000333e-01
7.900000000000000355e-01 7.099999999999999645e-01 2.984375000000000222e-01
7.900000000000000355e-01 7.099999999999999645e-01 3.078125000000000444e-01
7.900000000000000355e-01 7.099999999999999645e-01 3.359375000000000000e-01
7.900000000000000355e-01 7.099999999999999645e-01 3.453125000000000222e-01
7.900000000000000355e-01 7.099999999999999645e-01 3.546875000000000444e-01
7.900000000000000355e-01 7.099999999999999645e-01 3.640625000000000111e-01
7.900000000000000355e-01 7.099999999999999645e-01 3.734375000000000333e-01
7.900000000000000355e-01 7.099999999999999645e-01 3.828125000000000000e-01
7.900000000000000355e-01 7.099999999999999645e-01 3.921875000000000222e-01
7.900000000000000355e-01 7.099999999999999645e-01 4.015625000000000444e-01
7.900000000000000355e-01 7.099999999999999645e-01 4.109375000000000111e-01
7.900000000000000355e-01 7.099999999999999645e-01 4.203124999999999778e-01
7.900000000000000355e-01 8.100000000000000533e-01 1.437500000000000167e-01
7.900000000000000355e-01 8.100000000000000533e-01 1.859375000000000333e-01
7.900000000000000355e-01 8.100000000000000533e-01 1.953125000000000278e-01
7.900000000000000355e-01 8.100000000000000533e-01 2.328125000000000333e-01
7.900000000000000355e-01 8.100000000000000533e-01 2.421875000000000278e-01
7.900000000000000355e-01 8.100000000000000533e-01 2.515625000000000222e-01
7.900000000000000355e-01 8.100000000000000533e-01 2.796875000000000333e-01
7.900000000000000355e-01 8.100000000000000533e-01 3.171875000000000111e-01
7.900000000000000355e-01 8.100000000000000533e-01 3.265625000000000333e-01
7.900000000000000355e-01 8.100000000000000533e-01 3.546875000000000444e-01
7.900000000000000355e-01 8.100000000000000533e-01 3.640625000000000111e-01
7.900000000000000355e-01 8.100000000000000533e-01 3.734375000000000333e-01
7.900000000000000355e-01 8.100000000000000533e-01 3.828125000000000000e-01
7.900000000000000355e-01 8.100000000000000533e-01 3.921875000000000222e-01
7.900000000000000355e-01 8.100000000000000533e-01 4.015625000000000444e-01
7.900000000000000355e-01 8.100000000000000533e-01 4.109375000000000111e-01
7.900000000000000355e-01 8.100000000000000533e-01 4.203124999999999778e-01
7.900000000000000355e-01 7.349999999999999867e-01 1.906250000000000444e-01
7.900000000000000355e-01 7.349999999999999867e-01 2.281250000000000222e-01
7.900000000000000355e-01 7.349999999999999867e-01 2.468750000000000111e-01
7.900000000000000355e-01 7.349999999999999867e-01 2.656250000000000000e-01
7.900000000000000355e-01 7.349999999999999867e-01 2.843750000000000444e-01
7.900000000000000355e-01 7.349999999999999867e-01 3.031250000000000333e-01
7.900000000000000355e-01 7.349999999999999867e-01 3.218750000000000222e-01
7.900000000000000355e-01 7.349999999999999867e-01 3.406250000000000111e-01
7.900000000000000355e-01 7.349999999999999867e-01 3.593750000000000000e-01
7.900000000000000355e-01 7.349999999999999867e-01 3.781250000000000444e-01
7.900000000000000355e-01 7.349999999999999867e-01 3.968750000000000333e-01
7.900000000000000355e-01 7.349999999999999867e-01 4.156250000000000222e-01
7.900000000000000355e-01 7.850000000000000311e-01 3.312500000000000444e-01
7.900000000000000355e-01 7.850000000000000311e-01 1.343750000000000222e-01
7.900000000000000355e-01 7.850000000000000311e-01 1.531250000000000111e-01
7.900000000000000355e-01 7.850000000000000311e-01 1.906250000000000444e-01
7.900000000000000355e-01 7.850000000000000311e-01 2.843750000000000444e-01
7.900000000000000355e-01 7.850000000000000311e-01 3.593750000000000000e-01
7.900000000000000355e-01 7.850000000000000311e-01 3.781250000000000444e-01
7.900000000000000355e-01 7.850000000000000311e-01 3.968750000000000333e-01
7.900000000000000355e-01 7.850000000000000311e-01 4.156250000000000222e-01
7.900000000000000355e-01 7.224999999999999201e-01 2.937500000000000111e-01
7.900000000000000355e-01 7.224999999999999201e-01 3.312500000000000444e-01
7.900000000000000355e-01 7.224999999999999201e-01 3.687500000000000222e-01
7.900000000000000355e-01 7.224999999999999201e-01 4.062500000000000000e-01
7.900000000000000355e-01 7.475000000000000533e-01 2.187500000000000278e-01
7.900000000000000355e-01 7.475000000000000533e-01 2.562500000000000333e-01
7.900000000000000355e-01 7.475000000000000533e-01 2.937500000000000111e-01
7.900000000000000355e-01 7.475000000000000533e-01 3.312500000000000444e-01
7.900000000000000355e-01 7.475000000000000533e-01 3.687500000000000222e-01
7.900000000000000355e-01 7.475000000000000533e-01 4.062500000000000000e-01
7.900000000000000355e-01 7.724999999999999645e-01 2.187500000000000278e-01
7.900000000000000355e-01 7.724999999999999645e-01 2.562500000000000333e-01
7.900000000000000355e-01 7.724999999999999645e-01 2.937500000000000111e-01
7.900000000000000355e-01 7.724999999999999645e-01 3.687500000000000222e-01
7.900000000000000355e-01 7.724999999999999645e-01 4.062500000000000000e-01
7.900000000000000355e-01 7.975000000000000977e-01 1.812500000000000222e-01
7.900000000000000355e-01 7.975000000000000977e-01 2.937500000000000111e-01
7.900000000000000355e-01 7.975000000000000977e-01 3.687500000000000222e-01
7.900000000000000355e-01 7.975000000000000977e-01 4.062500000000000000e-01
7.900000000000000355e-01 7.162499999999999423e-01 3.125000000000000000e-01
7.900000000000000355e-01 7.162499999999999423e-01 3.875000000000000111e-01
7.900000000000000355e-01 7.287500000000000089e-01 1.250000000000000278e-01
7.900000000000000355e-01 7.287500000000000089e-01 3.125000000000000000e-01
7.900000000000000355e-01 7.287500000000000089e-01 3.875000000000000111e-01
7.900000000000000355e-01 7.412499999999999645e-01 2.375000000000000167e-01
7.900000000000000355e-01 7.412499999999999645e-01 3.125000000000000000e-01
7.900000000000000355e-01 7.412499999999999645e-01 3.875000000000000111e-01
7.900000000000000355e-01 7.537500000000000311e-01 2.375000000000000167e-01
7.900000000000000355e-01 7.537500000000000311e-01 3.125000000000000000e-01
7.900000000000000355e-01 7.537500000000000311e-01 3.875000000000000111e-01
7.900000000000000355e-01 7.662499999999999867e-01 1.250000000000000278e-01
7.900000000000000355e-01 7.662499999999999867e-01 2.375000000000000167e-01
7.900000000000000355e-01 7.662499999999999867e-01 3.125000000000000000e-01
7.900000000000000355e-01 7.662499999999999867e-01 3.875000000000000111e-01
7.900000000000000355e-01 7.787500000000000533e-01 1.250000000000000278e-01
7.900000000000000355e-01 7.787500000000000533e-01 2.375000000000000167e-01
7.900000000000000355e-01 7.787500000000000533e-01 3.125000000000000000e-01
7.900000000000000355e-01 7.787500000000000533e-01 3.875000000000000111e-01
7.900000000000000355e-01 7.912500000000000089e-01 3.125000000000000000e-01
7.900000000000000355e-01 7.912500000000000089e-01 3.875000000000000111e-01
7.900000000000000355e-01 8.037500000000000755e-01 1.250000000000000278e-01
7.900000000000000355e-01 8.037500000000000755e-01 3.125000000000000000e-01
7.900000000000000355e-01 8.037500000000000755e-01 3.875000000000000111e-01
7.900000000000000355e-01 7.131250000000000089e-01 2.750000000000000222e-01
7.900000000000000355e-01 7.131250000000000089e-01 3.500000000000000333e-01
7.900000000000000355e-01 7.193749999999999867e-01 2.750000000000000222e-01
7.900000000000000355e-01 7.193749999999999867e-01 3.500000000000000333e-01
7.900000000000000355e-01 7.256249999999999645e-01 3.500000000000000333e-01
7.900000000000000355e-01 7.318749999999999423e-01 3.500000000000000333e-01
7.900000000000000355e-01 7.381250000000000311e-01 3.500000000000000333e-01
7.900000000000000355e-01 7.443750000000000089e-01 3.500000000000000333e-01
7.900000000000000355e-01 7.506249999999999867e-01 2.750000000000000222e-01
7.900000000000000355e-01 7.506249999999999867e-01 3.500000000000000333e-01
7.900000000000000355e-01 7.568749999999999645e-01 3.500000000000000333e-01
7.900000000000000355e-01 7.631250000000000533e-01 2.750000000000000222e-01
7.900000000000000355e-01 7.631250000000000533e-01 3.500000000000000333e-01
7.900000000000000355e-01 7.693750000000000311e-01 2.750000000000000222e-01
7.900000000000000355e-01 7.693750000000000311e-01 3.500000000000000333e-01
7.900000000000000355e-01 7.756250000000000089e-01 2.750000000000000222e-01
7.900000000000000355e-01 7.756250000000000089e-01 2.000000000000000111e-01
7.900000000000000355e-01 7.756250000000000089e-01 3.500000000000000333e-01
7.900000000000000355e-01 7.818749999999999867e-01 2.750000000000000222e-01
7.900000000000000355e-01 7.818749999999999867e-01 2.000000000000000111e-01
7.900000000000000355e-01 7.881250000000000755e-01 3.500000000000000333e-01
7.900000000000000355e-01 7.943750000000000533e-01 3.500000000000000333e-01
7.900000000000000355e-01 8.006250000000000311e-01 2.750000000000000222e-01
7.900000000000000355e-01 8.006250000000000311e-01 3.500000000000000333e-01
7.900000000000000355e-01 7.115624999999999867e-01 4.250000000000000444e-01
7.900000000000000355e-01 7.146874999999999201e-01 4.250000000000000444e-01
7.900000000000000355e-01 7.178124999999999645e-01 4.250000000000000444e-01
7.900000000000000355e-01 7.209375000000000089e-01 4.250000000000000444e-01
7.900000000000000355e-01 7.490624999999999645e-01 4.250000000000000444e-01
7.900000000000000355e-01 7.521875000000000089e-01 4.250000000000000444e-01
7.900000000000000355e-01 7.553125000000000533e-01 4.250000000000000444e-01
7.900000000000000355e-01 7.584374999999999867e-01 1.250000000000000278e-01
7.900000000000000355e-01 7.584374999999999867e-01 4.250000000000000444e-01
7.900000000000000355e-01 7.615625000000000311e-01 4.250000000000000444e-01
7.900000000000000355e-01 7.646874999999999645e-01 4.250000000000000444e-01
7.900000000000000355e-01 7.740624999999999867e-01 4.250000000000000444e-01
7.900000000000000355e-01 7.771875000000000311e-01 4.250000000000000444e-01
7.900000000000000355e-01 7.990625000000000089e-01 4.250000000000000444e-01
7.900000000000000355e-01 8.021875000000000533e-01 4.250000000000000444e-01
7.900000000000000355e-01 7.576562500000000311e-01 2.750000000000000222e-01
7.900000000000000355e-01 7.592187500000000533e-01 2.750000000000000222e-01
7.075000000000001288e-01 7.600000000000000089e-01 1.812500000000000222e-01
7.075000000000001288e-01 7.600000000000000089e-01 2.937500000000000111e-01
7.075000000000001288e-01 7.600000000000000089e-01 3.687500000000000222e-01
7.075000000000001288e-01 7.600000000000000089e-01 4.062500000000000000e-01
7.075000000000001288e-01 7.600000000000000089e-01 1.343750000000000222e-01
7.075000000000001288e-01 7.600000000000000089e-01 2.468750000000000111e-01
7.075000000000001288e-01 7.600000000000000089e-01 1.953125000000000278e-01
7.075000000000001288e-01 7.600000000000000089e-01 2.796875000000000333e-01
7.075000000000001288e-01 7.099999999999999645e-01 1.343750000000000222e-01
7.075000000000001288e-01 7.099999999999999645e-01 1.531250000000000111e-01
7.075000000000001288e-01 7.099999999999999645e-01 3.406250000000000111e-01
7.075000000000001288e-01 7.099999999999999645e-01 3.968750000000000333e-01
7.075000000000001288e-01 7.099999999999999645e-01 4.156250000000000222e-01
7.075000000000001288e-01 8.100000000000000533e-01 2.093750000000000333e-01
7.075000000000001288e-01 8.100000000000000533e-01 2.281250000000000222e-01
7.075000000000001288e-01 8.100000000000000533e-01 2.843750000000000444e-01
7.075000000000001288e-01 8.100000000000000533e-01 3.031250000000000333e-01
7.075000000000001288e-01 8.100000000000000533e-01 3.218750000000000222e-01
7.075000000000001288e-01 8.100000000000000533e-01 3.968750000000000333e-01
7.075000000000001288e-01 8.100000000000000533e-01 4.156250000000000222e-01
7.075000000000001288e-01 7.349999999999999867e-01 2.000000000000000111e-01
7.075000000000001288e-01 7.349999999999999867e-01 1.437500000000000167e-01
7.075000000000001288e-01 7.349999999999999867e-01 2.187500000000000278e-01
7.075000000000001288e-01 7.349999999999999867e-01 2.562500000000000333e-01
7.075000000000001288e-01 7.349999999999999867e-01 2.937500000000000111e-01
7.075000000000001288e-01 7.349999999999999867e-01 3.312500000000000444e-01
7.075000000000001288e-01 7.349999999999999867e-01 3.687500000000000222e-01
7.075000000000001288e-01 7.850000000000000311e-01 3.875000000000000111e-01
7.075000000000001288e-01 7.850000000000000311e-01 2.187500000000000278e-01
7.075000000000001288e-01 7.850000000000000311e-01 2.562500000000000333e-01
7.075000000000001288e-01 7.850000000000000311e-01 4.062500000000000000e-01
7.075000000000001288e-01 7.224999999999999201e-01 1.625000000000000333e-01
7.075000000000001288e-01 7.224999999999999201e-01 3.125000000000000000e-01
7.075000000000001288e-01 7.224999999999999201e-01 3.875000000000000111e-01
7.075000000000001288e-01 7.475000000000000533e-01 1.625000000000000333e-01
7.075000000000001288e-01 7.475000000000000533e-01 3.125000000000000000e-01
7.075000000000001288e-01 7.475000000000000533e-01 3.875000000000000111e-01
7.075000000000001288e-01 7.724999999999999645e-01 2.375000000000000167e-01
7.075000000000001288e-01 7.724999999999999645e-01 3.125000000000000000e-01
7.075000000000001288e-01 7.724999999999999645e-01 3.875000000000000111e-01
7.075000000000001288e-01 7.975000000000000977e-01 4.250000000000000444e-01
7.075000000000001288e-01 7.975000000000000977e-01 2.375000000000000167e-01
7.075000000000001288e-01 7.975000000000000977e-01 3.125000000000000000e-01
7.075000000000001288e-01 7.975000000000000977e-01 3.875000000000000111e-01
7.075000000000001288e-01 7.162499999999999423e-01 2.750000000000000222e-01
7.075000000000001288e-01 7.162499999999999423e-01 3.500000000000000333e-01
7.075000000000001288e-01 7.287500000000000089e-01 2.750000000000000222e-01
7.075000000000001288e-01 7.287500000000000089e-01 3.500000000000000333e-01
7.075000000000001288e-01 7.412499999999999645e-01 3.500000000000000333e-01
7.075000000000001288e-01 7.537500000000000311e-01 3.500000000000000333e-01
7.075000000000001288e-01 7.662499999999999867e-01 2.750000000000000222e-01
7.075000000000001288e-01 7.662499999999999867e-01 2.000000000000000111e-01
7.075000000000001288e-01 7.662499999999999867e-01 3.500000000000000333e-01
7.075000000000001288e-01 7.787500000000000533e-01 2.750000000000000222e-01
7.075000000000001288e-01 7.787500000000000533e-01 2.000000000000000111e-01
7.075000000000001288e-01 7.912500000000000089e-01 2.000000000000000111e-01
7.075000000000001288e-01 7.912500000000000089e-01 3.500000000000000333e-01
7.075000000000001288e-01 8.037500000000000755e-01 2.750000000000000222e-01
7.075000000000001288e-01 8.037500000000000755e-01 3.500000000000000333e-01
7.075000000000001288e-01 7.131250000000000089e-01 4.250000000000000444e-01
7.075000000000001288e-01 7.381250000000000311e-01 1.250000000000000278e-01
7.075000000000001288e-01 7.381250000000000311e-01 4.250000000000000444e-01
7.075000000000001288e-01 7.443750000000000089e-01 1.250000000000000278e-01
7.075000000000001288e-01 7.443750000000000089e-01 4.250000000000000444e-01
7.075000000000001288e-01 7.568749999999999645e-01 4.250000000000000444e-01
7.075000000000001288e-01 7.631250000000000533e-01 4.250000000000000444e-01
7.075000000000001288e-01 7.693750000000000311e-01 4.250000000000000444e-01
7.075000000000001288e-01 7.756250000000000089e-01 4.250000000000000444e-01
7.075000000000001288e-01 7.818749999999999867e-01 4.250000000000000444e-01
7.075000000000001288e-01 7.881250000000000755e-01 2.750000000000000222e-01
7.075000000000001288e-01 7.943750000000000533e-01 2.750000000000000222e-01
7.075000000000001288e-01 7.365625000000000089e-01 2.750000000000000222e-01
7.075000000000001288e-01 7.396874999999999423e-01 2.750000000000000222e-01
7.075000000000001288e-01 7.428124999999999867e-01 2.750000000000000222e-01
7.075000000000001288e-01 7.459375000000000311e-01 2.750000000000000222e-01
7.625000000000000666e-01 7.600000000000000089e-01 3.312500000000000444e-01
7.625000000000000666e-01 7.600000000000000089e-01 2.468750000000000111e-01
7.625000000000000666e-01 7.600000000000000089e-01 3.968750000000000333e-01
7.625000000000000666e-01 7.600000000000000089e-01 4.156250000000000222e-01
7.625000000000000666e-01 7.600000000000000089e-01 1.859375000000000333e-01
7.625000000000000666e-01 7.600000000000000089e-01 1.953125000000000278e-01
7.625000000000000666e-01 7.600000000000000089e-01 2.796875000000000333e-01
7.625000000000000666e-01 7.600000000000000089e-01 2.984375000000000222e-01
7.625000000000000666e-01 7.600000000000000089e-01 3.078125000000000444e-01
7.625000000000000666e-01 7.600000000000000089e-01 3.734375000000000333e-01
7.625000000000000666e-01 7.600000000000000089e-01 3.828125000000000000e-01
7.625000000000000666e-01 7.099999999999999645e-01 1.906250000000000444e-01
7.625000000000000666e-01 7.099999999999999645e-01 2.093750000000000333e-01
7.625000000000000666e-01 7.099999999999999645e-01 2.281250000000000222e-01
7.625000000000000666e-01 7.099999999999999645e-01 2.468750000000000111e-01
7.625000000000000666e-01 7.099999999999999645e-01 2.656250000000000000e-01
7.625000000000000666e-01 7.099999999999999645e-01 2.843750000000000444e-01
7.625000000000000666e-01 7.099999999999999645e-01 3.031250000000000333e-01
7.625000000000000666e-01 7.099999999999999645e-01 3.406250000000000111e-01
7.625000000000000666e-01 7.099999999999999645e-01 3.593750000000000000e-01
7.625000000000000666e-01 7.099999999999999645e-01 3.781250000000000444e-01
7.625000000000000666e-01 7.099999999999999645e-01 3.968750000000000333e-01
7.625000000000000666e-01 7.099999999999999645e-01 4.156250000000000222e-01
7.625000000000000666e-01 8.100000000000000533e-01 1.906250000000000444e-01
7.625000000000000666e-01 8.100000000000000533e-01 2.281250000000000222e-01
7.625000000000000666e-01 8.100000000000000533e-01 2.843750000000000444e-01
7.625000000000000666e-01 8.100000000000000533e-01 3.031250000000000333e-01
7.625000000000000666e-01 8.100000000000000533e-01 3.218750000000000222e-01
7.625000000000000666e-01 8.100000000000000533e-01 3.593750000000000000e-01
7.625000000000000666e-01 8.100000000000000533e-01 3.781250000000000444e-01
7.625000000000000666e-01 8.100000000000000533e-01 3.968750000000000333e-01
7.625000000000000666e-01 8.100000000000000533e-01 4.156250000000000222e-01
7.625000000000000666e-01 7.349999999999999867e-01 2.187500000000000278e-01
7.625000000000000666e-01 7.349999999999999867e-01 2.562500000000000333e-01
7.625000000000000666e-01 7.349999999999999867e-01 2.937500000000000111e-01
7.625000000000000666e-01 7.349999999999999867e-01 3.312500000000000444e-01
7.625000000000000666e-01 7.349999999999999867e-01 3.687500000000000222e-01
7.625000000000000666e-01 7.349999999999999867e-01 4.062500000000000000e-01
7.625000000000000666e-01 7.850000000000000311e-01 2.937500000000000111e-01
7.625000000000000666e-01 7.850000000000000311e-01 3.687500000000000222e-01
7.625000000000000666e-01 7.850000000000000311e-01 4.062500000000000000e-01
7.625000000000000666e-01 7.224999999999999201e-01 2.375000000000000167e-01
7.625000000000000666e-01 7.224999999999999201e-01 3.125000000000000000e-01
7.625000000000000666e-01 7.224999999999999201e-01 3.875000000000000111e-01
7.625000000000000666e-01 7.475000000000000533e-01 2.375000000000000167e-01
7.625000000000000666e-01 7.475000000000000533e-01 3.125000000000000000e-01
7.625000000000000666e-01 7.475000000000000533e-01 3.875000000000000111e-01
7.625000000000000666e-01 7.724999999999999645e-01 2.000000000000000111e-01
7.625000000000000666e-01 7.724999999999999645e-01 1.625000000000000333e-01
7.625000000000000666e-01 7.724999999999999645e-01 2.375000000000000167e-01
7.625000000000000666e-01 7.724999999999999645e-01 3.875000000000000111e-01
7.625000000000000666e-01 7.975000000000000977e-01 3.125000000000000000e-01
7.625000000000000666e-01 7.975000000000000977e-01 3.875000000000000111e-01
7.625000000000000666e-01 7.162499999999999423e-01 2.750000000000000222e-01
7.625000000000000666e-01 7.162499999999999423e-01 3.500000000000000333e-01
7.625000000000000666e-01 7.287500000000000089e-01 2.750000000000000222e-01
7.625000000000000666e-01 7.287500000000000089e-01 3.500000000000000333e-01
7.625000000000000666e-01 7.412499999999999645e-01 2.750000000000000222e-01
7.625000000000000666e-01 7.537500000000000311e-01 2.750000000000000222e-01
7.625000000000000666e-01 7.537500000000000311e-01 3.500000000000000333e-01
7.625000000000000666e-01 7.662499999999999867e-01 3.500000000000000333e-01
7.625000000000000666e-01 7.787500000000000533e-01 3.500000000000000333e-01
7.625000000000000666e-01 7.912500000000000089e-01 3.500000000000000333e-01
7.625000000000000666e-01 8.037500000000000755e-01 2.750000000000000222e-01
7.625000000000000666e-01 8.037500000000000755e-01 3.500000000000000333e-01
7.625000000000000666e-01 7.131250000000000089e-01 4.250000000000000444e-01
7.625000000000000666e-01 7.193749999999999867e-01 4.250000000000000444e-01
7.625000000000000666e-01 7.256249999999999645e-01 1.250000000000000278e-01
7.625000000000000666e-01 7.318749999999999423e-01 1.250000000000000278e-01
7.625000000000000666e-01 7.381250000000000311e-01 4.250000000000000444e-01
7.625000000000000666e-01 7.443750000000000089e-01 4.250000000000000444e-01
7.625000000000000666e-01 7.506249999999999867e-01 4.250000000000000444e-01
7.625000000000000666e-01 7.568749999999999645e-01 4.250000000000000444e-01
7.625000000000000666e-01 7.631250000000000533e-01 4.250000000000000444e-01
7.625000000000000666e-01 7.756250000000000089e-01 4.250000000000000444e-01
7.625000000000000666e-01 7.818749999999999867e-01 4.250000000000000444e-01
7.625000000000000666e-01 7.881250000000000755e-01 4.250000000000000444e-01
7.625000000000000666e-01 7.943750000000000533e-01 4.250000000000000444e-01
7.625000000000000666e-01 8.006250000000000311e-01 4.250000000000000444e-01
7.625000000000000666e-01 8.068750000000000089e-01 4.250000000000000444e-01
7.625000000000000666e-01 7.584374999999999867e-01 2.750000000000000222e-01
6.937500000000000888e-01 7.600000000000000089e-01 3.125000000000000000e-01
6.937500000000000888e-01 7.600000000000000089e-01 3.875000000000000111e-01
6.937500000000000888e-01 7.099999999999999645e-01 1.437500000000000167e-01
6.937500000000000888e-01 7.099999999999999645e-01 2.937500000000000111e-01
6.937500000000000888e-01 7.099999999999999645e-01 3.312500000000000444e-01
6.937500000000000888e-01 8.100000000000000533e-01 2.187500000000000278e-01
6.937500000000000888e-01 8.100000000000000533e-01 2.562500000000000333e-01
6.937500000000000888e-01 8.100000000000000533e-01 2.937500000000000111e-01
6.937500000000000888e-01 8.100000000000000533e-01 3.687500000000000222e-01
6.937500000000000888e-01 8.100000000000000533e-01 4.062500000000000000e-01
6.937500000000000888e-01 7.349999999999999867e-01 1.625000000000000333e-01
6.937500000000000888e-01 7.349999999999999867e-01 2.375000000000000167e-01
6.937500000000000888e-01 7.349999999999999867e-01 3.125000000000000000e-01
6.937500000000000888e-01 7.349999999999999867e-01 3.875000000000000111e-01
6.937500000000000888e-01 7.850000000000000311e-01 2.375000000000000167e-01
6.937500000000000888e-01 7.224999999999999201e-01 1.250000000000000278e-01
6.937500000000000888e-01 7.224999999999999201e-01 4.250000000000000444e-01
6.937500000000000888e-01 7.224999999999999201e-01 2.000000000000000111e-01
6.937500000000000888e-01 7.224999999999999201e-01 3.500000000000000333e-01
6.937500000000000888e-01 7.475000000000000533e-01 2.000000000000000111e-01
6.937500000000000888e-01 7.475000000000000533e-01 3.500000000000000333e-01
6.937500000000000888e-01 7.724999999999999645e-01 2.750000000000000222e-01
6.937500000000000888e-01 7.724999999999999645e-01 2.000000000000000111e-01
6.937500000000000888e-01 7.724999999999999645e-01 3.500000000000000333e-01
6.937500000000000888e-01 7.975000000000000977e-01 2.750000000000000222e-01
6.937500000000000888e-01 7.975000000000000977e-01 3.500000000000000333e-01
6.937500000000000888e-01 7.162499999999999423e-01 2.750000000000000222e-01
6.937500000000000888e-01 7.287500000000000089e-01 2.750000000000000222e-01
6.937500000000000888e-01 7.537500000000000311e-01 4.250000000000000444e-01
6.937500000000000888e-01 7.787500000000000533e-01 4.250000000000000444e-01
6.937500000000000888e-01 7.912500000000000089e-01 1.250000000000000278e-01
6.937500000000000888e-01 7.912500000000000089e-01 4.250000000000000444e-01
6.937500000000000888e-01 8.037500000000000755e-01 4.250000000000000444e-01
7.212500000000000577e-01 7.600000000000000089e-01 1.625000000000000333e-01
7.212500000000000577e-01 7.099999999999999645e-01 2.000000000000000111e-01
7.212500000000000577e-01 7.099999999999999645e-01 1.437500000000000167e-01
7.212500000000000577e-01 8.100000000000000533e-01 2.937500000000000111e-01
7.212500000000000577e-01 8.100000000000000533e-01 3.312500000000000444e-01
7.212500000000000577e-01 8.100000000000000533e-01 3.687500000000000222e-01
7.212500000000000577e-01 8.100000000000000533e-01 4.062500000000000000e-01
7.212500000000000577e-01 7.349999999999999867e-01 1.250000000000000278e-01
7.212500000000000577e-01 7.349999999999999867e-01 1.625000000000000333e-01
7.212500000000000577e-01 7.349999999999999867e-01 3.875000000000000111e-01
7.212500000000000577e-01 7.850000000000000311e-01 2.000000000000000111e-01
7.212500000000000577e-01 7.850000000000000311e-01 3.125000000000000000e-01
7.212500000000000577e-01 7.850000000000000311e-01 3.875000000000000111e-01
7.212500000000000577e-01 7.224999999999999201e-01 2.750000000000000222e-01
7.212500000000000577e-01 7.475000000000000533e-01 1.250000000000000278e-01
7.212500000000000577e-01 7.724999999999999645e-01 2.750000000000000222e-01
7.212500000000000577e-01 7.724999999999999645e-01 2.000000000000000111e-01
7.212500000000000577e-01 7.724999999999999645e-01 3.500000000000000333e-01
7.212500000000000577e-01 7.975000000000000977e-01 2.750000000000000222e-01
7.212500000000000577e-01 7.975000000000000977e-01 3.500000000000000333e-01
7.212500000000000577e-01 7.162499999999999423e-01 4.250000000000000444e-01
7.212500000000000577e-01 7.287500000000000089e-01 4.250000000000000444e-01
7.212500000000000577e-01 7.537500000000000311e-01 4.250000000000000444e-01
7.212500000000000577e-01 7.662499999999999867e-01 4.250000000000000444e-01
7.212500000000000577e-01 7.787500000000000533e-01 4.250000000000000444e-01
7.212500000000000577e-01 7.912500000000000089e-01 1.250000000000000278e-01
7.212500000000000577e-01 7.912500000000000089e-01 4.250000000000000444e-01
7.212500000000000577e-01 8.037500000000000755e-01 4.250000000000000444e-01
7.487500000000001377e-01 7.600000000000000089e-01 2.375000000000000167e-01
7.487500000000001377e-01 7.600000000000000089e-01 2.843750000000000444e-01
7.487500000000001377e-01 7.600000000000000089e-01 3.031250000000000333e-01
7.487500000000001377e-01 7.600000000000000089e-01 3.968750000000000333e-01
7.487500000000001377e-01 7.600000000000000089e-01 4.156250000000000222e-01
7.487500000000001377e-01 7.099999999999999645e-01 2.000000000000000111e-01
7.487500000000001377e-01 7.099999999999999645e-01 2.562500000000000333e-01
7.487500000000001377e-01 7.099999999999999645e-01 2.937500000000000111e-01
7.487500000000001377e-01 7.099999999999999645e-01 3.312500000000000444e-01
7.487500000000001377e-01 7.099999999999999645e-01 3.687500000000000222e-01
7.487500000000001377e-01 7.099999999999999645e-01 4.062500000000000000e-01
7.487500000000001377e-01 8.100000000000000533e-01 2.000000000000000111e-01
7.487500000000001377e-01 8.100000000000000533e-01 2.937500000000000111e-01
7.487500000000001377e-01 8.100000000000000533e-01 3.312500000000000444e-01
7.487500000000001377e-01 8.100000000000000533e-01 3.687500000000000222e-01
7.487500000000001377e-01 8.100000000000000533e-01 4.062500000000000000e-01
7.487500000000001377e-01 7.349999999999999867e-01 1.625000000000000333e-01
7.487500000000001377e-01 7.349999999999999867e-01 2.375000000000000167e-01
7.487500000000001377e-01 7.349999999999999867e-01 3.125000000000000000e-01
7.487500000000001377e-01 7.349999999999999867e-01 3.875000000000000111e-01
7.487500000000001377e-01 7.850000000000000311e-01 1.250000000000000278e-01
7.487500000000001377e-01 7.850000000000000311e-01 3.875000000000000111e-01
7.487500000000001377e-01 7.224999999999999201e-01 2.000000000000000111e-01
7.487500000000001377e-01 7.224999999999999201e-01 3.500000000000000333e-01
7.487500000000001377e-01 7.475000000000000533e-01 3.500000000000000333e-01
7.487500000000001377e-01 7.724999999999999645e-01 2.750000000000000222e-01
7.487500000000001377e-01 7.975000000000000977e-01 2.750000000000000222e-01
7.487500000000001377e-01 7.975000000000000977e-01 3.500000000000000333e-01
7.487500000000001377e-01 7.162499999999999423e-01 1.250000000000000278e-01
7.487500000000001377e-01 7.162499999999999423e-01 4.250000000000000444e-01
7.487500000000001377e-01 7.287500000000000089e-01 1.250000000000000278e-01
7.487500000000001377e-01 7.287500000000000089e-01 4.250000000000000444e-01
7.487500000000001377e-01 7.412499999999999645e-01 4.250000000000000444e-01
7.487500000000001377e-01 7.537500000000000311e-01 4.250000000000000444e-01
7.487500000000001377e-01 7.662499999999999867e-01 4.250000000000000444e-01
7.487500000000001377e-01 7.787500000000000533e-01 4.250000000000000444e-01
7.487500000000001377e-01 7.912500000000000089e-01 4.250000000000000444e-01
7.487500000000001377e-01 8.037500000000000755e-01 4.250000000000000444e-01
7.487500000000001377e-01 7.256249999999999645e-01 2.750000000000000222e-01
7.487500000000001377e-01 7.318749999999999423e-01 2.750000000000000222e-01
7.762500000000001066e-01 7.600000000000000089e-01 3.125000000000000000e-01
7.762500000000001066e-01 7.600000000000000089e-01 1.437500000000000167e-01
7.762500000000001066e-01 7.600000000000000089e-01 1.812500000000000222e-01
7.762500000000001066e-01 7.600000000000000089e-01 2.843750000000000444e-01
7.762500000000001066e-01 7.600000000000000089e-01 3.593750000000000000e-01
7.762500000000001066e-01 7.600000000000000089e-01 3.781250000000000444e-01
7.762500000000001066e-01 7.099999999999999645e-01 2.562500000000000333e-01
7.762500000000001066e-01 7.099999999999999645e-01 2.937500000000000111e-01
7.762500000000001066e-01 7.099999999999999645e-01 3.687500000000000222e-01
7.762500000000001066e-01 7.099999999999999645e-01 4.062500000000000000e-01
7.762500000000001066e-01 8.100000000000000533e-01 2.000000000000000111e-01
7.762500000000001066e-01 8.100000000000000533e-01 2.937500000000000111e-01
7.762500000000001066e-01 8.100000000000000533e-01 3.312500000000000444e-01
7.762500000000001066e-01 8.100000000000000533e-01 3.687500000000000222e-01
7.762500000000001066e-01 8.100000000000000533e-01 4.062500000000000000e-01
7.762500000000001066e-01 7.349999999999999867e-01 2.375000000000000167e-01
7.762500000000001066e-01 7.349999999999999867e-01 3.125000000000000000e-01
7.762500000000001066e-01 7.349999999999999867e-01 3.875000000000000111e-01
7.762500000000001066e-01 7.850000000000000311e-01 1.625000000000000333e-01
7.762500000000001066e-01 7.850000000000000311e-01 3.875000000000000111e-01
7.762500000000001066e-01 7.224999999999999201e-01 3.500000000000000333e-01
7.762500000000001066e-01 7.475000000000000533e-01 3.500000000000000333e-01
7.762500000000001066e-01 7.724999999999999645e-01 3.500000000000000333e-01
7.762500000000001066e-01 7.975000000000000977e-01 3.500000000000000333e-01
7.762500000000001066e-01 7.162499999999999423e-01 4.250000000000000444e-01
7.762500000000001066e-01 7.412499999999999645e-01 4.250000000000000444e-01
7.762500000000001066e-01 7.537500000000000311e-01 1.250000000000000278e-01
7.762500000000001066e-01 7.537500000000000311e-01 4.250000000000000444e-01
7.762500000000001066e-01 7.912500000000000089e-01 4.250000000000000444e-01
7.762500000000001066e-01 8.037500000000000755e-01 4.250000000000000444e-01
7.762500000000001066e-01 7.506249999999999867e-01 2.750000000000000222e-01
7.762500000000001066e-01 7.568749999999999645e-01 2.750000000000000222e-01
6.868750000000001243e-01 7.600000000000000089e-01 3.500000000000000333e-01
6.868750000000001243e-01 7.099999999999999645e-01 1.625000000000000333e-01
6.868750000000001243e-01 7.099999999999999645e-01 3.125000000000000000e-01
6.868750000000001243e-01 7.099999999999999645e-01 3.875000000000000111e-01
6.868750000000001243e-01 8.100000000000000533e-01 2.375000000000000167e-01
6.868750000000001243e-01 8.100000000000000533e-01 3.125000000000000000e-01
6.868750000000001243e-01 8.100000000000000533e-01 3.875000000000000111e-01
6.868750000000001243e-01 7.349999999999999867e-01 3.500000000000000333e-01
6.868750000000001243e-01 7.850000000000000311e-01 2.000000000000000111e-01
6.868750000000001243e-01 7.850000000000000311e-01 3.500000000000000333e-01
6.868750000000001243e-01 7.224999999999999201e-01 2.750000000000000222e-01
6.868750000000001243e-01 7.224999999999999201e-01 4.250000000000000444e-01
6.868750000000001243e-01 7.475000000000000533e-01 4.250000000000000444e-01
6.868750000000001243e-01 7.724999999999999645e-01 1.250000000000000278e-01
6.868750000000001243e-01 7.724999999999999645e-01 4.250000000000000444e-01
6.868750000000001243e-01 7.975000000000000977e-01 1.250000000000000278e-01
6.868750000000001243e-01 7.975000000000000977e-01 4.250000000000000444e-01
6.868750000000001243e-01 7.912500000000000089e-01 2.750000000000000222e-01
7.006250000000000533e-01 7.600000000000000089e-01 3.500000000000000333e-01
7.006250000000000533e-01 7.099999999999999645e-01 1.625000000000000333e-01
7.006250000000000533e-01 7.099999999999999645e-01 3.125000000000000000e-01
7.006250000000000533e-01 8.100000000000000533e-01 4.250000000000000444e-01
7.006250000000000533e-01 8.100000000000000533e-01 2.375000000000000167e-01
7.006250000000000533e-01 7.850000000000000311e-01 2.750000000000000222e-01
7.006250000000000533e-01 7.850000000000000311e-01 1.250000000000000278e-01
7.006250000000000533e-01 7.224999999999999201e-01 2.750000000000000222e-01
7.006250000000000533e-01 7.724999999999999645e-01 4.250000000000000444e-01
7.006250000000000533e-01 7.912500000000000089e-01 2.750000000000000222e-01
7.143750000000000933e-01 7.600000000000000089e-01 1.250000000000000278e-01
7.143750000000000933e-01 7.600000000000000089e-01 3.125000000000000000e-01
7.143750000000000933e-01 7.600000000000000089e-01 3.875000000000000111e-01
7.143750000000000933e-01 7.099999999999999645e-01 1.250000000000000278e-01
7.143750000000000933e-01 7.099999999999999645e-01 1.625000000000000333e-01
7.143750000000000933e-01 7.099999999999999645e-01 3.875000000000000111e-01
7.143750000000000933e-01 8.100000000000000533e-01 2.000000000000000111e-01
7.143750000000000933e-01 8.100000000000000533e-01 3.125000000000000000e-01
7.143750000000000933e-01 8.100000000000000533e-01 3.875000000000000111e-01
7.143750000000000933e-01 7.349999999999999867e-01 2.750000000000000222e-01
7.143750000000000933e-01 7.850000000000000311e-01 2.750000000000000222e-01
7.143750000000000933e-01 7.850000000000000311e-01 3.500000000000000333e-01
7.143750000000000933e-01 7.724999999999999645e-01 4.250000000000000444e-01
7.143750000000000933e-01 7.975000000000000977e-01 4.250000000000000444e-01
7.143750000000000933e-01 7.912500000000000089e-01 2.750000000000000222e-01
7.281250000000001332e-01 7.099999999999999645e-01 1.250000000000000278e-01
7.281250000000001332e-01 7.099999999999999645e-01 1.625000000000000333e-01
7.281250000000001332e-01 7.099999999999999645e-01 3.875000000000000111e-01
7.281250000000001332e-01 8.100000000000000533e-01 2.000000000000000111e-01
7.281250000000001332e-01 8.100000000000000533e-01 3.125000000000000000e-01
7.281250000000001332e-01 8.100000000000000533e-01 3.875000000000000111e-01
7.281250000000001332e-01 7.349999999999999867e-01 2.750000000000000222e-01
7.281250000000001332e-01 7.349999999999999867e-01 3.500000000000000333e-01
7.281250000000001332e-01 7.850000000000000311e-01 2.750000000000000222e-01
7.281250000000001332e-01 7.850000000000000311e-01 1.250000000000000278e-01
7.281250000000001332e-01 7.850000000000000311e-01 3.500000000000000333e-01
7.281250000000001332e-01 7.724999999999999645e-01 4.250000000000000444e-01
7.281250000000001332e-01 7.975000000000000977e-01 4.250000000000000444e-01
7.281250000000001332e-01 7.912500000000000089e-01 2.750000000000000222e-01
7.418750000000000622e-01 7.600000000000000089e-01 2.937500000000000111e-01
7.418750000000000622e-01 7.600000000000000089e-01 3.687500000000000222e-01
7.418750000000000622e-01 7.099999999999999645e-01 2.000000000000000111e-01
7.418750000000000622e-01 7.099999999999999645e-01 3.125000000000000000e-01
7.418750000000000622e-01 7.099999999999999645e-01 3.875000000000000111e-01
7.418750000000000622e-01 8.100000000000000533e-01 3.875000000000000111e-01
7.418750000000000622e-01 7.349999999999999867e-01 1.250000000000000278e-01
7.418750000000000622e-01 7.349999999999999867e-01 3.500000000000000333e-01
7.418750000000000622e-01 7.850000000000000311e-01 2.750000000000000222e-01
7.418750000000000622e-01 7.224999999999999201e-01 1.250000000000000278e-01
7.418750000000000622e-01 7.224999999999999201e-01 4.250000000000000444e-01
7.418750000000000622e-01 7.475000000000000533e-01 4.250000000000000444e-01
7.418750000000000622e-01 7.724999999999999645e-01 4.250000000000000444e-01
7.418750000000000622e-01 7.975000000000000977e-01 1.250000000000000278e-01
7.418750000000000622e-01 7.975000000000000977e-01 4.250000000000000444e-01
7.556250000000001021e-01 7.600000000000000089e-01 2.937500000000000111e-01
7.556250000000001021e-01 7.600000000000000089e-01 3.687500000000000222e-01
7.556250000000001021e-01 7.099999999999999645e-01 3.125000000000000000e-01
7.556250000000001021e-01 7.099999999999999645e-01 3.875000000000000111e-01
7.556250000000001021e-01 8.100000000000000533e-01 1.625000000000000333e-01
7.556250000000001021e-01 8.100000000000000533e-01 2.375000000000000167e-01
7.556250000000001021e-01 8.100000000000000533e-01 3.125000000000000000e-01
7.556250000000001021e-01 8.100000000000000533e-01 3.875000000000000111e-01
7.556250000000001021e-01 7.349999999999999867e-01 2.000000000000000111e-01
7.556250000000001021e-01 7.349999999999999867e-01 3.500000000000000333e-01
7.556250000000001021e-01 7.850000000000000311e-01 2.000000000000000111e-01
7.556250000000001021e-01 7.850000000000000311e-01 3.500000000000000333e-01
7.556250000000001021e-01 7.224999999999999201e-01 1.250000000000000278e-01
7.556250000000001021e-01 7.224999999999999201e-01 4.250000000000000444e-01
7.556250000000001021e-01 7.475000000000000533e-01 4.250000000000000444e-01
7.556250000000001021e-01 7.724999999999999645e-01 1.250000000000000278e-01
7.556250000000001021e-01 7.724999999999999645e-01 4.250000000000000444e-01
7.556250000000001021e-01 7.975000000000000977e-01 1.250000000000000278e-01
7.556250000000001021e-01 7.975000000000000977e-01 4.250000000000000444e-01
7.556250000000001021e-01 7.162499999999999423e-01 2.750000000000000222e-01
7.556250000000001021e-01 7.287500000000000089e-01 2.750000000000000222e-01
7.556250000000001021e-01 7.662499999999999867e-01 2.750000000000000222e-01
7.556250000000001021e-01 7.787500000000000533e-01 2.750000000000000222e-01
7.556250000000001021e-01 7.912500000000000089e-01 2.750000000000000222e-01
7.556250000000001021e-01 8.037500000000000755e-01 2.750000000000000222e-01
7.693750000000001421e-01 7.600000000000000089e-01 2.937500000000000111e-01
7.693750000000001421e-01 7.600000000000000089e-01 3.687500000000000222e-01
7.693750000000001421e-01 7.099999999999999645e-01 1.250000000000000278e-01
7.693750000000001421e-01 8.100000000000000533e-01 2.750000000000000222e-01
7.693750000000001421e-01 8.100000000000000533e-01 3.875000000000000111e-01
7.693750000000001421e-01 7.349999999999999867e-01 2.000000000000000111e-01
7.693750000000001421e-01 7.349999999999999867e-01 3.500000000000000333e-01
7.693750000000001421e-01 7.850000000000000311e-01 2.750000000000000222e-01
7.693750000000001421e-01 7.224999999999999201e-01 2.750000000000000222e-01
7.693750000000001421e-01 7.224999999999999201e-01 4.250000000000000444e-01
7.693750000000001421e-01 7.475000000000000533e-01 2.750000000000000222e-01
7.693750000000001421e-01 7.475000000000000533e-01 4.250000000000000444e-01
7.693750000000001421e-01 7.724999999999999645e-01 4.250000000000000444e-01
7.693750000000001421e-01 7.975000000000000977e-01 4.250000000000000444e-01
7.831250000000000711e-01 7.600000000000000089e-01 2.750000000000000222e-01
7.831250000000000711e-01 7.600000000000000089e-01 2.937500000000000111e-01
7.831250000000000711e-01 7.600000000000000089e-01 3.687500000000000222e-01
7.831250000000000711e-01 7.099999999999999645e-01 3.500000000000000333e-01
7.831250000000000711e-01 8.100000000000000533e-01 3.875000000000000111e-01
7.831250000000000711e-01 7.349999999999999867e-01 1.250000000000000278e-01
7.831250000000000711e-01 7.349999999999999867e-01 3.500000000000000333e-01
7.831250000000000711e-01 7.850000000000000311e-01 2.750000000000000222e-01
7.831250000000000711e-01 7.224999999999999201e-01 2.750000000000000222e-01
7.831250000000000711e-01 7.475000000000000533e-01 2.750000000000000222e-01
7.831250000000000711e-01 7.475000000000000533e-01 4.250000000000000444e-01
7.831250000000000711e-01 7.724999999999999645e-01 4.250000000000000444e-01
7.831250000000000711e-01 7.975000000000000977e-01 4.250000000000000444e-01
6.834375000000001421e-01 7.099999999999999645e-01 3.500000000000000333e-01
6.834375000000001421e-01 8.100000000000000533e-01 3.500000000000000333e-01
6.834375000000001421e-01 7.349999999999999867e-01 4.250000000000000444e-01
6.834375000000001421e-01 7.850000000000000311e-01 1.250000000000000278e-01
6.834375000000001421e-01 7.850000000000000311e-01 4.250000000000000444e-01
6.903125000000001066e-01 7.600000000000000089e-01 4.250000000000000444e-01
6.903125000000001066e-01 7.099999999999999645e-01 3.500000000000000333e-01
6.903125000000001066e-01 8.100000000000000533e-01 3.500000000000000333e-01
6.903125000000001066e-01 7.349999999999999867e-01 4.250000000000000444e-01
6.903125000000001066e-01 7.850000000000000311e-01 1.250000000000000278e-01
6.903125000000001066e-01 7.850000000000000311e-01 4.250000000000000444e-01
6.971875000000000711e-01 8.100000000000000533e-01 3.500000000000000333e-01
6.971875000000000711e-01 7.850000000000000311e-01 4.250000000000000444e-01
7.040625000000001465e-01 8.100000000000000533e-01 3.500000000000000333e-01
7.040625000000001465e-01 7.850000000000000311e-01 4.250000000000000444e-01
7.109375000000001110e-01 7.600000000000000089e-01 1.250000000000000278e-01
7.109375000000001110e-01 7.600000000000000089e-01 3.500000000000000333e-01
7.109375000000001110e-01 7.099999999999999645e-01 2.750000000000000222e-01
7.109375000000001110e-01 8.100000000000000533e-01 2.750000000000000222e-01
7.109375000000001110e-01 7.349999999999999867e-01 4.250000000000000444e-01
7.109375000000001110e-01 7.850000000000000311e-01 4.250000000000000444e-01
7.178125000000000755e-01 7.099999999999999645e-01 2.750000000000000222e-01
7.178125000000000755e-01 7.349999999999999867e-01 4.250000000000000444e-01
7.178125000000000755e-01 7.850000000000000311e-01 4.250000000000000444e-01
7.246875000000001510e-01 7.099999999999999645e-01 2.750000000000000222e-01
7.246875000000001510e-01 7.099999999999999645e-01 3.500000000000000333e-01
7.246875000000001510e-01 8.100000000000000533e-01 2.750000000000000222e-01
7.246875000000001510e-01 8.100000000000000533e-01 3.500000000000000333e-01
7.246875000000001510e-01 7.349999999999999867e-01 4.250000000000000444e-01
7.246875000000001510e-01 7.850000000000000311e-01 4.250000000000000444e-01
7.315625000000001155e-01 7.600000000000000089e-01 3.125000000000000000e-01
7.315625000000001155e-01 7.600000000000000089e-01 3.875000000000000111e-01
7.315625000000001155e-01 7.099999999999999645e-01 2.750000000000000222e-01
7.315625000000001155e-01 7.099999999999999645e-01 3.500000000000000333e-01
7.315625000000001155e-01 8.100000000000000533e-01 2.750000000000000222e-01
7.315625000000001155e-01 8.100000000000000533e-01 3.500000000000000333e-01
7.315625000000001155e-01 7.349999999999999867e-01 4.250000000000000444e-01
7.315625000000001155e-01 7.850000000000000311e-01 4.250000000000000444e-01
7.384375000000000799e-01 7.600000000000000089e-01 1.250000000000000278e-01
7.384375000000000799e-01 7.600000000000000089e-01 3.875000000000000111e-01
7.384375000000000799e-01 7.099999999999999645e-01 2.000000000000000111e-01
7.384375000000000799e-01 7.099999999999999645e-01 3.500000000000000333e-01
7.384375000000000799e-01 8.100000000000000533e-01 2.750000000000000222e-01
7.384375000000000799e-01 7.349999999999999867e-01 4.250000000000000444e-01
7.384375000000000799e-01 7.850000000000000311e-01 4.250000000000000444e-01
7.453125000000000444e-01 7.600000000000000089e-01 3.875000000000000111e-01
7.453125000000000444e-01 7.099999999999999645e-01 3.500000000000000333e-01
7.453125000000000444e-01 8.100000000000000533e-01 2.750000000000000222e-01
7.453125000000000444e-01 7.349999999999999867e-01 4.250000000000000444e-01
7.453125000000000444e-01 7.850000000000000311e-01 4.250000000000000444e-01
7.521875000000001199e-01 7.600000000000000089e-01 3.125000000000000000e-01
7.521875000000001199e-01 7.600000000000000089e-01 3.875000000000000111e-01
7.521875000000001199e-01 7.099999999999999645e-01 3.500000000000000333e-01
7.521875000000001199e-01 8.100000000000000533e-01 3.500000000000000333e-01
7.521875000000001199e-01 7.349999999999999867e-01 1.250000000000000278e-01
7.521875000000001199e-01 7.850000000000000311e-01 2.750000000000000222e-01
7.521875000000001199e-01 7.850000000000000311e-01 4.250000000000000444e-01
7.521875000000001199e-01 7.224999999999999201e-01 2.750000000000000222e-01
7.590625000000000844e-01 7.600000000000000089e-01 3.125000000000000000e-01
7.590625000000000844e-01 7.600000000000000089e-01 3.875000000000000111e-01
7.590625000000000844e-01 7.099999999999999645e-01 3.500000000000000333e-01
7.590625000000000844e-01 8.100000000000000533e-01 3.500000000000000333e-01
7.590625000000000844e-01 7.349999999999999867e-01 1.250000000000000278e-01
7.590625000000000844e-01 7.349999999999999867e-01 4.250000000000000444e-01
7.590625000000000844e-01 7.850000000000000311e-01 1.250000000000000278e-01
7.590625000000000844e-01 7.850000000000000311e-01 4.250000000000000444e-01
7.590625000000000844e-01 7.224999999999999201e-01 2.750000000000000222e-01
7.659375000000000488e-01 7.600000000000000089e-01 4.250000000000000444e-01
7.659375000000000488e-01 7.099999999999999645e-01 2.750000000000000222e-01
7.659375000000000488e-01 7.349999999999999867e-01 4.250000000000000444e-01
7.659375000000000488e-01 7.850000000000000311e-01 4.250000000000000444e-01
7.728125000000001243e-01 7.600000000000000089e-01 4.250000000000000444e-01
7.728125000000001243e-01 7.099999999999999645e-01 2.750000000000000222e-01
7.728125000000001243e-01 7.349999999999999867e-01 4.250000000000000444e-01
7.728125000000001243e-01 7.850000000000000311e-01 4.250000000000000444e-01
7.796875000000000888e-01 7.600000000000000089e-01 4.250000000000000444e-01
7.796875000000000888e-01 7.099999999999999645e-01 2.750000000000000222e-01
7.796875000000000888e-01 7.850000000000000311e-01 4.250000000000000444e-01
7.865625000000000533e-01 7.600000000000000089e-01 4.250000000000000444e-01
7.865625000000000533e-01 7.099999999999999645e-01 2.750000000000000222e-01
7.865625000000000533e-01 7.850000000000000311e-01 4.250000000000000444e-01
6.817187500000001510e-01 7.600000000000000089e-01 2.750000000000000222e-01
6.817187500000001510e-01 7.099999999999999645e-01 1.250000000000000278e-01
6.817187500000001510e-01 8.100000000000000533e-01 1.250000000000000278e-01
6.885937500000001155e-01 7.600000000000000089e-01 2.750000000000000222e-01
6.885937500000001155e-01 7.099999999999999645e-01 1.250000000000000278e-01
6.885937500000001155e-01 7.099999999999999645e-01 4.250000000000000444e-01
6.885937500000001155e-01 8.100000000000000533e-01 1.250000000000000278e-01
6.885937500000001155e-01 8.100000000000000533e-01 4.250000000000000444e-01
6.920312500000000977e-01 7.600000000000000089e-01 2.750000000000000222e-01
6.920312500000000977e-01 7.099999999999999645e-01 1.250000000000000278e-01
6.920312500000000977e-01 7.099999999999999645e-01 4.250000000000000444e-01
6.920312500000000977e-01 8.100000000000000533e-01 1.250000000000000278e-01
6.920312500000000977e-01 8.100000000000000533e-01 4.250000000000000444e-01
7.092187500000001199e-01 7.600000000000000089e-01 2.750000000000000222e-01
7.092187500000001199e-01 7.099999999999999645e-01 4.250000000000000444e-01
7.092187500000001199e-01 8.100000000000000533e-01 4.250000000000000444e-01
7.126562500000001021e-01 7.600000000000000089e-01 2.750000000000000222e-01
7.126562500000001021e-01 7.099999999999999645e-01 4.250000000000000444e-01
7.126562500000001021e-01 8.100000000000000533e-01 4.250000000000000444e-01
7.160937500000000844e-01 7.099999999999999645e-01 4.250000000000000444e-01
7.195312500000000666e-01 7.099999999999999645e-01 4.250000000000000444e-01
7.229687500000000488e-01 7.600000000000000089e-01 2.750000000000000222e-01
7.229687500000000488e-01 7.099999999999999645e-01 4.250000000000000444e-01
7.229687500000000488e-01 8.100000000000000533e-01 4.250000000000000444e-01
7.264062500000001421e-01 7.600000000000000089e-01 2.750000000000000222e-01
7.264062500000001421e-01 7.099999999999999645e-01 4.250000000000000444e-01
7.264062500000001421e-01 8.100000000000000533e-01 4.250000000000000444e-01
7.298437500000001243e-01 7.600000000000000089e-01 2.750000000000000222e-01
7.298437500000001243e-01 7.600000000000000089e-01 3.500000000000000333e-01
7.298437500000001243e-01 7.099999999999999645e-01 4.250000000000000444e-01
7.298437500000001243e-01 8.100000000000000533e-01 4.250000000000000444e-01
7.332812500000001066e-01 7.600000000000000089e-01 2.750000000000000222e-01
7.332812500000001066e-01 7.600000000000000089e-01 3.500000000000000333e-01
7.332812500000001066e-01 7.099999999999999645e-01 4.250000000000000444e-01
7.332812500000001066e-01 8.100000000000000533e-01 4.250000000000000444e-01
7.367187500000000888e-01 7.600000000000000089e-01 2.750000000000000222e-01
7.367187500000000888e-01 7.099999999999999645e-01 4.250000000000000444e-01
7.367187500000000888e-01 8.100000000000000533e-01 4.250000000000000444e-01
7.401562500000000711e-01 7.099999999999999645e-01 4.250000000000000444e-01
7.401562500000000711e-01 8.100000000000000533e-01 4.250000000000000444e-01
7.435937500000000533e-01 7.600000000000000089e-01 2.750000000000000222e-01
7.435937500000000533e-01 7.099999999999999645e-01 4.250000000000000444e-01
7.435937500000000533e-01 8.100000000000000533e-01 4.250000000000000444e-01
7.470312500000001465e-01 7.600000000000000089e-01 2.750000000000000222e-01
7.470312500000001465e-01 7.099999999999999645e-01 4.250000000000000444e-01
7.470312500000001465e-01 8.100000000000000533e-01 4.250000000000000444e-01
7.504687500000001288e-01 7.600000000000000089e-01 2.000000000000000111e-01
7.504687500000001288e-01 7.600000000000000089e-01 3.500000000000000333e-01
7.504687500000001288e-01 7.099999999999999645e-01 1.250000000000000278e-01
7.504687500000001288e-01 7.099999999999999645e-01 4.250000000000000444e-01
7.504687500000001288e-01 8.100000000000000533e-01 1.250000000000000278e-01
7.504687500000001288e-01 8.100000000000000533e-01 4.250000000000000444e-01
7.504687500000001288e-01 7.850000000000000311e-01 2.750000000000000222e-01
7.539062500000001110e-01 7.600000000000000089e-01 2.000000000000000111e-01
7.539062500000001110e-01 7.600000000000000089e-01 3.500000000000000333e-01
7.539062500000001110e-01 7.099999999999999645e-01 1.250000000000000278e-01
7.539062500000001110e-01 7.099999999999999645e-01 4.250000000000000444e-01
7.539062500000001110e-01 8.100000000000000533e-01 1.250000000000000278e-01
7.539062500000001110e-01 8.100000000000000533e-01 4.250000000000000444e-01
7.539062500000001110e-01 7.349999999999999867e-01 2.750000000000000222e-01
7.539062500000001110e-01 7.850000000000000311e-01 2.750000000000000222e-01
7.573437500000000933e-01 7.099999999999999645e-01 4.250000000000000444e-01
7.573437500000000933e-01 7.850000000000000311e-01 2.750000000000000222e-01
7.607812500000000755e-01 7.600000000000000089e-01 2.000000000000000111e-01
7.607812500000000755e-01 7.600000000000000089e-01 3.500000000000000333e-01
7.607812500000000755e-01 7.099999999999999645e-01 1.250000000000000278e-01
7.607812500000000755e-01 7.099999999999999645e-01 4.250000000000000444e-01
7.607812500000000755e-01 8.100000000000000533e-01 1.250000000000000278e-01
7.607812500000000755e-01 8.100000000000000533e-01 4.250000000000000444e-01
7.607812500000000755e-01 7.349999999999999867e-01 2.750000000000000222e-01
7.607812500000000755e-01 7.850000000000000311e-01 2.750000000000000222e-01
7.642187500000000577e-01 7.099999999999999645e-01 4.250000000000000444e-01
7.676562500000001510e-01 7.099999999999999645e-01 4.250000000000000444e-01
7.710937500000001332e-01 7.099999999999999645e-01 4.250000000000000444e-01
7.745312500000001155e-01 7.099999999999999645e-01 4.250000000000000444e-01
7.779687500000000977e-01 7.099999999999999645e-01 4.250000000000000444e-01
7.814062500000000799e-01 7.099999999999999645e-01 4.250000000000000444e-01
7.848437500000000622e-01 7.099999999999999645e-01 4.250000000000000444e-01
7.882812500000000444e-01 7.099999999999999645e-01 4.250000000000000444e-01
6.808593750000001554e-01 7.600000000000000089e-01 1.250000000000000278e-01
6.825781250000001465e-01 7.600000000000000089e-01 1.250000000000000278e-01
6.877343750000001199e-01 7.099999999999999645e-01 2.750000000000000222e-01
6.877343750000001199e-01 8.100000000000000533e-01 2.750000000000000222e-01
6.894531250000001110e-01 7.099999999999999645e-01 2.750000000000000222e-01
6.894531250000001110e-01 8.100000000000000533e-01 2.750000000000000222e-01
6.911718750000001021e-01 7.600000000000000089e-01 1.250000000000000278e-01
6.911718750000001021e-01 8.100000000000000533e-01 2.750000000000000222e-01
6.928906250000000933e-01 7.600000000000000089e-01 1.250000000000000278e-01
6.928906250000000933e-01 8.100000000000000533e-01 2.750000000000000222e-01
7.083593750000001243e-01 7.600000000000000089e-01 4.250000000000000444e-01
7.100781250000001155e-01 7.600000000000000089e-01 4.250000000000000444e-01
7.117968750000001066e-01 7.600000000000000089e-01 4.250000000000000444e-01
7.135156250000000977e-01 7.600000000000000089e-01 4.250000000000000444e-01
7.221093750000000533e-01 7.600000000000000089e-01 4.250000000000000444e-01
7.238281250000000444e-01 7.600000000000000089e-01 4.250000000000000444e-01
7.255468750000001465e-01 7.600000000000000089e-01 4.250000000000000444e-01
7.272656250000001377e-01 7.600000000000000089e-01 4.250000000000000444e-01
7.289843750000001288e-01 7.600000000000000089e-01 4.250000000000000444e-01
7.307031250000001199e-01 7.600000000000000089e-01 4.250000000000000444e-01
7.324218750000001110e-01 7.600000000000000089e-01 4.250000000000000444e-01
7.341406250000001021e-01 7.600000000000000089e-01 4.250000000000000444e-01
7.358593750000000933e-01 7.600000000000000089e-01 4.250000000000000444e-01
7.375781250000000844e-01 7.600000000000000089e-01 4.250000000000000444e-01
7.427343750000000577e-01 7.600000000000000089e-01 4.250000000000000444e-01
7.444531250000000488e-01 7.600000000000000089e-01 4.250000000000000444e-01
7.461718750000001510e-01 7.600000000000000089e-01 4.250000000000000444e-01
7.478906250000001421e-01 7.600000000000000089e-01 4.250000000000000444e-01
7.530468750000001155e-01 7.600000000000000089e-01 1.250000000000000278e-01
7.530468750000001155e-01 7.600000000000000089e-01 4.250000000000000444e-01
7.530468750000001155e-01 7.099999999999999645e-01 2.750000000000000222e-01
7.530468750000001155e-01 8.100000000000000533e-01 2.750000000000000222e-01
7.547656250000001066e-01 7.600000000000000089e-01 4.250000000000000444e-01
7.547656250000001066e-01 7.099999999999999645e-01 2.750000000000000222e-01
7.547656250000001066e-01 8.100000000000000533e-01 2.750000000000000222e-01
7.599218750000000799e-01 7.600000000000000089e-01 1.250000000000000278e-01
7.599218750000000799e-01 7.099999999999999645e-01 2.750000000000000222e-01
7.599218750000000799e-01 8.100000000000000533e-01 2.750000000000000222e-01
7.616406250000000711e-01 7.600000000000000089e-01 1.250000000000000278e-01
7.616406250000000711e-01 7.600000000000000089e-01 4.250000000000000444e-01
7.616406250000000711e-01 7.099999999999999645e-01 2.750000000000000222e-01
7.616406250000000711e-01 8.100000000000000533e-01 2.750000000000000222e-01
7.526171875000000622e-01 7.600000000000000089e-01 2.750000000000000222e-01
7.534765625000000577e-01 7.600000000000000089e-01 2.750000000000000222e-01
7.612109375000001288e-01 7.600000000000000089e-01 2.750000000000000222e-01
7.620703125000001243e-01 7.600000000000000089e-01 2.750000000000000222e-01
