7.159499988710293916e-01 7.775682324034701720e-01 7.025607989411757348e-01
7.357331825181552265e-01 7.986952506702159615e-01 6.896330418507914395e-01
7.349839834836402463e-01 7.962543960575269031e-01 6.872715697131044355e-01
7.320525113071447709e-01 7.828158434143508426e-01 6.960262508547387927e-01
7.351487607616488118e-01 7.681063621873331915e-01 6.751170969523389020e-01
7.591662060024707559e-01 7.834116316595731710e-01 6.734272610982346974e-01
7.839855951664653766e-01 7.992211794232749744e-01 6.614196701486324548e-01
7.798190512509159955e-01 7.937013762870065436e-01 6.585287853866401697e-01
8.159354981557723763e-01 8.311820453042947365e-01 6.393478479606143905e-01
8.426319909973605249e-01 8.485120839850790464e-01 6.375245827442261870e-01
8.158656992725894508e-01 8.121440980666733145e-01 6.517550583565926425e-01
8.151161134675080078e-01 8.092202763112854580e-01 6.487640080530943099e-01
8.582910953327488324e-01 8.531814932230893378e-01 6.290155504101355710e-01
8.575167119417805850e-01 8.505556337106957576e-01 6.260741201513002618e-01
8.265535006864271894e-01 8.096372225916723675e-01 6.434639646010652525e-01
8.758128164477640976e-01 8.590656508691003612e-01 6.248803913471435711e-01
6.962245726224320919e-01 7.687002579373098943e-01 7.019603329744903419e-01
6.938049627274212039e-01 7.661987288441881594e-01 7.076649527287655062e-01
7.789548207396954638e-01 8.215043058777199425e-01 6.755020973385171823e-01
7.487852983484951652e-01 7.987862641752635495e-01 6.761480617995846432e-01
7.464610443535308892e-01 7.856479917080029240e-01 6.855986773798657952e-01
7.772906674295734231e-01 8.079723201460293769e-01 6.857687406252767071e-01
7.708609063862632560e-01 8.034873451809375622e-01 6.500345369842633891e-01
7.503640416407937330e-01 7.735991434353234331e-01 6.605432466141603065e-01
7.662158968670528258e-01 7.833550040283381311e-01 6.460264561860759036e-01
7.027332398089033427e-01 7.597563678125369702e-01 6.735672627287472292e-01
7.806096229126958663e-01 8.014735722910878435e-01 6.500468878361955749e-01
7.720895465980782690e-01 7.936657439811949377e-01 6.484768237528424351e-01
7.758753844800596600e-01 7.812685981817522052e-01 6.282524547502441603e-01
7.980509541191765921e-01 7.958243064492975805e-01 6.301012104660032032e-01
7.966007921308944084e-01 7.934097014018334226e-01 6.309100627923885929e-01
7.944188375843248551e-01 7.904533405249520861e-01 6.274424183257515386e-01
7.949508481618644540e-01 7.722395060644015041e-01 6.272378821078387068e-01
8.498996693214988518e-01 8.254482598470925803e-01 5.867803902194276278e-01
8.518649467440428946e-01 8.255908987738314053e-01 5.850531143023773861e-01
7.715840688747221954e-01 7.514652963279926379e-01 6.057864319937472652e-01
6.660462099341581954e-01 7.752435119631028160e-01 7.500619000343203835e-01
6.994723745411315363e-01 7.827795773241434940e-01 7.349777133588603073e-01
7.248144929910984580e-01 7.993104904710658376e-01 7.303637848390738263e-01
7.419451049731053960e-01 8.168423757243756800e-01 7.061503435115087379e-01
7.861982584281891340e-01 8.420662390858706381e-01 6.821166397632424383e-01
8.089157732355598540e-01 8.384058722824395682e-01 6.768788132087247833e-01
8.329257795418156807e-01 8.523844885819994444e-01 6.645269877222486077e-01
6.646108267890170618e-01 7.624403370285263160e-01 7.329226014827440183e-01
7.581840520913333270e-01 8.244878234045551757e-01 6.944489896185948030e-01
7.580665570082325555e-01 8.145793380023468311e-01 7.114369645506234408e-01
7.571885690689307280e-01 8.082675244024449812e-01 6.881967971192216593e-01
7.775390871895597744e-01 8.326611048893978184e-01 6.753533821700843376e-01
7.852284125625588196e-01 8.275216074485144402e-01 6.923867893365087678e-01
7.769684411821561332e-01 8.308262847668373974e-01 6.704927660275344925e-01
8.323246233007663974e-01 8.463900352440085761e-01 6.510021787563421425e-01
8.226894814383720611e-01 8.232105683875776680e-01 6.831410490625265952e-01
8.220699322579607671e-01 8.217494638574479593e-01 6.831066425111103069e-01
8.626912070072009220e-01 8.659758634065665150e-01 6.438110329684110233e-01
6.896470080029178940e-01 7.711179971733492788e-01 7.025485182157857889e-01
7.341939109841217892e-01 7.817966706499928087e-01 6.780237114378356855e-01
8.083305501474179477e-01 8.055272639258205247e-01 6.392826828564062147e-01
8.417972925568779630e-01 8.241613591503131886e-01 6.175105968255986122e-01
9.257072153232990264e-01 8.947780657325131726e-01 5.950514819036968328e-01
7.136882063310612256e-01 7.568813197884782795e-01 6.827081274476975992e-01
7.971031093521644406e-01 8.257451742722120569e-01 6.557677301354775112e-01
7.365370262581460992e-01 7.786642462897978012e-01 6.516966173385773109e-01
7.813237687775310691e-01 7.984988919908672100e-01 6.674125671473808419e-01
7.514539666084120162e-01 7.737839222241700288e-01 6.609084403395638629e-01
7.155525560268192198e-01 7.446784674886073319e-01 6.729869396621006583e-01
7.554746738781783488e-01 7.656618936645999129e-01 6.555309820410418764e-01
7.948137983512397753e-01 8.043855745732223506e-01 6.387999454504359464e-01
6.844832901477451159e-01 7.815970328067399775e-01 7.318273114919265909e-01
7.260305579440453627e-01 7.782668629433660001e-01 6.940402557914339132e-01
7.460791978815659586e-01 7.869804435049174707e-01 6.867870183048864208e-01
8.414133195556122713e-01 8.402309885479877227e-01 6.481860914574422150e-01
9.100525168403594822e-01 9.013093993009880789e-01 6.252777627083170309e-01
7.026925391215956829e-01 7.829524050291485349e-01 7.274499918525183517e-01
7.190732732303688479e-01 8.004129371327541875e-01 7.118578720023490680e-01
7.256629267151085694e-01 7.806798873909718273e-01 6.947241791502751784e-01
7.477213063110701441e-01 7.750785508540107838e-01 6.566144193125029727e-01
7.410585804512122010e-01 7.648058758565025039e-01 6.582091160773371197e-01
8.086293078675473867e-01 8.081528504527475398e-01 6.506656888548458806e-01
7.755465107238520561e-01 7.788272506290432329e-01 6.433810090213974986e-01
7.573133936220257656e-01 8.025206480218058935e-01 6.762317817751264393e-01
7.816617625863816476e-01 8.158993994276343420e-01 6.769478224292619917e-01
7.841907689674851856e-01 8.028467715508338376e-01 6.602998405586462116e-01
7.984806327557223415e-01 8.081500335821995007e-01 6.533215439582115147e-01
7.724087383720881217e-01 7.846060514801613817e-01 6.546066594416818374e-01
7.871648150328359739e-01 7.903346276731840758e-01 6.350515554294040577e-01
8.276526281511932259e-01 8.141720310772688762e-01 6.311789319286954525e-01
8.939802163247045907e-01 8.728367293928296355e-01 6.194295017565222272e-01
7.134782554896748064e-01 7.844368330107155396e-01 6.993365977571469605e-01
7.602090744091782870e-01 8.117974967657458629e-01 6.856580510342076273e-01
8.140255741291815283e-01 8.285497943177322355e-01 6.495331342962804566e-01
7.946081324967901871e-01 7.956020302099344743e-01 6.615045986675793799e-01
8.590161070369234375e-01 8.525431231075579763e-01 6.389823115171130441e-01
8.586132345291401791e-01 8.482298324900291453e-01 6.412680688688671138e-01
7.904925876816319974e-01 8.031990095700328736e-01 6.779207017272399494e-01
8.407021930773705964e-01 8.353750640362470614e-01 6.719616616888750560e-01
7.652673602735718950e-01 7.851220683195125893e-01 6.496224990466451521e-01
7.777868163159422643e-01 7.720151315717134199e-01 6.291085547363152175e-01
8.671619169278668160e-01 8.392244558757447903e-01 6.032782604142005178e-01
8.162055493572836218e-01 8.337164011764920390e-01 6.475963554235580899e-01
7.808170504497597975e-01 7.853590508804528803e-01 6.537328835519261583e-01
8.047328212193309849e-01 8.052054958570900034e-01 6.300806381318729832e-01
8.535394668522544581e-01 8.296819164674434921e-01 6.151417170166360027e-01
7.746647029057893707e-01 7.754075145293926052e-01 6.612416347269844952e-01
7.225262189896390908e-01 7.741964618418236688e-01 6.646118697172209711e-01
7.865124824446035889e-01 8.317097343013397648e-01 6.756999497190532278e-01
7.387647978810432114e-01 7.765112845071823200e-01 6.720779212231954292e-01
7.841128660994776123e-01 8.004545027744170982e-01 6.557926590066314176e-01
6.869458217289446944e-01 7.674349690011252889e-01 6.977946351259882718e-01
8.390170622426020852e-01 8.446684023571716660e-01 6.414447070133291184e-01
7.652738607249218727e-01 7.674556488844861413e-01 6.465195383570598864e-01
6.499903325455843595e-01 7.528165537249804640e-01 7.404969953128708315e-01
6.980038217276893775e-01 7.764010703570997096e-01 7.135550241524293291e-01
7.962004800916289149e-01 7.990935283397666566e-01 6.704119683335009183e-01
8.358433913289721184e-01 8.339503416267723956e-01 6.498270469676380445e-01
7.194986507802507703e-01 7.998882710661080475e-01 7.127501182355153730e-01
7.570196073184178864e-01 8.014639102683194238e-01 7.015422294578592677e-01
7.779128222007161142e-01 8.206806101868149295e-01 6.611279972300269092e-01
8.402905139129912548e-01 8.372857849686964338e-01 6.518189750892797729e-01
7.970639569091657606e-01 8.061099739881956161e-01 6.801781530065186265e-01
6.784112978894650814e-01 7.598135132744927578e-01 6.940332404782751929e-01
8.229762809870970752e-01 7.980685026082705580e-01 6.239018070051275400e-01
7.043940380973297000e-01 7.837671016200400409e-01 6.990587305877772328e-01
7.732396317530585428e-01 7.630935566086634037e-01 6.333208415726861995e-01
8.495983521821446338e-01 8.220695399607663711e-01 6.064991624011055737e-01
8.333131989940487649e-01 8.410422147630888245e-01 6.422266618137785210e-01
8.489808456446135132e-01 8.215608164555827653e-01 6.141992344357511957e-01
7.937741524115555780e-01 8.005306192467956938e-01 6.616599537581152601e-01
8.179298403594178479e-01 7.997852269698108030e-01 6.278558333572260564e-01
7.658535287285341830e-01 7.922286685277655227e-01 6.657078616589559017e-01
7.580462420940937696e-01 7.858952299098250771e-01 6.659244955022078916e-01
8.571763923315649514e-01 8.534211472286333811e-01 6.280501157985156624e-01
7.347855044912681155e-01 7.687740243272723761e-01 6.747462779561492763e-01
7.919999064224153562e-01 7.914637932257655439e-01 6.477529984709702315e-01
8.001727017503960093e-01 8.289949548267314672e-01 6.620003006290841041e-01
8.345292609449470600e-01 8.371577323866140619e-01 6.379387183580724763e-01
6.859739808142464312e-01 7.857221083061911582e-01 7.338259753075895286e-01
6.728938733509889358e-01 7.754840455843398095e-01 7.401442406140948949e-01
7.848057432109734055e-01 8.181447692739354238e-01 6.939697565559078685e-01
6.666081977759120702e-01 7.702899426092992829e-01 7.463983103815288178e-01
8.620330386888392926e-01 8.483777390118817374e-01 6.664535637450076377e-01
7.808098102664886575e-01 8.262292149977025213e-01 6.856653326392405656e-01
8.575702941656395684e-01 8.617199122437214642e-01 6.353725087419471729e-01
7.455125947795009367e-01 7.761206335402771606e-01 6.440878655601507408e-01
7.769111224437326157e-01 7.991444106591840679e-01 6.518898549277926113e-01
7.556661423763225693e-01 7.838526574971235172e-01 6.590081536512499838e-01
7.593666091809806451e-01 7.866066025341045265e-01 6.640275824094922230e-01
7.962039994176129953e-01 7.908195639184528725e-01 6.471982108865399486e-01
8.169568285146724396e-01 8.191175070576709460e-01 6.321973012128691005e-01
8.173221291242542819e-01 8.193746346453949503e-01 6.346204087079142520e-01
8.196824468827006438e-01 8.212177297796647846e-01 6.417967693953505748e-01
7.776925597353084862e-01 7.909033257758442126e-01 6.523015423067334284e-01
7.491568000916982717e-01 7.699112111413473070e-01 6.647132335094473321e-01
7.482678605377820480e-01 7.990576228540899884e-01 6.660359883939918069e-01
7.486656694852233951e-01 7.695055020229009113e-01 6.700996313420128914e-01
7.222621806782992815e-01 7.695213718946580794e-01 6.939488361444130504e-01
7.775940059464516718e-01 7.907826888033860913e-01 6.616068206198230106e-01
7.544398389328069721e-01 8.032594653924236550e-01 6.803953373711822961e-01
7.523605088720695111e-01 7.914005495185715278e-01 7.076535798244235620e-01
7.270769076508377671e-01 7.830452067938274974e-01 6.941710925461599402e-01
7.522324229561929698e-01 8.114657453064890724e-01 6.867030196810601783e-01
8.032767957675104320e-01 8.357965732086041211e-01 6.629793360591057505e-01
7.722899462115330182e-01 8.002993262181516965e-01 6.968530756392868897e-01
7.756161476308391922e-01 7.538151361629487068e-01 6.142743905467317189e-01
8.640107164784160965e-01 8.321666537859013779e-01 5.943452612656811018e-01
8.636509820494178147e-01 8.318891709183677818e-01 5.970153711508494609e-01
8.638165049445443167e-01 8.320038742856497027e-01 5.993615344434302106e-01
8.613254413933344456e-01 8.301558492130871603e-01 5.989838168627826809e-01
8.018021336650452691e-01 7.717766098807457009e-01 6.235790118747157607e-01
8.018063445635611464e-01 7.717778177363933123e-01 6.235429546102798648e-01
8.021335448729547402e-01 7.720043012001404081e-01 6.259427540222901598e-01
8.716511494216235834e-01 8.550234019039298916e-01 6.183616118101158410e-01
6.733510327197989032e-01 7.674223696935761341e-01 7.221558459317630740e-01
7.824227750224733713e-01 7.748509553666563798e-01 6.525607726737465697e-01
8.504439813437434381e-01 8.401261028772087913e-01 6.181730509119370831e-01
8.747309774553509998e-01 8.572160603742061680e-01 6.232235885804703335e-01
8.227535993874109943e-01 8.032647632984907249e-01 6.439363023815533049e-01
8.026949036889621247e-01 7.892745949169375219e-01 6.429546679326628711e-01
8.572317926835348878e-01 8.450989710848059167e-01 6.393959325052619436e-01
8.578306479510569016e-01 8.455661891463429614e-01 6.462606322002510950e-01
8.360830320212904176e-01 8.301901564743113804e-01 6.451816721106053976e-01
8.369872401653839500e-01 8.307898359038985436e-01 6.436503129237099996e-01
7.483055288062895327e-01 7.990971481739442828e-01 6.759237371897445223e-01
7.194713005116464277e-01 7.672849323191536230e-01 6.881203992674448378e-01
8.048073821216208401e-01 8.222677350219674830e-01 6.796416744734097293e-01
7.925283054121059489e-01 8.082228321228120960e-01 6.736614024083564800e-01
8.392159015351011719e-01 8.371345776182758103e-01 6.626041294726872088e-01
8.546151765108629395e-01 8.327581660852181322e-01 6.562186553878500694e-01
9.045470175069199037e-01 8.798174027581261436e-01 6.327281987972021016e-01
7.022897000614591878e-01 7.651301345867284054e-01 7.190606682837498154e-01
7.863981581917353081e-01 8.154821012479167575e-01 6.815649614320873351e-01
7.833429319368426791e-01 8.119489665756434160e-01 6.829138354257937582e-01
7.764291545861387034e-01 8.197512312457352346e-01 6.774859131070435359e-01
7.551356919903440268e-01 7.673848903349890227e-01 6.580323361366178236e-01
7.551785957325960474e-01 7.890366722420981693e-01 6.730601468190819947e-01
7.666372676066655067e-01 7.911926819167863778e-01 6.623780989043860368e-01
8.184887182719206011e-01 8.145601470951578937e-01 6.388232419569020992e-01
8.441798845599222112e-01 8.146159745277011810e-01 6.237123006771362332e-01
7.632048614374775664e-01 8.051828739078713548e-01 6.748033474734859150e-01
7.646150126329123164e-01 7.789109234386039082e-01 6.601963745779153570e-01
8.108744278166305497e-01 8.047239688659518775e-01 6.373248551935133399e-01
8.065523973345696263e-01 7.988295880095785950e-01 6.402870917869082357e-01
8.262120544679683043e-01 7.979251378554288454e-01 6.148124207526205476e-01
8.311100934340776014e-01 7.982778808469018772e-01 6.179414933270184207e-01
8.825162514126405622e-01 8.476962063343649323e-01 6.006892338824394439e-01
9.413573376069799270e-01 9.037676474799024584e-01 5.828788320273767809e-01
7.571004725413192915e-01 8.108085134038821584e-01 7.338415213350232280e-01
7.378497539602374422e-01 8.140356148051017815e-01 7.359251335098765390e-01
7.372273821794217419e-01 8.119715577566238851e-01 7.306253329622034443e-01
7.365130928635678087e-01 8.098202329892251194e-01 7.306486925475484950e-01
7.541597378120310502e-01 8.213571946324348394e-01 7.237128302277693326e-01
7.522727970727576263e-01 8.181728507499653746e-01 7.202845190948530263e-01
7.468871715603712103e-01 7.959028012836060206e-01 7.234837274965445486e-01
7.977600291135122923e-01 8.402969457937878861e-01 6.954009147428543702e-01
8.258463341900872390e-01 8.594744677450384396e-01 6.890747207689300602e-01
7.947254582548419766e-01 8.346019065597628517e-01 6.851792891942101171e-01
8.256321022968959866e-01 8.558989218714941893e-01 6.833076661015005104e-01
8.769996597335899535e-01 8.616492633628285436e-01 6.704284533673156021e-01
8.758175824551392985e-01 8.587315746533294991e-01 6.671085039768656078e-01
8.570759822928895044e-01 8.317271211167357459e-01 6.284151548556559108e-01
7.503334396426640795e-01 8.196796222114116626e-01 7.023599311474415519e-01
7.493469334371070101e-01 8.085202867919258907e-01 7.110535853201700451e-01
7.690514270171158184e-01 8.121298533905191297e-01 6.850842497457552138e-01
7.641900468289536397e-01 8.032097073469731674e-01 6.845239370154539982e-01
7.797986043600653172e-01 8.092222255131596986e-01 6.802108839453799849e-01
7.988349471317763850e-01 8.176801488442715371e-01 6.717570430465773512e-01
7.616025782316402370e-01 7.847218178771747654e-01 6.735782249450664727e-01
7.522192227048937196e-01 7.723219298784279596e-01 6.725326269109174193e-01
8.570955424388475574e-01 8.547988137074917780e-01 6.535117264088587952e-01
7.808359960037118963e-01 7.821062074835811728e-01 6.597201613449028557e-01
8.750992069979481869e-01 8.570915564718059043e-01 6.370203407908042736e-01
8.685364563424491369e-01 8.474190829723766694e-01 6.331990283834458833e-01
8.418676720080831011e-01 8.547359878877210937e-01 6.759831414296584295e-01
6.954518951805184201e-01 7.866334101142385959e-01 7.398709420213488430e-01
7.338615138238028246e-01 8.050480076390880146e-01 7.236668332136355630e-01
7.578400895875364585e-01 8.191590546520490790e-01 7.155882913520523747e-01
7.767997150388208372e-01 8.291788358251176438e-01 7.078694411963776245e-01
7.961275225757018514e-01 8.315866077792796185e-01 6.981166856414815491e-01
8.166963242821050351e-01 8.424911088356917821e-01 6.874390673961496834e-01
8.743720468758668929e-01 8.631329882203464532e-01 6.591035239158145043e-01
8.732974572172704786e-01 8.582619400559133860e-01 6.548482433375015788e-01
7.390121921225858426e-01 7.855648691653283056e-01 6.886964800921361318e-01
7.420649954676139526e-01 8.056705704500489729e-01 6.955985176827742533e-01
7.958342388342325435e-01 8.181288482981849963e-01 6.693934054534883549e-01
8.014466159966502357e-01 8.110078880683222469e-01 6.618032407524063743e-01
8.802581054649798453e-01 8.580787110379035632e-01 6.243029984989989511e-01
8.666347063978863119e-01 8.382245210471958030e-01 6.161002001082003243e-01
7.295327337423581637e-01 8.012790600547525788e-01 7.150402174980670100e-01
8.217667832530629601e-01 8.471336335019806763e-01 6.795298453473429534e-01
7.854759388479527482e-01 7.994406807941408788e-01 6.790731516789680899e-01
8.574721463601395754e-01 8.526093592449365266e-01 6.523279272319798539e-01
8.474523698171921859e-01 8.356452866478302210e-01 6.486313934615228760e-01
9.016742988910162460e-01 8.798907009943010005e-01 6.219518852757132121e-01
7.435469415387716552e-01 8.187028094941716239e-01 7.179554189451392565e-01
7.518719835652076799e-01 8.043871842741457945e-01 7.140807333637845256e-01
7.971129948282263955e-01 8.287371410909345482e-01 6.966682535744218585e-01
8.092537705242608403e-01 8.277716633168288318e-01 6.870943494586561062e-01
8.280961591328561688e-01 8.215262463549808380e-01 6.697197351291667156e-01
8.174097729849665317e-01 8.040704913049465663e-01 6.557537519584206720e-01
7.155451449538547948e-01 7.892386093555533444e-01 7.358102435183819789e-01
7.389696004186877554e-01 8.108219719210602028e-01 7.423986330160194935e-01
7.819660964837928940e-01 8.433463294735931148e-01 7.212480893851569430e-01
8.221996671084584873e-01 8.593253084068941394e-01 6.838147286287671323e-01
8.741036905075343366e-01 8.765376375111496587e-01 6.404697756135526721e-01
8.104091366816237318e-01 8.117743833764269334e-01 6.420014647888965253e-01
8.024392257386410154e-01 7.830718513592683783e-01 6.244858540220886711e-01
8.645618346956639444e-01 8.629178943484695496e-01 6.495499260782441331e-01
8.647065761335910317e-01 8.422338723862485832e-01 6.261835499513584979e-01
7.345445888820225644e-01 8.102260034633567143e-01 7.118475448837364716e-01
9.373129516358902347e-01 9.001016079134148695e-01 6.097085101200199198e-01
7.801459704446334076e-01 7.900630235757992725e-01 6.828538138968757165e-01
7.731869438149636675e-01 8.158631111963778881e-01 7.040560503087041067e-01
7.700752771655533513e-01 7.940070615495600226e-01 6.818367174099264627e-01
8.696908858338685544e-01 8.617441348864706141e-01 6.408941763737119324e-01
7.577369656072777682e-01 8.211955101979993010e-01 7.114265190744455403e-01
7.730827451658877081e-01 8.243287681133322220e-01 7.032227871995400115e-01
7.817760726271311134e-01 8.029184869258485513e-01 7.002753008008213431e-01
8.042726386071397116e-01 7.996597747304819981e-01 6.670047698946014458e-01
7.391572744764778324e-01 8.208428722106773101e-01 7.296268175966086345e-01
7.551882586068108250e-01 8.113018480270168808e-01 7.184173057450441435e-01
8.196659753838635432e-01 8.427426250804247454e-01 6.882288566175700506e-01
8.534512850064510658e-01 8.502662921438900456e-01 6.648714919851288485e-01
6.679369018998282392e-01 7.705137823455792123e-01 7.555062359278272854e-01
7.787721080191729595e-01 8.374144725170797887e-01 7.207722395503566304e-01
8.252830923184623080e-01 8.583048346176023191e-01 6.823459355938027437e-01
8.543209826416309216e-01 8.660214457222629170e-01 6.550200818416799242e-01
7.493428934573995726e-01 7.693182559903620765e-01 6.635541472902619642e-01
8.228702753350461974e-01 8.089650225442241993e-01 6.290327102048570707e-01
7.914080870852681082e-01 8.095657277232641835e-01 6.613193895799357458e-01
8.364497593499602424e-01 8.323140673224508346e-01 6.295624809466330296e-01
8.284269670970616506e-01 8.129239878828303789e-01 6.426965782431129925e-01
8.292457132666100073e-01 8.135155877763028398e-01 6.519259838562153631e-01
7.963076234783609264e-01 8.131249240819632407e-01 6.712291263907734784e-01
8.101297215921361428e-01 8.336658417392897036e-01 6.647747635659981835e-01
8.086281395185919152e-01 8.125936315875634808e-01 6.523308150873520228e-01
7.636063532922687802e-01 7.993661713290437509e-01 6.914075078688872722e-01
8.115759807418156946e-01 8.147310177892028715e-01 6.726154385951692571e-01
8.353171598326055713e-01 8.317702914800063629e-01 6.724144585103820626e-01
7.926826676110776404e-01 8.206947016940155937e-01 6.937796999344155724e-01
8.349895312356635513e-01 8.313228184348110394e-01 6.773103284690653592e-01
8.246824642347162504e-01 8.547827821785974889e-01 6.895290928194954816e-01
7.979888761439233313e-01 8.349780050457541458e-01 6.933188603290206808e-01
7.709959588129454700e-01 8.147818312270816987e-01 7.054999774146792912e-01
7.455683562682643428e-01 7.959202796851748696e-01 7.160421938198406888e-01
8.551313578182391240e-01 8.734905398613546090e-01 6.644058909850777406e-01
7.759430266922412445e-01 8.186213274077857038e-01 7.229014477818370699e-01
8.210888872659474202e-01 8.355562832588667721e-01 6.930238846084016968e-01
9.602202827236183680e-01 9.155903657942079388e-01 5.791946259443823131e-01
8.881477035307621115e-01 8.477957332073182695e-01 5.942072724879731149e-01
8.851036988401510541e-01 8.454792920270435275e-01 6.105605356596084388e-01
8.784410953711627723e-01 8.410823919452453667e-01 6.060532215532342670e-01
8.431172210277932955e-01 8.170793548455314026e-01 6.432436386120475857e-01
8.425139712990430407e-01 8.165932929435530951e-01 6.422888850441405006e-01
8.279489972871975079e-01 8.065755652256002550e-01 6.435496978488542963e-01
8.438241939138872993e-01 8.175641181855262118e-01 6.530680731396352190e-01
8.827086412876434807e-01 8.622306652355842260e-01 6.378736185445400553e-01
8.139681800754613450e-01 7.966170248925233954e-01 6.537144142832700400e-01
8.882419910931769191e-01 8.663260482479583358e-01 6.482254479596605279e-01
9.069639463657045431e-01 8.793511491738040808e-01 6.390513013829893785e-01
6.935938377699734092e-01 7.912661310550681559e-01 7.380727699163959210e-01
7.083008923596227913e-01 7.990352830239684234e-01 7.512021325754972834e-01
6.797161064542598385e-01 7.760455239305965591e-01 7.497419026750824500e-01
8.496430139304402829e-01 8.393018832373062565e-01 6.625527628100578159e-01
6.790800039055638893e-01 7.754638123734330923e-01 7.526009425782196338e-01
8.884003916114633359e-01 8.662111420619496016e-01 6.666136449572168665e-01
7.776121316739674771e-01 7.992990842474733126e-01 6.941448417711975072e-01
7.480215849402345185e-01 7.939350520058298111e-01 6.647494532909609122e-01
6.728834163503920607e-01 7.216429096501034701e-01 6.790518056075439679e-01
7.581166715844820381e-01 7.928524214209321519e-01 6.430904684050240405e-01
6.468728299322411557e-01 7.335818542732951419e-01 7.126131162192476109e-01
6.906672669503685080e-01 7.735946779081368518e-01 6.942952156058327384e-01
6.707099152150262089e-01 7.570789986204503608e-01 6.938780403867965685e-01
6.412014531354511826e-01 7.258654415674077320e-01 7.088045822926176687e-01
6.849111672488232827e-01 7.529013440625746956e-01 6.911101322224039167e-01
7.063928958128262714e-01 7.766344826682315405e-01 6.790730190978526704e-01
7.064299285955890628e-01 7.757821166370860722e-01 6.790166332528944082e-01
7.042781861470018834e-01 7.731205121500674959e-01 6.778619956014529935e-01
7.262222137878964201e-01 7.887276962768818844e-01 6.748537456435362847e-01
7.248101163665116031e-01 7.866756265917405067e-01 6.731471815195428920e-01
7.263490805864369904e-01 7.834267165227060126e-01 6.741858564077324312e-01
7.484145973657788664e-01 7.984392502827396543e-01 6.672012733665776407e-01
7.845567780992732665e-01 8.097145017499792763e-01 6.431595348898206943e-01
7.810040695817361822e-01 8.058650939195279861e-01 6.381017309172800633e-01
7.780152047967109352e-01 8.025332632057010640e-01 6.359198364505377343e-01
8.090894901907266235e-01 8.242848559558060284e-01 6.355515645799134639e-01
7.799752014427958624e-01 8.021668386780742566e-01 6.385935821798456313e-01
7.762772368033650228e-01 7.982554227338670705e-01 6.356271387930763073e-01
8.331603370806924813e-01 8.385087635172311371e-01 6.298605561490389082e-01
8.318431748745265253e-01 8.364994709217554725e-01 6.281542429912888581e-01
7.990285739187902303e-01 8.115432236702383451e-01 6.262802914724049375e-01
8.208417193920836130e-01 8.260576153188461390e-01 6.245646422566891731e-01
7.777199075367673409e-01 7.785060461796678988e-01 6.425368877411272717e-01
8.214536503466183248e-01 8.245400872714764295e-01 6.215588276904375764e-01
8.463337185559456355e-01 8.391835875115113419e-01 6.171308778689452712e-01
8.228563012038850877e-01 8.217399569532963799e-01 6.286010509191412021e-01
7.303393559792075163e-01 7.521891443873405247e-01 6.443483328431278689e-01
6.610814034814362916e-01 7.323145646273444553e-01 6.803279590602049343e-01
6.863375549149286492e-01 7.489416784943713212e-01 6.713577610396324058e-01
7.265701974428503407e-01 7.781053515583203906e-01 6.596528144147044692e-01
7.185734793347151594e-01 7.693587050025824103e-01 6.571039615822140689e-01
7.379371181166756166e-01 7.809560475085044473e-01 6.508369204712043388e-01
7.308911069850632103e-01 7.729975651770285561e-01 6.515135132011581343e-01
7.866371756022698669e-01 8.060183167580221575e-01 6.420990427671988687e-01
7.393572559587301418e-01 7.654964280357349216e-01 6.481124090447376584e-01
7.720291939929859737e-01 7.982936319536649838e-01 6.323922118488698452e-01
7.213468630711714624e-01 7.413520904268009470e-01 6.405333020535192157e-01
7.142912833746657419e-01 7.333274203923981771e-01 6.378738729867092783e-01
8.293969686714135481e-01 8.272535260974649418e-01 6.115420772874252675e-01
8.219204799292356700e-01 8.192223022226349238e-01 6.102759982667365080e-01
7.539604464827117658e-01 7.539854239863995611e-01 6.218835060407864601e-01
7.719387845171405971e-01 7.640682693236328094e-01 6.219826790240932102e-01
7.679774464487976182e-01 7.584528115188829966e-01 6.197029729409520016e-01
8.328749573200912026e-01 8.168945822328667061e-01 6.028529068757627618e-01
8.462467063669081302e-01 8.236491260014316973e-01 5.895808969126160592e-01
9.283409786536362951e-01 8.963514002541331793e-01 5.646054279093832839e-01
6.385744387919161102e-01 7.591874371575210168e-01 7.381249989289790925e-01
6.401693058744772902e-01 7.446970110065295190e-01 7.346118973584903067e-01
6.378631037339068666e-01 7.416114973928925602e-01 7.323966343755262676e-01
6.731907710491670249e-01 7.651245355256935943e-01 7.152288654479503904e-01
7.003213083449435494e-01 7.853722052263988340e-01 7.087178518513729264e-01
6.831517346645865629e-01 7.763742487653170210e-01 6.962163698239891563e-01
7.242078079551141911e-01 7.988997803046387070e-01 6.994744011041640341e-01
7.172575951688329177e-01 7.781329715568359173e-01 6.952330584213792797e-01
7.403814613158230529e-01 8.042651267101671442e-01 6.699800602112173653e-01
8.299248049805585392e-01 8.668373140066387705e-01 6.590471748618718095e-01
7.679540237933357716e-01 8.080790760973340925e-01 6.699948697560925703e-01
7.379329767418807418e-01 7.840155508509091264e-01 6.796616547696098243e-01
7.985819351765226504e-01 8.268426032733953157e-01 6.764424732666856066e-01
7.952662825835725702e-01 8.225008289756217117e-01 6.737947801406611870e-01
7.913928160318679517e-01 8.314485755658173050e-01 6.395001765246228764e-01
7.956540993040618348e-01 8.195504992363173979e-01 6.659159742405840188e-01
8.611402975241095881e-01 8.799352993867367578e-01 6.455232778674326877e-01
6.960641735430292965e-01 7.709691111542138486e-01 6.821028778894679956e-01
7.249374404225131796e-01 7.837290516717678734e-01 6.777969303446961247e-01
7.192956385150259813e-01 7.749657191361203346e-01 6.639761887563120357e-01
7.182473787688192779e-01 7.698421345593641218e-01 6.653008327044511727e-01
6.467726924694136015e-01 7.006697870238789427e-01 6.733723095661379165e-01
7.498774025997044790e-01 7.829204863182658292e-01 6.475128490739550102e-01
7.509519457720319480e-01 7.916659634149988412e-01 6.260982870015756596e-01
7.680791656328077588e-01 7.868296896946584962e-01 6.398646904984203188e-01
7.829859341497338310e-01 7.925625106092705208e-01 6.322395435706087419e-01
7.737806999803807928e-01 7.808503917430027474e-01 6.329481646484019786e-01
8.127264434767142998e-01 8.195774411967795547e-01 5.982435943077593077e-01
7.863514067981980382e-01 7.800570343970537612e-01 6.197400394032127613e-01
7.034930389961885355e-01 7.537692386581866799e-01 6.811609560758493664e-01
6.249688391205451277e-01 7.351437991193213728e-01 7.361578470430880650e-01
6.520696195831583442e-01 7.543873464562491638e-01 7.300791821253255209e-01
6.790133069539036059e-01 7.755579113911678091e-01 7.045499989006331898e-01
7.132617892904100643e-01 7.807162360594307460e-01 6.760620427117191023e-01
7.201829788728951742e-01 7.601355437071242171e-01 6.739180420155249651e-01
7.790098774366299716e-01 7.994454761638717377e-01 6.667076081132377041e-01
8.340816202132836921e-01 8.351241767658541537e-01 6.499518229213161469e-01
7.720088855228206537e-01 7.862087336295863205e-01 6.531910728371296271e-01
6.844078652966353316e-01 7.261621760039665974e-01 6.552168738258339342e-01
7.516361634503958555e-01 7.647649616162520703e-01 6.429925289737600247e-01
7.959599553785171588e-01 7.992276380204358377e-01 6.209619550457885495e-01
7.838004604763051386e-01 7.806332687426468242e-01 6.064644782886620122e-01
6.765836140994441195e-01 7.488791703711931147e-01 6.868980491730575233e-01
7.498907223094349872e-01 8.053562464740575688e-01 6.657570492795417127e-01
7.018560328562680750e-01 7.501386520970020344e-01 6.724037472571441354e-01
7.508854392648569576e-01 7.890482955378268493e-01 6.331253899753376269e-01
7.587127476685437966e-01 7.726107878180012989e-01 6.544342453597344900e-01
8.159786796440815504e-01 8.200191692709495328e-01 6.078409353940101845e-01
6.859597498144796024e-01 7.638799078448822444e-01 6.972455776450328102e-01
6.700224826070644291e-01 7.437290154029142508e-01 6.936587012908155270e-01
7.415591093083399032e-01 7.905039770193225124e-01 6.822040983515279544e-01
7.470463503958149065e-01 7.780715096897248273e-01 6.551397526799226378e-01
7.692772909813845317e-01 7.861594855407095794e-01 6.451109223583619823e-01
6.640551508309910922e-01 7.647651872391790784e-01 7.233852617742229096e-01
7.382225277935356988e-01 8.070928105115210416e-01 6.715789983785490636e-01
7.234013021770945295e-01 7.605496189666151041e-01 6.828745849786362898e-01
7.734571615196612626e-01 7.889713973763881061e-01 6.717405864842252994e-01
7.045199914283105658e-01 7.356190019846926553e-01 6.515877378864555203e-01
7.637143639873291701e-01 7.710157055122494052e-01 6.050325069212331153e-01
6.713170784318568396e-01 7.620002392144573644e-01 6.978732980369454220e-01
7.753091789395609723e-01 7.994056897849624033e-01 6.397965455226859444e-01
7.703313910271689657e-01 7.760964361804318923e-01 6.143477054364820944e-01
7.011066670822352354e-01 7.635378892303151810e-01 6.750970528688715611e-01
7.204684020759901664e-01 7.587852698726416101e-01 6.560723235563629130e-01
8.158739739826437187e-01 8.240103109409753213e-01 6.087262832475464069e-01
7.313712236203540051e-01 7.864182386335738517e-01 6.829204271929874004e-01
7.176110086273340682e-01 7.564131731238119549e-01 6.600379340132001005e-01
7.500938993028455348e-01 7.613413357861138486e-01 6.387075509821004138e-01
6.365967708599303831e-01 7.421658504326761330e-01 7.258640391096681244e-01
6.826400647577771652e-01 7.576317118401170170e-01 6.906174298608194206e-01
7.316699606820775692e-01 7.788317449835154838e-01 6.591050900511480348e-01
7.679585684214838004e-01 7.891945684856634946e-01 6.335086867247189391e-01
6.348076979116267227e-01 7.444312680088281953e-01 7.335929283969401249e-01
7.013097515103235979e-01 7.797750957601207178e-01 6.873140660896477350e-01
7.624018022168372877e-01 8.129306979856442128e-01 6.565830510208288118e-01
8.038362260818230354e-01 8.154393248916078640e-01 6.597541763741581189e-01
8.018118783048284737e-01 8.530752678292062852e-01 6.584064723350168125e-01
8.132401201599899210e-01 8.223724327228399966e-01 6.703503252199817242e-01
6.145683427047471392e-01 7.312046628783358537e-01 7.535756332842218352e-01
8.022197853198993478e-01 8.531428703255398149e-01 6.724154501241823567e-01
7.577862782699210653e-01 7.959701272672797812e-01 6.599354766682575812e-01
7.304607214953527938e-01 7.660157370701836665e-01 6.496328775838915437e-01
7.385053579665112888e-01 7.496129374648345944e-01 6.276786366052994337e-01
7.364148871796845075e-01 7.706484943553438827e-01 6.625994821133472934e-01
8.109883790847558505e-01 8.153405570843574868e-01 6.215558543406622949e-01
7.874927164210459019e-01 7.985311767856309029e-01 6.277879881040500099e-01
7.685863902805896153e-01 7.850993937830830216e-01 6.409418808979555626e-01
7.773137657666115974e-01 8.047180773741449133e-01 6.179628577249475230e-01
7.789519915770517500e-01 8.059108392529417131e-01 6.235296963369709733e-01
7.169352506349850884e-01 7.763947443848164820e-01 6.564191792532551029e-01
7.804076673867034186e-01 8.069746899739878021e-01 6.341006516233735901e-01
6.855152211661701411e-01 7.239130632477168703e-01 6.666739407121355931e-01
7.205949246348035686e-01 7.789813242589659348e-01 6.685840745201175883e-01
6.888717145800832276e-01 7.262688582093169698e-01 6.750115031333112636e-01
7.233799860659940739e-01 7.812261880112005841e-01 6.756539874118729916e-01
7.244834698313131760e-01 7.656121351992397628e-01 6.605768370940727774e-01
6.919947257432352838e-01 7.663405231098607828e-01 6.699610238118168803e-01
6.825535507725426498e-01 7.712796964293173740e-01 6.990249954391855036e-01
7.553682047779693987e-01 7.885449971719203921e-01 6.696965538787050809e-01
7.497898796104996988e-01 8.106538831467849926e-01 6.852942007552539350e-01
6.868672849012402715e-01 7.747611968263160565e-01 7.075647964056439587e-01
7.945289390676051333e-01 8.173690334101056942e-01 6.793089246973967876e-01
7.949539449279892089e-01 8.305148920907095000e-01 6.591041873576406473e-01
6.913247361304781791e-01 7.737646316964394977e-01 6.861162054046394676e-01
7.743088084115735681e-01 8.158181101712970174e-01 6.678569700304056722e-01
9.461819654967620341e-01 9.074560511605758162e-01 5.718407660400021131e-01
8.493116468749830617e-01 8.223190881972791688e-01 5.926437896796439286e-01
8.457726928743636297e-01 8.195245292237989254e-01 5.933409869720717156e-01
8.079335001009306794e-01 7.932210762396142423e-01 6.113785612636392086e-01
7.922625405691565703e-01 7.821150798032917573e-01 6.239022024894188556e-01
7.932612829292799983e-01 7.827667143400619532e-01 6.272761743290428127e-01
8.187832238935917051e-01 8.180404430211307698e-01 6.115507165941215240e-01
6.220917409391930608e-01 7.263382123961885650e-01 7.247814819491931182e-01
7.193677379573373276e-01 7.298568348387536320e-01 6.514347038441409277e-01
8.196366387117000052e-01 8.186387116433488931e-01 6.154239620088928220e-01
8.177631174297490535e-01 8.171519274725863591e-01 6.186216694395154647e-01
8.205822276947422056e-01 8.190203915505459564e-01 6.265882995870456496e-01
7.671974507946661692e-01 7.806427507855774328e-01 6.301553850695095216e-01
8.194697566961988144e-01 8.345695141012098306e-01 6.505510535394595228e-01
7.799232252281127487e-01 7.898883287350272342e-01 6.740512045735560509e-01
7.207719579678573130e-01 7.793207021133828905e-01 6.627636628869686408e-01
6.643773949427499437e-01 7.264128533596189152e-01 6.877034976948717127e-01
7.032839733049048858e-01 7.774647675497003974e-01 7.132056704814911940e-01
7.724666917284193079e-01 8.012931013355358845e-01 6.799002626829261375e-01
8.406925095798056802e-01 8.456777303988551875e-01 6.345568016205080930e-01
8.282076996447015338e-01 8.118380397955924366e-01 6.432710245281612060e-01
6.919424686731907581e-01 7.795527336039822508e-01 7.214752512502141668e-01
7.336614108007758484e-01 7.844670419505611614e-01 6.952940643904282902e-01
7.219392070373300552e-01 7.881321995302646988e-01 7.075359886884096117e-01
7.742867212271863364e-01 8.060871067314776539e-01 6.798107607123249352e-01
7.166434907884380312e-01 7.896340796964784747e-01 6.894047179147934079e-01
6.903248424234091907e-01 7.594523147053113821e-01 6.925814738400929427e-01
8.074118075110725545e-01 8.012295441845386224e-01 6.320542274322777931e-01
8.131237286365766703e-01 7.880467843974682252e-01 6.178387009325863044e-01
8.832321865893882906e-01 8.474411578792151456e-01 5.943536610837015788e-01
7.325961434118968274e-01 8.080476573938408791e-01 7.346049417838631523e-01
7.446859964379317631e-01 8.209639962827481874e-01 7.204361355245169074e-01
7.647147666946774169e-01 8.188930774624165743e-01 7.027813273616042578e-01
7.931229849455401215e-01 8.364668579080434263e-01 6.959253914316770873e-01
8.196261327016065579e-01 8.526662619274253396e-01 6.850202242720585533e-01
8.515356759497528794e-01 8.625433587461965868e-01 6.553265061701426530e-01
8.323289076720086221e-01 8.293838250768689191e-01 6.665320613480772982e-01
7.419213963136727097e-01 7.947929678238268014e-01 6.892302487749555340e-01
7.141005226766140579e-01 7.896517376199211347e-01 7.005078620929875433e-01
7.309347006070596731e-01 7.893223482249862588e-01 6.788246425924873151e-01
7.387973730528158978e-01 7.761866289636234484e-01 6.716638464625047655e-01
8.134594604637309656e-01 8.311186022006009644e-01 6.562670329778121925e-01
8.216803394587212095e-01 8.269937947339192075e-01 6.449853212087470755e-01
8.188266473006313717e-01 8.007125792525421337e-01 6.466215609170040679e-01
8.220353775463278279e-01 8.281578269049842955e-01 6.650877183910443025e-01
7.239645784227950465e-01 7.920265393363515871e-01 7.167081530178132098e-01
7.338620774468547214e-01 7.914483299008558959e-01 7.025775839756340790e-01
8.471432442759612158e-01 8.419527960708148573e-01 6.590136945646793976e-01
7.068435878962897601e-01 7.735903703418854915e-01 6.955847625312648885e-01
8.103402965573456296e-01 8.119879832550720433e-01 6.544642864871250687e-01
8.600797949482469340e-01 8.391296655549972394e-01 6.113580554317713522e-01
7.071671325246349227e-01 7.790236462460526923e-01 7.090497987142287961e-01
7.874071106983299151e-01 8.073098984525826083e-01 6.662058520875558942e-01
8.486730170825271813e-01 8.312297050304783275e-01 6.352507146141419536e-01
7.672593102843492385e-01 8.208334977422833134e-01 6.947287828268642329e-01
8.060069004950886074e-01 8.331200286904625329e-01 6.739755634480001367e-01
8.174014210138502712e-01 8.092372418583794191e-01 6.642984173821631089e-01
8.686836470708927394e-01 8.528893119702910530e-01 6.502304264978475690e-01
7.447305870914259218e-01 8.121990706520412218e-01 7.057793989668368351e-01
7.586576460795031451e-01 7.979599674146968802e-01 7.002656282162407209e-01
8.040603817288691779e-01 8.152079886288204902e-01 6.769634532417678763e-01
7.823564198372626732e-01 8.030360479482094860e-01 6.479013125777194348e-01
8.047512957436149250e-01 7.963541573562489262e-01 6.348036386373174800e-01
7.595466717331118556e-01 7.862631720194031004e-01 6.628309939421159758e-01
8.165169295953382811e-01 8.185277248069252609e-01 6.319289780643655430e-01
8.208570255918458125e-01 8.216862954812530484e-01 6.510671027757579665e-01
8.268026327911458528e-01 8.261221249781385279e-01 6.514970560631659913e-01
7.794972774248343228e-01 8.214753867945794319e-01 6.729578858661106056e-01
6.994861757008944414e-01 7.700971039406409036e-01 7.152742184370577405e-01
8.483138946445794026e-01 8.553849291410502431e-01 6.553446352633184313e-01
7.583349518423873059e-01 8.059863571747742927e-01 6.910251600624073287e-01
7.261874298418335982e-01 7.976231090734197116e-01 7.112935556468795717e-01
7.274200096546640237e-01 8.055603888435909354e-01 7.136342961658300732e-01
7.754661556235032949e-01 8.023894453214581723e-01 6.822341085947627448e-01
7.698493630900069551e-01 8.143382515646853115e-01 7.194074765652269665e-01
7.848190566010417868e-01 8.218538041265289751e-01 6.661771357888882639e-01
8.734044892671473104e-01 8.383814901968847932e-01 5.950287937778745428e-01
6.763977467226299778e-01 7.611277422515769775e-01 7.160480714367448707e-01
7.883204660142122400e-01 7.620239341072704287e-01 6.371384153279238127e-01
6.926328147912896860e-01 7.778088504591486041e-01 7.186695742447797297e-01
8.337485633502489391e-01 8.105585148044500698e-01 6.255300362556645011e-01
8.985143848803339717e-01 8.736519426091170493e-01 6.287405609794984862e-01
8.977753915719501876e-01 8.730402451977090639e-01 6.325350442369497284e-01
8.805338632215587991e-01 8.611491233300863080e-01 6.362098617509126530e-01
8.266744687854665763e-01 8.058564149679330324e-01 6.602798247706613832e-01
8.846245241968695439e-01 8.639722555076144728e-01 6.462412589954531494e-01
7.687017267688303068e-01 8.139798271307837618e-01 7.027257071107430031e-01
7.668000169159401302e-01 8.123527661821946522e-01 7.093623516355500591e-01
7.336206258352340193e-01 7.669529489472538542e-01 6.810865255167962706e-01
7.987290468475216620e-01 8.253941399559829861e-01 6.599599980386553488e-01
7.956959471797401262e-01 8.230193542417296726e-01 6.646059168981769405e-01
7.350993814778099544e-01 7.680535644594409517e-01 6.783552930465073239e-01
7.581698063186380621e-01 7.819376971178469971e-01 6.742083938562486445e-01
7.339850269135861360e-01 7.857761063519946854e-01 6.974127160065793918e-01
8.531909838403457513e-01 8.485691677261434362e-01 6.311796062257593043e-01
8.518340856466437572e-01 8.434874053833886220e-01 6.228971840237652602e-01
6.727890230856901077e-01 7.534279069334546275e-01 7.115046812115943808e-01
7.167648322318531662e-01 7.922523677864931058e-01 6.929877045124971380e-01
7.204064965169802992e-01 7.671944707258605556e-01 6.869930760570613915e-01
7.416566506443922346e-01 7.783695631423649397e-01 6.817092503423333172e-01
7.458428118211555269e-01 7.908423606840108144e-01 6.671136943881049719e-01
7.651461512685125976e-01 7.758698969655469790e-01 6.647684364953789782e-01
8.328430302899947346e-01 8.373736820112055446e-01 6.278498349900506481e-01
6.898746984498426160e-01 7.529252595392498248e-01 6.794460431316368121e-01
7.586535829546280363e-01 8.056029904672916686e-01 6.605428036377483103e-01
7.476642717292307783e-01 7.919649609413563773e-01 6.574873336026285653e-01
7.354800956768743347e-01 7.772228829480162249e-01 6.508691024692038196e-01
7.201649685825246561e-01 7.516184223010446974e-01 6.585414468427025492e-01
7.390679150862121682e-01 7.687937123247443605e-01 6.479568561240552915e-01
7.543569302756338857e-01 7.745263794570348415e-01 6.424495714778620803e-01
7.680151314022349851e-01 7.734996661670426876e-01 6.411172565667980772e-01
8.043967915925980261e-01 7.939849352966019680e-01 6.352532260807448594e-01
7.697777917981594165e-01 7.636288642042527997e-01 6.235181786791739178e-01
8.088895436794756311e-01 8.008857353414601254e-01 6.025725796080894092e-01
8.043672568663734479e-01 7.765387715282504599e-01 6.141793622832459887e-01
6.904369835576582570e-01 7.844028085661542971e-01 7.342779831330815687e-01
7.184603355564479488e-01 8.068868658287317031e-01 7.078867047767982701e-01
7.106941409649344399e-01 7.864317166400438541e-01 6.905730646296265318e-01
7.191707279692151067e-01 7.814757287383974349e-01 6.975028975710797496e-01
7.697775340156471913e-01 8.265524054194255399e-01 6.816746298674989379e-01
8.014492905952115276e-01 8.328477248442450742e-01 6.832232978764383180e-01
7.959391481960097492e-01 8.250388040812419721e-01 6.665618453317837533e-01
8.247669227082404797e-01 8.430020429064416509e-01 6.591845958759541269e-01
7.963780862810516670e-01 8.187948714641063441e-01 6.532182503975620946e-01
6.721099239289931582e-01 7.374200095020203571e-01 6.906226611065661158e-01
6.815159722187819069e-01 7.342592680315471743e-01 6.835316272171936269e-01
7.577656570328263896e-01 7.911407493795072909e-01 6.476644865120899652e-01
7.685708178993873041e-01 7.892933654376977914e-01 6.494107357329315100e-01
8.015251912240988208e-01 8.029876726461108172e-01 6.336555848011473646e-01
7.911069786703608386e-01 7.857304097322037606e-01 6.277014812972904201e-01
7.681846384733687083e-01 8.201993130431851631e-01 6.721826829908877921e-01
7.551387802540314720e-01 7.835456607092918802e-01 6.590533240456583064e-01
7.783399517509917986e-01 7.924741012526512751e-01 6.453834908027628048e-01
7.120490071391155640e-01 7.622348633859208356e-01 6.648273248191040041e-01
7.658399691487984828e-01 7.918278538576183356e-01 6.315796082605903417e-01
8.151556386768266105e-01 8.077292506352622414e-01 6.176945648316197746e-01
7.232679121370343411e-01 7.795431256822328292e-01 6.786593592245594442e-01
7.292016750868901553e-01 7.655018887182605258e-01 6.682117134392639990e-01
7.502266484248862888e-01 7.612189905095604336e-01 6.482806607648443631e-01
6.921545339734043178e-01 7.721979945725648831e-01 7.070358035643884431e-01
6.545096894800186416e-01 7.497378202956371807e-01 7.229395915976657427e-01
7.102754097933052790e-01 7.785864033759385405e-01 7.001984984751074004e-01
7.999594794686692989e-01 8.119885519684126862e-01 6.556694070976855082e-01
7.455186416769079560e-01 8.001346521543430956e-01 6.862754808729941702e-01
7.259236167267331119e-01 7.578783055557977155e-01 6.785312921654390594e-01
7.240285211704304835e-01 7.606794220425963093e-01 6.573290188403735357e-01
7.505203263884430154e-01 7.708139487289502600e-01 6.137032082516394871e-01
7.646681145482699948e-01 8.010993728839553851e-01 6.477014171050846647e-01
8.048779633551240709e-01 8.102116803822750901e-01 6.317112225296052097e-01
7.416746894530040768e-01 7.841794689885244196e-01 6.623759428050330911e-01
7.514754568686536906e-01 7.916787786008646632e-01 6.847549036311313397e-01
8.146726680170057744e-01 8.316765825831820003e-01 6.331696978466490044e-01
8.160757977634436333e-01 8.326555002459502530e-01 6.471087577272648383e-01
7.911868573500062674e-01 8.270323949831123178e-01 6.413528049651663343e-01
8.253480135453497013e-01 8.520866519833290020e-01 6.591890567383839050e-01
7.434250785333295086e-01 8.135374721159344125e-01 6.951447672440266290e-01
7.723117058148912806e-01 8.129374546852793371e-01 6.804090688624809813e-01
8.610918899683579486e-01 8.301719159308709184e-01 5.994058841274185756e-01
8.445183303461887281e-01 8.184900726277694050e-01 5.974130726616367904e-01
6.605256804173147422e-01 7.529995599543171103e-01 7.000810827061135777e-01
6.608459825509219732e-01 7.532590836555422831e-01 7.068027950079383004e-01
8.665179931100773780e-01 8.516070916730816842e-01 6.029965699955008862e-01
8.155278251426543168e-01 7.983276594584247654e-01 6.238062352829557566e-01
8.154194402798444763e-01 7.982140446803290823e-01 6.326366880520747360e-01
8.527019952604200093e-01 8.421885162738305119e-01 6.102975029577600852e-01
8.209220308873252936e-01 8.022566993312094663e-01 6.449154569205166609e-01
7.982681976504621968e-01 8.028291195093323340e-01 6.285805759330687081e-01
8.457251521478220679e-01 8.531157707359556808e-01 6.156220729387671398e-01
8.321842524314527756e-01 8.273745076429278589e-01 6.414969143270370378e-01
8.526878422818398029e-01 8.583975242630854652e-01 6.311118135993564193e-01
8.259819795753948757e-01 8.389802700553201653e-01 6.372076318867339051e-01
8.787556487409731165e-01 8.768463329503759507e-01 6.436932347374806351e-01
7.237163711803650257e-01 7.709206699086297299e-01 6.866703653854565603e-01
7.879053868458190113e-01 8.078561039954063050e-01 6.793455658893363669e-01
8.306927137967501373e-01 8.187662048188877328e-01 6.496786491585994083e-01
7.049554050096955571e-01 7.736213701885453764e-01 6.929006745498184072e-01
7.408095432143748660e-01 7.570244270965905686e-01 6.575760449208941649e-01
8.085110916663901248e-01 8.048197256089982821e-01 6.328384802934604592e-01
7.159036369671653022e-01 7.930830461441984447e-01 7.312435051339466474e-01
7.298555805490923865e-01 7.970590661444627578e-01 7.119864858074173020e-01
7.499294985815719849e-01 8.057218339711448296e-01 6.947000171845715277e-01
8.899675827394735173e-01 8.951588058291525263e-01 6.647439455205996772e-01
8.212548557591663467e-01 8.233788657945271261e-01 6.864187624506861152e-01
7.305631420772231710e-01 7.915368904708196540e-01 7.097422271317195275e-01
7.747163909828369555e-01 8.084505056532517164e-01 6.865549553922308812e-01
7.596459459546626158e-01 7.752804164013235022e-01 6.602603503985139399e-01
8.386501274524742477e-01 8.240677112963210593e-01 6.358325831763407265e-01
7.554500644446673352e-01 8.114230672917872589e-01 7.031355634573041025e-01
7.445822819074029431e-01 8.138002030416725541e-01 6.985213837570182216e-01
8.755731257773748943e-01 8.394068939581750266e-01 6.022424950567433211e-01
7.237150382136314786e-01 7.742043811651541096e-01 6.874672240560347758e-01
8.011256836394506919e-01 7.938505719187697318e-01 6.421270442828873604e-01
7.114842098832517836e-01 7.719798680271220404e-01 7.029058289024732176e-01
8.174640479321600983e-01 8.192287244324925055e-01 6.592430706598724210e-01
7.742591424625964169e-01 8.073457212752579437e-01 6.908259122255602236e-01
7.111554059315308152e-01 7.858812601683714538e-01 7.032799522310356766e-01
8.431046186888682126e-01 8.516450012996652497e-01 6.516348551129949040e-01
7.572103636787879122e-01 8.051237976753541359e-01 7.108849979283262677e-01
8.827820188147634806e-01 8.934542071882424219e-01 6.630305971425184408e-01
8.002439908029334026e-01 8.160575986946603244e-01 6.584560190769001009e-01
7.558889134748407734e-01 7.836242143365759194e-01 6.718294040878473039e-01
9.054703388920434248e-01 8.782866298752641798e-01 6.062153353593594529e-01
8.737752137634020588e-01 8.562226133602778289e-01 6.445827460388645624e-01
6.648896811345867963e-01 7.642606495778176967e-01 7.509679647662818036e-01
8.558671734749329074e-01 8.437339157260993483e-01 6.528844512412763645e-01
8.605947069201915767e-01 8.470660220698900122e-01 6.570830456073862846e-01
6.954898432474396763e-01 7.760995781978294872e-01 7.156380444639502958e-01
7.193478699626598694e-01 7.713817331993889637e-01 6.763485850603823124e-01
7.230649262627878437e-01 7.919800133734892222e-01 6.832236274756594563e-01
7.716239098452507550e-01 8.220273589141338100e-01 6.946498860337005921e-01
7.997299713419538936e-01 8.363759384016813403e-01 6.840194063930803425e-01
8.252701495715417668e-01 8.484352927598511895e-01 6.697491679673804876e-01
8.561404366390247267e-01 8.641230977862455198e-01 6.520951472165639196e-01
6.563584665134823970e-01 7.454569467452469844e-01 7.145200516019754033e-01
6.843962054576071541e-01 7.614231548386812820e-01 6.957795089477045725e-01
7.638614966332111234e-01 7.562402073283519544e-01 6.446911049802322990e-01
7.155800147147595158e-01 7.898156836608212217e-01 7.161432129853242401e-01
7.645614782189910086e-01 8.024932817266189344e-01 6.796176290457388580e-01
8.362318436444231562e-01 8.384203716511917648e-01 6.679832504899922974e-01
7.382202202277214909e-01 7.705745387715254857e-01 6.653689306299833683e-01
6.588135928393262786e-01 7.513710415052159419e-01 7.210237810912849543e-01
7.699878768650917360e-01 8.149952861370743928e-01 6.824535574458759912e-01
7.382018967731790449e-01 8.072074353593809981e-01 7.034135560676773036e-01
8.130268968687817122e-01 8.301683331058484772e-01 6.627009969842500015e-01
7.763107448753945317e-01 8.292527122229964576e-01 6.912733682620396669e-01
7.864459948206781181e-01 8.103086305005809953e-01 6.776411365844318135e-01
8.792197962829086944e-01 8.423652927374080113e-01 5.988519236868359297e-01
8.545677096784305427e-01 8.252340606061405737e-01 6.132205499662550796e-01
8.289417543849112446e-01 8.073823028270095126e-01 6.356180844455729950e-01
8.314174203094566451e-01 8.092098145187369695e-01 6.497401416471447755e-01
8.504573780420943141e-01 8.401475542230749660e-01 6.490814238181986662e-01
6.381553533594164218e-01 7.429588225297494297e-01 7.482859110334559860e-01
8.313672773021949514e-01 8.265841707992604981e-01 6.594329853587765911e-01
8.761440868139074301e-01 8.747863057675686616e-01 6.409972301077319079e-01
7.188450240017920656e-01 7.763078074635192394e-01 7.001513561502047400e-01
7.515594310071718187e-01 7.989399086965536245e-01 6.627743597551578603e-01
7.475662696189019352e-01 7.808077784906342078e-01 6.840372748381893242e-01
7.919466065099549645e-01 7.888904303593298195e-01 6.433540159991887331e-01
8.342526415653648275e-01 8.140135661779873688e-01 6.473388569021433225e-01
7.214696489754357511e-01 7.735802485216152213e-01 6.788892607783014732e-01
7.698125720125976734e-01 7.995670741207470122e-01 6.518164004196740358e-01
7.454608790027347220e-01 7.704018270510353261e-01 6.405302714852247892e-01
7.578029387220998059e-01 7.686961880239514544e-01 6.429737255806456941e-01
7.644925359544492149e-01 7.625273722337158055e-01 6.260901864521305482e-01
8.627590040624169010e-01 8.364913619722336158e-01 5.992362352954683224e-01
7.019180619003992927e-01 7.921234045258229717e-01 7.300048966640626524e-01
7.354830321379779434e-01 7.952751667758901633e-01 7.057559458621249782e-01
7.880117206035337496e-01 8.388467652519718820e-01 6.703081949611069401e-01
7.886163607735461323e-01 8.215783031220307286e-01 6.779782713673278005e-01
8.369852627555134372e-01 8.350413632261396435e-01 6.879040376288947378e-01
6.675077370942517074e-01 7.489083268849184849e-01 7.012288871459625428e-01
7.364912507108887230e-01 7.805416395862787571e-01 6.858556644213955611e-01
7.478628591053501085e-01 7.669339035366065094e-01 6.600829947938058329e-01
7.407910394027633627e-01 7.397909229988195445e-01 6.415136382837807183e-01
6.535675923401210730e-01 7.556316957028669234e-01 7.460145662496943109e-01
7.530925782107200650e-01 7.631272337113712556e-01 6.688787780865907973e-01
7.220613976299354864e-01 7.806652361524509809e-01 6.758333609242418438e-01
7.745517627527970239e-01 7.750757227184844611e-01 6.403956464892687217e-01
7.528503785356094324e-01 7.726513044016301013e-01 6.586175501854405478e-01
7.024246563137780397e-01 7.541597560710827652e-01 7.024646344503783224e-01
7.365266612303941196e-01 7.995264374023210996e-01 6.941433086056856272e-01
8.078475240416520542e-01 8.262105392839116380e-01 6.881047575123411253e-01
6.852643690213341410e-01 7.687721227942514446e-01 6.948552927380682309e-01
8.559046157043093128e-01 8.266132760515551015e-01 6.059473181697155875e-01
6.913884892504846835e-01 7.735311834590028468e-01 7.094471456132910303e-01
8.367813979710896355e-01 8.131233507507837910e-01 6.112125989353849320e-01
8.234316567543120691e-01 8.037697168746854581e-01 6.205705224271830245e-01
8.809481485992742833e-01 8.616585711406704595e-01 6.235784233151726585e-01
7.890582346582561968e-01 7.795082915543432023e-01 6.575016268230949867e-01
8.433823422985058382e-01 8.350892470682879098e-01 6.417475801159269189e-01
8.962708391083569204e-01 8.895938528691376135e-01 6.288873960360028548e-01
8.741398114694785004e-01 8.737758942382363170e-01 6.481149897763928136e-01
7.692516029060573191e-01 8.038799961453872989e-01 6.559269024169871454e-01
7.703815575151662376e-01 7.946335489215281545e-01 6.650049987387270933e-01
7.559960115778441292e-01 7.978129119120438428e-01 6.509323137235474288e-01
6.573698404996112243e-01 7.508024758160468659e-01 7.239188005040965157e-01
6.638881475764690787e-01 7.475819475072209563e-01 7.058638798812933990e-01
6.962526439409175705e-01 7.579909327474790848e-01 6.721828203162154569e-01
7.578134050545241029e-01 7.744219357683075344e-01 6.538473405862544885e-01
7.861275615855038978e-01 8.043406318075619899e-01 6.307171728685133649e-01
7.132023143460132220e-01 7.581421731348071402e-01 6.485459730455265248e-01
6.817382607418021045e-01 7.139693715210648772e-01 6.650472053068819944e-01
8.350386477887143943e-01 8.271112441657674230e-01 6.148573056916629698e-01
8.218039173471025638e-01 8.077948027756578497e-01 6.034040406635691189e-01
6.881311001620514789e-01 7.862820108359162008e-01 7.205437554599253280e-01
6.742410757117528464e-01 7.482880678767415139e-01 7.046765491980681029e-01
7.833884944721778432e-01 8.357925246856683366e-01 6.691765645040109733e-01
7.819848404833842359e-01 8.172290875916994324e-01 6.675697127113637830e-01
8.038113001691225001e-01 8.394253482800119182e-01 6.381316554791097717e-01
7.075168560448339417e-01 7.678514570355643443e-01 6.661079886227295743e-01
7.500175577034127183e-01 7.687538403817140154e-01 6.594150320316018998e-01
7.587233650714420019e-01 7.674018877358033119e-01 6.357057192527627576e-01
6.564603501421386600e-01 7.561920063325658914e-01 7.258329448664272432e-01
7.689140367291753542e-01 8.036550931155415078e-01 6.341621984816965263e-01
7.963704919615299804e-01 8.045001604691826014e-01 6.291138471887467443e-01
7.526725886150473777e-01 7.729252697750561563e-01 6.549273720061833393e-01
7.560979072130912249e-01 7.752165822758939617e-01 6.686301083126835465e-01
7.796847571365510543e-01 8.188185711410456147e-01 6.602128023073858820e-01
8.488583203782849029e-01 8.214820109554271665e-01 5.958209240049221478e-01
8.240513190013571965e-01 8.044405493841154664e-01 6.207500192060365629e-01
6.440441151155498201e-01 7.439193222632747293e-01 7.218256109827361211e-01
7.606926822864706894e-01 7.595313567510891817e-01 6.282597826328921720e-01
8.584750110279238955e-01 8.624446428991258129e-01 6.247228817786751875e-01
8.333687289618072480e-01 8.443131315653621405e-01 6.463818622632535593e-01
7.042078206729880385e-01 7.663474155488082529e-01 6.666136381011321665e-01
6.971721663073687791e-01 7.507795305724953572e-01 6.769958698178876189e-01
8.286661016557131942e-01 8.272983403821523307e-01 6.553888991853532575e-01
7.273216851721179266e-01 7.840044376982944208e-01 6.907512873107504170e-01
7.609907386122740647e-01 7.654936263519787065e-01 6.582941128642816331e-01
8.795068492729612997e-01 8.523243256253757449e-01 6.081156786968835437e-01
7.420191381870061553e-01 8.096832765765245021e-01 7.179480395556393502e-01
7.934817006771454073e-01 8.346354108182374443e-01 6.888669108915419503e-01
8.328569261968181703e-01 8.355805647945142578e-01 6.933639667062817535e-01
7.715597876052894266e-01 7.726242052742802180e-01 6.537562134973868844e-01
7.522207410295279617e-01 8.171504580193184042e-01 7.153649018349913513e-01
8.252659461516206330e-01 8.385165118838932008e-01 6.712024844376602850e-01
7.812986313429723939e-01 8.020313454219850646e-01 6.651412410452497426e-01
8.774342996363175828e-01 8.404328327263730358e-01 6.049027592430042954e-01
8.613318518548116476e-01 8.297072843075752324e-01 6.235798054408431268e-01
6.880974023125822070e-01 7.828457591634219170e-01 7.340906246284878423e-01
9.143553135860763570e-01 8.843933720472595406e-01 6.254818400357090580e-01
6.880017603038462992e-01 7.868335531729769849e-01 7.498682289403121315e-01
8.819371678408260973e-01 8.617868777477628583e-01 6.528390616657706591e-01
7.632350453392622303e-01 7.990131517799130556e-01 7.198847894173763251e-01
8.162796001633183529e-01 8.185086982310142423e-01 6.577627329195314676e-01
6.877719132987815120e-01 7.543225312839502150e-01 6.853933504227611717e-01
7.904260608094991758e-01 7.976010683445432514e-01 6.449948720271345692e-01
8.331430992688506620e-01 8.277161697019769226e-01 6.642424877788429827e-01
7.269023082034093974e-01 7.983731704620200542e-01 7.201505107645254089e-01
7.707510299855521163e-01 8.149492194615252094e-01 6.974705174553597065e-01
6.813298344494013170e-01 7.776812792300276111e-01 7.454153403737182604e-01
7.883955670534006366e-01 8.072306971975992118e-01 6.665072405263735567e-01
8.859496061252913890e-01 8.649603776630707674e-01 6.383839415400154316e-01
7.470159605372058698e-01 7.972994182974397770e-01 7.080517348293020596e-01
6.944013038960719086e-01 7.839283956264891939e-01 7.236594114943836198e-01
7.585906048127946111e-01 7.863018927943198344e-01 6.790153535371307170e-01
8.316547380684149449e-01 8.195036551491715615e-01 6.500605762282304356e-01
6.983885611376277058e-01 7.751349672299172600e-01 6.954259881386400943e-01
7.217498299990317001e-01 7.850681799349776835e-01 6.792831070596258014e-01
8.152312651205446681e-01 7.925042032173567064e-01 6.214024119831564885e-01
7.002460310168509006e-01 7.846840162565034138e-01 7.389801597153307089e-01
7.826170293316874194e-01 8.160087047191136866e-01 7.141411231039052065e-01
8.593434934131594094e-01 8.697491986727809987e-01 6.753143685046828493e-01
7.310171298796499517e-01 7.652870619118716800e-01 6.789815587347521886e-01
7.524834946810110559e-01 8.015347356023653225e-01 6.975521966084481384e-01
8.167438185519253491e-01 8.324574513165421408e-01 6.743229792622613683e-01
8.756299765014153857e-01 8.578547543220809146e-01 6.334064017474917430e-01
8.154375989201265718e-01 8.151973070916499475e-01 6.679799400565664680e-01
7.544522386187783036e-01 8.030953325512487639e-01 7.032050060468014729e-01
7.115781854033126352e-01 7.855218463660017525e-01 6.958882419665863850e-01
7.112485571888584879e-01 7.774330970806990759e-01 6.830332492953719026e-01
8.639160128216406553e-01 8.422180153725407070e-01 5.983897051035877990e-01
6.998912999708977178e-01 7.904036367325433243e-01 7.263129564758433743e-01
7.939955267234368730e-01 8.463557761149046454e-01 6.775366551688657424e-01
8.444694197948070524e-01 8.588624704427475498e-01 6.593818375692395151e-01
7.398301187549992664e-01 7.816052714075560903e-01 6.652543372345799400e-01
7.707570432583709108e-01 7.854597744650306801e-01 6.335690284626745994e-01
7.549752572837904463e-01 8.132093616754560994e-01 6.887667346763536314e-01
6.550147854802575997e-01 7.568300708360924389e-01 7.464148071779055371e-01
8.015877990650677187e-01 8.214807016667277084e-01 6.750253544766030567e-01
8.665731007827104371e-01 8.517810201916879986e-01 6.432324714610324623e-01
8.227724933438851362e-01 8.203136518058307125e-01 6.663235837685340668e-01
7.317434308390344810e-01 7.956460929839666019e-01 6.950884088080515610e-01
7.292186970559261239e-01 7.697071273292790394e-01 6.841418039110072069e-01
8.136277248883212465e-01 8.118575793530976581e-01 6.537623618396150027e-01
7.249841987827342349e-01 7.829105310476603963e-01 6.613579773002337125e-01
7.743985583766394010e-01 7.862958813875146058e-01 6.430571847946374708e-01
8.788221316646482872e-01 8.529204921033267661e-01 6.055165256090128123e-01
8.300233304549389235e-01 8.489373043164610833e-01 6.714049798692519611e-01
6.879169883967696242e-01 7.747429393566835909e-01 7.045088939957636631e-01
8.048047316375850357e-01 8.101528287888619673e-01 6.387743384507788003e-01
7.163456186754104671e-01 7.842319757814355530e-01 6.782432960087453333e-01
6.658780932808118225e-01 7.534500597785876996e-01 7.012775919322330465e-01
8.478689377588581877e-01 8.210003847921819586e-01 6.086565403402833807e-01
8.323589168166101171e-01 8.100003385588909754e-01 6.273054946896404749e-01
8.742516946927870736e-01 8.570387713512438443e-01 6.336696000920429839e-01
6.394477153293639526e-01 7.515334835749133413e-01 7.438116594388083369e-01
9.015783965093719932e-01 8.933523030445406077e-01 6.358723884369769097e-01
7.750575010912987839e-01 8.036881627517187265e-01 6.862943229373140719e-01
7.992700472191155425e-01 8.016886323492399269e-01 6.509582320215816509e-01
7.372382134277681853e-01 7.594750422393734546e-01 6.455126653501720435e-01
8.650591900679673873e-01 8.431521129827662664e-01 6.003113642917271564e-01
6.606902830926052461e-01 7.677962736809050837e-01 7.378143864588192491e-01
7.124549856241598755e-01 7.951992122479917269e-01 7.101413292504078489e-01
7.551440946249947661e-01 8.070644347763517024e-01 7.008994454348982384e-01
8.384769314957432051e-01 8.679288340584524475e-01 6.591040267046270884e-01
6.655274708046599041e-01 7.374739310938349668e-01 6.930485877082608326e-01
7.950240811701766441e-01 8.033077727538942003e-01 6.399255943029743543e-01
6.486398821358424494e-01 7.374178850401160723e-01 7.234165698683424628e-01
7.676419444056884478e-01 7.967282367232926266e-01 6.711908909488197850e-01
7.040195911510555016e-01 7.876619172739903751e-01 6.932471686587750037e-01
8.503143517580540323e-01 8.225669976149305729e-01 6.027196640229743885e-01
8.198675768226181271e-01 8.012682602688420141e-01 6.409044057179110743e-01
6.882765279135877323e-01 7.878923230862624472e-01 7.244816049034533689e-01
8.377434598390163245e-01 8.314594717355284770e-01 6.443899922493728782e-01
6.561491652614155345e-01 7.652081820607802287e-01 7.447871003462653849e-01
8.585056225030005539e-01 8.624584945521206469e-01 6.318575029139688048e-01
7.682061809473674785e-01 7.934224923205653868e-01 6.578215839608425597e-01
8.029145285533154652e-01 8.291028752513366351e-01 6.473944192260904229e-01
7.591499953023526093e-01 8.077317631465068537e-01 6.762033438905352689e-01
7.272185478383399460e-01 7.832814782339835302e-01 6.902504718987036991e-01
7.283588668888708595e-01 7.935846919527956844e-01 6.955231404744216528e-01
7.346154230839745392e-01 7.984587481202669590e-01 6.978228295755588562e-01
6.994038228273712354e-01 7.478165038133132159e-01 6.722433088856183403e-01
7.946610613135129952e-01 8.126470715316633786e-01 6.346014061510321103e-01
6.815749549636977989e-01 7.658293358849759258e-01 6.865589703744519046e-01
7.201765002023812201e-01 7.874210502988919780e-01 7.121183284366724431e-01
7.886579951312527870e-01 8.182369897934779202e-01 6.689858942402219233e-01
6.544736063290972350e-01 7.289650043757847087e-01 6.926921665262505412e-01
7.790200121300987490e-01 7.918771398003424666e-01 6.403478891633230807e-01
7.417581883759246653e-01 8.040067300311942722e-01 6.894972182017959916e-01
6.939998608664618152e-01 7.387177030900486940e-01 6.663583634039836889e-01
8.384814298896976492e-01 8.142367152513503292e-01 5.996517752932426504e-01
7.064910752871617072e-01 7.582315077865010577e-01 6.767622550011199722e-01
7.872500849635417630e-01 7.784049202301193127e-01 6.229081200015340603e-01
8.208380098444214568e-01 8.195216537336625917e-01 6.365804683434147515e-01
7.965313643986369208e-01 8.015121831974666433e-01 6.622826434273332286e-01
7.285116822076052046e-01 7.749425581295361631e-01 6.890719278948103099e-01
7.193745026377522667e-01 7.738521725152478492e-01 6.718358851586913039e-01
8.161644830433354425e-01 8.286790751390292753e-01 6.329781262278540988e-01
7.685411231870465931e-01 7.712655988241249316e-01 6.371364543576336636e-01
7.745431402442521929e-01 8.083007679105082000e-01 6.701638898209736350e-01
6.519232758559969643e-01 7.464389495613764636e-01 7.079105935743289502e-01
7.713257575262153498e-01 7.867393669569153758e-01 6.432759684729210115e-01
7.293950232088637353e-01 7.950198719886795162e-01 6.798977715001717215e-01
7.394892865659752346e-01 7.726541622987632696e-01 6.540503982685397233e-01
7.241175592063521238e-01 7.818330570453303485e-01 6.514384166134825627e-01
8.211448609205558302e-01 8.024747918964559856e-01 6.294253732161285697e-01
8.511753551916056981e-01 8.574696151218492712e-01 6.083626775074347792e-01
8.278299747153614607e-01 8.405487678899816739e-01 6.455945923210981707e-01
8.507518192544785141e-01 8.424489666994301462e-01 6.066142476052893695e-01
7.981630464227138511e-01 8.313876351465538939e-01 6.740106943985765264e-01
8.712600266844419128e-01 8.363122209891861170e-01 6.175610750142066507e-01
6.978242552756327433e-01 7.905415956110855014e-01 7.446345572251882317e-01
8.853258087174578073e-01 8.642484804012157129e-01 6.499046856780343884e-01
8.551023220187141671e-01 8.257618226199955336e-01 6.527599140941694467e-01
8.313023007997472069e-01 8.148683491917151356e-01 6.256664597960535090e-01
8.308195172298302733e-01 8.424496922867226179e-01 7.025319652864716602e-01
8.693012160962783064e-01 8.350728290223548012e-01 6.139081234403603871e-01
6.962783056076444765e-01 7.895662507529291885e-01 7.459040308590906276e-01
8.822317070662589744e-01 8.623887805585422894e-01 6.542895477054548881e-01
8.576409196156200565e-01 8.753345502103225817e-01 6.745493089789802443e-01
8.745299912080587434e-01 8.570035752566820264e-01 6.469504689235764383e-01
8.232882667387138032e-01 8.503333469434888325e-01 6.761927122875169838e-01
8.707252649650532028e-01 8.544845525943468578e-01 6.528535285177138325e-01
6.969970190766635598e-01 7.860113953351847149e-01 7.261767886339153266e-01
7.759294045089023539e-01 7.892451293708711013e-01 6.708278529483507890e-01
8.025586556760824219e-01 8.177690235668075847e-01 6.505920782630779664e-01
7.444850040130255309e-01 8.057974734565835906e-01 7.139286957882189366e-01
8.477893420576541050e-01 8.204721042852373136e-01 6.196596296986733865e-01
8.612524060337864995e-01 8.477759380537640554e-01 6.464996208223050544e-01
7.535615157948591936e-01 7.725750584122640374e-01 6.601505729411447643e-01
8.446823739001501075e-01 8.183539947164457651e-01 6.178575467957029277e-01
8.335004575594787690e-01 8.283315840048509626e-01 6.560974607904427325e-01
7.835664823542619617e-01 8.038590713362582241e-01 6.488322603773166719e-01
8.344610813678854377e-01 8.177453161583728702e-01 6.259893082325374003e-01
7.472097719027512852e-01 8.077948039997084884e-01 7.122550712923725325e-01
8.221665306607293111e-01 8.495056197370648432e-01 6.775674241029415734e-01
8.415832072015868581e-01 8.164993016596595599e-01 6.233609744937326225e-01
8.238564110576762634e-01 8.212099435759236954e-01 6.535796880297454203e-01
7.662130032809413294e-01 7.921352481365858678e-01 6.671940753137736158e-01
8.150902835141580205e-01 8.078374830998409362e-01 6.479598757378941531e-01
7.816374816252464885e-01 8.026906993538795998e-01 6.509145790725135994e-01
8.822033630642682756e-01 8.654868940255178167e-01 6.121313976349292973e-01
7.624196470143231874e-01 8.278706090371095172e-01 6.941180253108671927e-01
8.157302285962415578e-01 8.452431566390229412e-01 6.740541010605602956e-01
8.928821693732320597e-01 8.699823169999885142e-01 6.009199778834218852e-01
8.387836349823016846e-01 8.319003924768675340e-01 6.466791667728520876e-01
6.750171206140501701e-01 7.689839649281250411e-01 7.267162806137007491e-01
8.567299583301595245e-01 8.531522332090303307e-01 6.315341545961020708e-01
7.065321947266157698e-01 7.621807166170244674e-01 6.778645418288110625e-01
8.139145917911541073e-01 8.036612126777038512e-01 6.366428674820604483e-01
7.326315263219880247e-01 7.968562067515146952e-01 7.039069932722957779e-01
9.065880377483841457e-01 8.793933243721236970e-01 6.044443811268463973e-01
8.362618648704835955e-01 8.303748090596168030e-01 6.563884786376297242e-01
7.742232588945037186e-01 7.785406108292841632e-01 6.452286004767729954e-01
7.753570798276415710e-01 7.757339854850214822e-01 6.259953198509984329e-01
7.667374744070514225e-01 8.311259528575168920e-01 6.937133738615677281e-01
8.420594470045572599e-01 8.166061422141470683e-01 6.113061609181864586e-01
8.294647567966779711e-01 8.255470930332114987e-01 6.519102507487162246e-01
8.080429279984671087e-01 8.352160326188330375e-01 6.567255527568556239e-01
8.366372115300768630e-01 8.386392579550626669e-01 6.337813657258968281e-01
7.939950169891066833e-01 7.891567689470695424e-01 6.315046446431018534e-01
7.868714114421906380e-01 8.242016772657668744e-01 6.749572482309508237e-01
6.737895772668649474e-01 7.635389389662756709e-01 7.066482065383352662e-01
7.002208888008603083e-01 7.622493163317769493e-01 6.951838447182846492e-01
7.903618730856261099e-01 7.972949342705332176e-01 6.562965498541410980e-01
7.126376593424514905e-01 7.523644550803763043e-01 6.539142731097498107e-01
7.750118113750661397e-01 8.111009405086949675e-01 6.506036678131265072e-01
8.361957221650673233e-01 8.385824957882646036e-01 6.401356526674154557e-01
7.916636085652720700e-01 7.878141225913425361e-01 6.317592091412905786e-01
8.090122284359917426e-01 8.521313963184612428e-01 6.709888342450363030e-01
6.708238629713170198e-01 7.613528663471017532e-01 7.082560169360798685e-01
8.669918444264690383e-01 8.518668305093628490e-01 5.966105845538389740e-01
6.715938320690230112e-01 7.745830692937477613e-01 7.403865601567958254e-01
9.028395895979334229e-01 8.941753988451819346e-01 6.218084307585937109e-01
7.653975442341056645e-01 8.015996092646708870e-01 6.411856943140693543e-01
8.453158119937209669e-01 8.366331379591844808e-01 6.199338588292403474e-01
7.724076514811122340e-01 7.962701429592055069e-01 6.454729851870589785e-01
8.839482227801275238e-01 8.638341256488196729e-01 6.014111587595006858e-01
8.315476051343492214e-01 8.269685783595820405e-01 6.559057038414805030e-01
8.350275599808689719e-01 8.293385410135934999e-01 6.163065960314071390e-01
7.429968996880546017e-01 7.749410129102134448e-01 6.459393022286725738e-01
8.538016256676379534e-01 8.427233334881324422e-01 5.940961550757198895e-01
8.175709939751545363e-01 8.169507056952021173e-01 6.537524443954841891e-01
8.060099883049050007e-01 7.918843814427745098e-01 6.375088641595358929e-01
7.336937070992234355e-01 7.680839990085898128e-01 6.476903662086309632e-01
8.521770482277467584e-01 8.579182852475529808e-01 6.211680971236989146e-01
8.525887991703875457e-01 8.421429985957623598e-01 6.230281448045306147e-01
7.305156468055418184e-01 7.659453586420470472e-01 6.452705165613059624e-01
8.382594380842415260e-01 8.321571919754234825e-01 6.573745432883438822e-01
7.851130937546657584e-01 8.151597161704257077e-01 6.854172070799646743e-01
7.278717437951114366e-01 7.971049359243164156e-01 6.921124297070524456e-01
6.784808554606522879e-01 7.825847606334159767e-01 7.590215934961048738e-01
7.767630840532844250e-01 8.091822595051598732e-01 6.843894349260699617e-01
7.240147211119005721e-01 7.942644639306305487e-01 6.933213259043412569e-01
8.251737301282202619e-01 7.870726742977726120e-01 6.169462187815989429e-01
6.881584699074598799e-01 7.934932128820447739e-01 7.530566704362976482e-01
9.315213469646250743e-01 9.134881862862661572e-01 6.507067516820946862e-01
7.729560231749348365e-01 8.063834172163972802e-01 6.849774807146580269e-01
7.159310710559045887e-01 7.881090061825493098e-01 6.929141935925779983e-01
8.761537652764619377e-01 8.399131460017330575e-01 5.850641267901175446e-01
6.775903987064297862e-01 7.822393050253881874e-01 7.589518894379337910e-01
8.828924708698371315e-01 8.625470004828339476e-01 6.696212478319508721e-01
7.517875059530099158e-01 7.908275252941810995e-01 6.784619316482367601e-01
8.815457969857445342e-01 8.438398900020899207e-01 5.928366423701459942e-01
9.161418544256911822e-01 9.032458443621929067e-01 6.516724575904145889e-01
7.450079937341125280e-01 7.856022223160815665e-01 6.905635157483968056e-01
8.789488969025509579e-01 8.419843278696635958e-01 5.871420335359311959e-01
8.864333657124636723e-01 8.820903587845682070e-01 6.618430668173828080e-01
8.676645297683909241e-01 8.343671500964897625e-01 6.013870182552744081e-01
7.969570307075782845e-01 7.684306244616445625e-01 6.087875995345592983e-01
7.880576661002878236e-01 8.280524531305313296e-01 6.640730138152873829e-01
8.076877299314418890e-01 7.758875406318561652e-01 6.165573613268140463e-01
8.329934043209057393e-01 8.276216674959125941e-01 6.643183267575091255e-01
7.539918921755413006e-01 8.027589780592206958e-01 6.656078380645431558e-01
8.371778254440830347e-01 8.135264857237884950e-01 6.002469093354435570e-01
8.201237147923300386e-01 8.343827453668206662e-01 6.459961408738527089e-01
7.513544864835699499e-01 8.006799883525802519e-01 6.657634768785106738e-01
7.557941588446314141e-01 7.748954320755346847e-01 6.719156032982521731e-01
7.767990617342120929e-01 7.546532273842233574e-01 6.206702584425135560e-01
8.004938382671076269e-01 8.044247589633158890e-01 6.777935001395545278e-01
7.780514705741924386e-01 8.206487085250693259e-01 6.651063274922410784e-01
8.475850643904419002e-01 8.553422486872949149e-01 6.415802762243608681e-01
7.766991986095267420e-01 7.545999242243606187e-01 6.172089986048540089e-01
8.886545441105248022e-01 8.838649063524360860e-01 6.623443887160376242e-01
7.485752817569770734e-01 7.993753920033472848e-01 6.769204975611423647e-01
7.736231100340619227e-01 7.523762482130812446e-01 6.135590960455898912e-01
7.915377410836652583e-01 7.980409769810634657e-01 6.804196155875393837e-01
8.042024329248274039e-01 7.737785387036614226e-01 6.084969910873444521e-01
8.146689747306201657e-01 8.149082006325083505e-01 6.628488359783456518e-01
7.655458077554333496e-01 8.118558543278935336e-01 6.650676255796157399e-01
8.434756587605903855e-01 8.181162842103287813e-01 5.845197506431859535e-01
8.551802529891788796e-01 8.600765765128631779e-01 6.457031663687109457e-01
7.579924232248713700e-01 8.060574255739316740e-01 6.650207933807816829e-01
8.720556502206078253e-01 8.379116727113397056e-01 5.971108726171754366e-01
8.776851637774328863e-01 8.762922599710689653e-01 6.507608026007288826e-01
6.980664943393493083e-01 7.693416605384918450e-01 7.001387708606054971e-01
8.050530867256489032e-01 8.104790419630746312e-01 6.570021246648248825e-01
6.707942574357809162e-01 7.571710293803399772e-01 6.869808189009003474e-01
7.761895881555199717e-01 7.541699835152331222e-01 6.150980718415612891e-01
6.384349822863013557e-01 7.506965706984267683e-01 7.605609567449875819e-01
7.811983459213083236e-01 8.059503492637063449e-01 6.623869922939967791e-01
7.035673756093547837e-01 7.649171807418625457e-01 6.980211016914333877e-01
6.683876970883911861e-01 7.461786676545835162e-01 7.057104126660358467e-01
8.187584959388489736e-01 8.343188628346004387e-01 6.409530418243916117e-01
7.038874306114234480e-01 7.834076801187279671e-01 6.877245436923236088e-01
8.681540166392807123e-01 8.352055232286358377e-01 5.955847186626705980e-01
6.602628296466003244e-01 7.779422746252335763e-01 7.474999990686774787e-01
8.356192854452838548e-01 8.459282230958385940e-01 6.585846514185027534e-01
7.165384295694520178e-01 7.650387158386023900e-01 6.527130242115016800e-01
7.267073270257499162e-01 7.821959667269233751e-01 6.898124850962928933e-01
7.919586274458028097e-01 7.652273403648913730e-01 6.236886049226845197e-01
7.008927098679044176e-01 7.633551876715567452e-01 6.903811591276408643e-01
6.898544432246345171e-01 7.702750378185353464e-01 6.986541467553523121e-01
8.062910867808114057e-01 8.119529258971350805e-01 6.585656095915720654e-01
6.883387994986361891e-01 7.709377076190562228e-01 6.861170713129104426e-01
7.697503519074287981e-01 7.496415341587273629e-01 6.179593208936956517e-01
6.463705129937523663e-01 7.600389663068775059e-01 7.558763351408073206e-01
8.284568760789730035e-01 8.406958722449056065e-01 6.463202842866360154e-01
7.693225864744375198e-01 8.045856944925953158e-01 6.612516419397859169e-01
7.847009522586205765e-01 8.366915186707858387e-01 6.805837563250540789e-01
7.904323345302428638e-01 7.643498174053973138e-01 6.239040611796192737e-01
7.992121442394719555e-01 7.702638435609722167e-01 6.082378943644887181e-01
8.186663014423329887e-01 8.006514128522119744e-01 5.970927180425242842e-01
7.642320878348572988e-01 7.457937502909147698e-01 6.164613667195594227e-01
8.176821979885176006e-01 8.000430101049408327e-01 5.956322852444825289e-01
8.115044492505631979e-01 7.957688730714725933e-01 5.968319024423824892e-01
8.083411733932022170e-01 7.935430073055056432e-01 5.944197260688137696e-01
7.530682104031762858e-01 7.381028354485609233e-01 6.113292690507059479e-01
6.887441621111008994e-01 7.746713744139296365e-01 7.342326668232520559e-01
7.103239115358832567e-01 7.915406909853286432e-01 7.342370941813725072e-01
7.631866333867153296e-01 7.794644563179702335e-01 6.596175464542313183e-01
7.944745472803937947e-01 8.423283484671353349e-01 7.053090182706783784e-01
7.643408799293850420e-01 7.803975832585733352e-01 6.626348300874725927e-01
7.645737157173509990e-01 8.203711431363835960e-01 7.062168225612276418e-01
7.119717033376228299e-01 7.972305074597677566e-01 7.238206837060613408e-01
7.637255792047084046e-01 8.197051891434905535e-01 7.071079759720504399e-01
6.897926609184412694e-01 7.799926201334634879e-01 7.245639748701805383e-01
7.933790238034388320e-01 8.421337505027612913e-01 7.017766096446153012e-01
8.980717103828558256e-01 8.733381515929168337e-01 6.297588594337035772e-01
8.758450411535797508e-01 8.578817859968393966e-01 6.234040960385086594e-01
8.208609376706130778e-01 8.017994451908503351e-01 6.382523573134515349e-01
8.377225879140000053e-01 8.136797916049895996e-01 6.454562552009315279e-01
8.141633679117428191e-01 7.971994989297238599e-01 6.409004021888264901e-01
8.308558958264310457e-01 8.090311050966472184e-01 6.446855716381441059e-01
8.607240474000523722e-01 8.473523623678593797e-01 6.214463494535557020e-01
8.578877428575500952e-01 8.454093720345954299e-01 6.182418972460332895e-01
8.235783403885235110e-01 8.037738496930020293e-01 6.422569488619249700e-01
8.035574879017806094e-01 7.897228423029337696e-01 6.367835729996902394e-01
8.761238075963813099e-01 8.581122690658481433e-01 6.240564422750162210e-01
8.754933281270147472e-01 8.577980519538095372e-01 6.248663860464005460e-01
8.002861754635315350e-01 7.875141056417384045e-01 6.382167758046430883e-01
8.207506450206402127e-01 8.019183540788319409e-01 6.402404634453711108e-01
8.162643406253380363e-01 7.988067949113046851e-01 6.405674090129311882e-01
8.403419978799429035e-01 8.330475206497858220e-01 6.152827216411593803e-01
8.641108028607258351e-01 8.498898037490187907e-01 6.219156579892570758e-01
8.842200037645628896e-01 8.639628856961851788e-01 6.252305998364779960e-01
6.979216961742896741e-01 7.913175086510667589e-01 7.174402154304906354e-01
8.575170071490136880e-01 8.453337555237226963e-01 6.305783637958400911e-01
7.603302157429498997e-01 7.872842046671660876e-01 6.479790291202924823e-01
7.601005442757462482e-01 8.262227317435496543e-01 6.950372905557019587e-01
8.553678550443415407e-01 8.438836601733965548e-01 6.255553415207063539e-01
7.566952514882329117e-01 7.846782831213110487e-01 6.451347693553861617e-01
7.307694064286924807e-01 8.038189050069904917e-01 6.948266810352472511e-01
6.659857553131658392e-01 7.659555535031281615e-01 7.178675691761825517e-01
7.518763778928796437e-01 7.812570857313193562e-01 6.505070212679933128e-01
7.521537904641352190e-01 8.202945409241251262e-01 6.935017095343536386e-01
6.577230684904773472e-01 7.592135316862169692e-01 7.178556134990379256e-01
8.513482436538453157e-01 8.410747325682059738e-01 6.199971471503050724e-01
7.467376739973199395e-01 7.773729125828237052e-01 6.496598505585859940e-01
7.215831381988300208e-01 7.967719238473528476e-01 6.962677496673759237e-01
7.550452401675689096e-01 8.040314206783479856e-01 6.683361664575341310e-01
7.522189179716148866e-01 8.021213982804542564e-01 6.758178979177217327e-01
7.510360152995797511e-01 8.015203355534517016e-01 6.772716783897650972e-01
7.221584575610676682e-01 7.696696394168205391e-01 6.879426697454289474e-01
