6.009600580703446937e-01 6.292427294050547681e-01 6.499999999999999112e-01
6.530321450456492149e-01 7.305783576667266299e-01 6.499999999999999112e-01
7.011024212024445923e-01 6.498397470400120168e-01 5.526980402109278323e-01
6.287738008401513312e-01 6.799304118434131849e-01 6.499999999999999112e-01
6.130709522345637597e-01 5.979562557610091922e-01 6.448475225404843858e-01
6.434950304671741561e-01 7.058644770223916343e-01 6.499999999999999112e-01
6.135015074299524640e-01 6.537304789076228140e-01 6.499999999999999112e-01
6.308559286125748899e-01 6.406009527844014340e-01 6.051850510036812514e-01
6.585407536440752718e-01 6.241009804947073025e-01 5.971782677334431799e-01
6.482602248945926737e-01 7.170518138172631284e-01 6.499999999999999112e-01
6.359392336277247537e-01 6.927499059530564107e-01 6.499999999999999112e-01
6.185891571192775329e-01 6.657013977248090741e-01 6.499999999999999112e-01
6.089780222273275534e-01 6.426018734948638622e-01 6.499999999999999112e-01
5.924922045211022947e-01 6.140129044402469205e-01 6.499999999999999112e-01
6.037762069771480666e-01 6.023430170838589559e-01 6.462959977548717871e-01
6.570036030831292173e-01 6.367536719052862004e-01 5.849326980278650723e-01
6.861712999921916190e-01 6.428816282682805472e-01 5.672382627596377347e-01
6.526067178881603814e-01 6.606563432695937710e-01 5.799999999999998490e-01
7.366228324907228009e-01 7.820899832119971862e-01 5.799999999999998490e-01
7.717128036043108263e-01 6.754055910719061195e-01 5.790047097115853525e-01
6.973092530953061141e-01 7.203990276062294251e-01 5.799999999999998490e-01
6.173390585798557151e-01 6.022936901642692575e-01 5.799999999999998490e-01
7.185243444478214281e-01 7.485517284781455505e-01 5.799999999999998490e-01
6.749597847447446064e-01 6.916649870850472004e-01 5.799999999999998490e-01
6.365142820967811810e-01 6.334843338960918224e-01 5.799999999999998490e-01
6.032835564728548094e-01 5.754817873181420351e-01 5.799999999999998490e-01
6.150312713309206147e-01 6.541301377009393070e-01 6.852261901957867885e-01
5.899835752537072597e-01 6.874943480403412632e-01 7.199999999999999734e-01
7.466747463143204033e-01 7.131847581688781634e-01 5.650408600193888020e-01
5.873890572184667924e-01 6.491792406640255475e-01 7.199999999999999734e-01
6.614883171438677989e-01 6.670397635763004596e-01 6.380279565560620370e-01
5.834650394919618233e-01 6.653725232532194944e-01 7.199999999999999734e-01
5.930756406175651252e-01 6.395323834284515341e-01 7.199999999999999734e-01
6.464644007232057676e-01 6.731980067562497450e-01 6.444371554266781210e-01
6.921769763071904391e-01 6.780583968876517931e-01 6.108301963245299504e-01
6.191806760703886248e-01 6.405051155488391545e-01 6.149999999999998801e-01
6.838950183213995393e-01 7.486328006266955715e-01 6.149999999999998801e-01
6.717444569048027780e-01 6.135686826460254872e-01 5.531385049086801065e-01
6.479858561991096444e-01 6.921903114918949163e-01 6.149999999999998801e-01
6.475961869953523742e-01 6.400782917524304727e-01 5.553663644953201750e-01
6.203278421126050546e-01 6.549826759592906056e-01 6.421395825152741432e-01
6.213594634377821446e-01 7.069198606131611440e-01 6.849999999999999423e-01
6.832653855979086144e-01 6.414021433329489819e-01 5.997035797581176109e-01
5.976085292679297334e-01 6.595297247757450076e-01 6.849999999999999423e-01
6.498978611944224992e-01 6.498954475972315015e-01 6.208614357837936026e-01
6.411687479493537456e-01 6.538613101155352769e-01 5.974999999999999201e-01
7.217943304391345460e-01 7.728476913824491312e-01 5.974999999999999201e-01
7.098891943602605448e-01 6.467097511544389610e-01 4.989196367828026557e-01
6.102932789175052886e-01 6.350726670102002647e-01 6.324999999999999512e-01
6.656330795723895966e-01 7.388471224778467850e-01 6.324999999999999512e-01
6.959535182724562175e-01 6.435896442536317430e-01 5.417316069532814859e-01
6.101154713702104937e-01 6.498240727477051504e-01 6.364959430067372859e-01
6.306118790191309609e-01 7.155682419091898838e-01 6.674999999999998712e-01
6.780578839619462173e-01 6.355102054240313603e-01 5.896481286842164549e-01
6.212899806484023513e-01 6.564835929481815935e-01 6.583774162567568311e-01
5.984417114301945340e-01 6.933892612772964981e-01 7.024999999999999023e-01
7.227738292562286837e-01 6.764906193956694569e-01 5.804476232612918452e-01
6.398685000200735606e-01 6.530672643109373121e-01 5.887499999999998845e-01
6.326657698238753458e-01 6.496889700522485711e-01 6.062499999999999556e-01
6.200952438003756173e-01 6.410765161290840064e-01 6.237499999999999156e-01
6.001888230477216979e-01 6.287486570256936025e-01 6.412499999999998757e-01
5.898894528193561193e-01 6.205583624128939713e-01 6.587499999999999467e-01
5.880458773664350991e-01 6.227523174937541484e-01 6.762499999999999067e-01
5.898540368718414584e-01 6.238498143792110540e-01 6.937499999999998668e-01
6.285176439024866557e-01 6.704607382255857173e-01 6.496859898637389330e-01
6.431149093934903638e-01 6.552358076205052617e-01 6.499999999999999112e-01
7.190465372737323557e-01 7.713081205366723037e-01 6.499999999999999112e-01
7.044475198091855184e-01 6.375822097397225718e-01 5.915189632096174988e-01
6.851381694607228123e-01 7.130417949165173130e-01 6.499999999999999112e-01
6.606907063948980197e-01 6.363408569099436862e-01 6.274780993416331221e-01
7.021031714201513285e-01 7.414419257443028988e-01 6.499999999999999112e-01
6.623350036589524814e-01 6.842506887077239863e-01 6.499999999999999112e-01
6.282731904340149720e-01 6.308913262087166851e-01 6.499999999999999112e-01
6.565712828473844187e-01 6.030064366707754697e-01 6.441505686723010271e-01
7.155106650478518793e-01 6.999863184042838249e-01 5.799999999999998490e-01
8.406069296657276979e-01 8.520795290624194607e-01 5.799999999999998490e-01
6.993230326652186690e-01 6.268247234437082094e-01 5.286923382827297679e-01
7.670130420646229519e-01 7.643545509167974927e-01 5.799999999999998490e-01
6.641997022485057744e-01 6.309496643514760361e-01 5.799999999999998490e-01
6.593578639233681482e-01 6.833077468849886316e-01 6.732989008776218975e-01
6.385188264479241260e-01 7.187785982555026099e-01 7.199999999999999734e-01
7.605131069996036164e-01 6.992839320185912921e-01 6.046138704857957347e-01
6.159891123007119607e-01 6.718320442205409915e-01 7.199999999999999734e-01
7.156237900406736685e-01 7.059753463282982811e-01 6.206303814071036928e-01
6.648450110105845745e-01 6.680684371800615917e-01 6.149999999999998801e-01
7.529050926450833181e-01 7.925022536693302477e-01 6.149999999999998801e-01
6.997062739084090044e-01 6.270794683023487304e-01 5.665044852041023482e-01
6.279955084667614429e-01 6.476931595019191912e-01 6.786736043886122394e-01
6.716691154606808656e-01 7.408223076250324279e-01 6.849999999999999423e-01
7.655114189451766027e-01 7.016071997268285010e-01 5.664610564235154078e-01
6.996499047518642822e-01 6.908867750275569097e-01 5.974999999999999201e-01
6.553892158294996051e-01 6.625173707302804971e-01 6.324999999999999512e-01
6.223981264952269665e-01 6.426675855528295456e-01 6.674999999999998712e-01
6.291944008166558966e-01 6.489875826134509085e-01 6.965553797644654654e-01
5.674964026243276560e-01 6.079040568508242703e-01 6.499999999999999112e-01
6.119820992986868546e-01 7.026703777286174013e-01 6.499999999999999112e-01
6.740713061267562534e-01 6.473864208246996599e-01 5.381535414788671812e-01
5.896706963665765411e-01 6.540656798196281541e-01 6.499999999999999112e-01
6.066298297331248479e-01 6.100519609249694941e-01 6.111929139961278512e-01
5.998644450560750574e-01 6.782120768790562693e-01 6.499999999999999112e-01
5.828689319213167241e-01 6.334110726898822818e-01 6.499999999999999112e-01
5.811763255733239930e-01 6.014234933115780724e-01 6.370002750644710998e-01
6.316413173947156290e-01 6.137212581528377342e-01 5.857685059339101663e-01
6.145963561356004856e-01 6.375431002253234558e-01 5.799999999999998490e-01
6.764043803679906652e-01 7.435177437359904440e-01 5.799999999999998490e-01
5.950719616057703609e-01 5.481411842325808470e-01 5.779575238625929146e-01
6.421873494749479327e-01 6.883195656301543952e-01 5.799999999999998490e-01
5.856975883624799817e-01 5.859343504864784613e-01 5.799999999999998490e-01
5.958567459248248488e-01 6.504924979974411325e-01 6.622036490922889040e-01
5.584992934882075932e-01 6.622104732431277618e-01 7.199999999999999734e-01
6.749186367051114299e-01 6.575996106143957576e-01 5.954120735858255964e-01
5.655236390102567068e-01 6.521612892271138051e-01 6.966318572577883117e-01
6.295112324135311299e-01 6.555977969525986770e-01 6.293327931897737537e-01
5.835868377692330355e-01 6.176239579071839403e-01 6.149999999999998801e-01
6.289366444738215822e-01 7.142148044143659114e-01 6.149999999999998801e-01
5.958712723624892682e-01 5.457743575202436137e-01 6.131602939235943905e-01
5.695768145700643714e-01 6.120502892317994936e-01 6.784991748721140858e-01
5.789576763262772596e-01 6.794677403758599965e-01 6.849999999999999423e-01
6.808252189953080125e-01 6.568278768403539303e-01 5.608518277539537022e-01
6.025205079576003708e-01 6.300766798741297414e-01 5.974999999999999201e-01
5.757630868543934799e-01 6.126432144779024869e-01 6.324999999999999512e-01
5.685784526595480948e-01 6.099105934760498116e-01 6.622055939071023190e-01
5.913275695635167306e-01 6.401816709191040511e-01 6.599277920606604342e-01
6.207139064467628309e-01 6.415492473241567462e-01 6.499999999999999112e-01
6.857979922978757470e-01 7.499710086210017446e-01 6.499999999999999112e-01
6.784577831605818066e-01 6.239322758609106012e-01 5.995623214490775066e-01
6.507454306162718805e-01 6.940392342234229517e-01 6.499999999999999112e-01
5.223692528436862936e-01 5.302466694565336480e-01 5.255435183256066400e-01
6.800584784661976023e-01 6.768146729982764676e-01 5.799999999999998490e-01
7.738930923417468577e-01 8.074716698770636469e-01 5.799999999999998490e-01
6.360710792540997804e-01 5.670170296402540222e-01 5.775470585647923816e-01
6.389168969627891936e-01 6.718490368476656149e-01 6.758759431751198976e-01
6.096710709019258490e-01 7.012836064284146964e-01 7.199999999999999734e-01
7.822704231621508963e-01 7.314715657678130256e-01 5.576201745887641170e-01
6.395924084257359477e-01 6.530072682504055592e-01 6.149999999999998801e-01
6.045717489455517679e-01 6.335297073952005364e-01 6.849999999999999423e-01
5.831634226655983966e-01 6.174247357444511142e-01 6.499999999999999112e-01
6.293441840686994082e-01 7.146214541069280113e-01 6.499999999999999112e-01
6.714542122685025483e-01 6.301262166879709747e-01 5.646681678032456908e-01
6.071837852939867552e-01 6.657749283648600747e-01 6.499999999999999112e-01
5.926690373511294130e-01 5.862532378047766723e-01 6.499999999999999112e-01
6.319949181168552643e-01 6.482338030233446569e-01 5.799999999999998490e-01
7.041452657267183168e-01 7.615509283224983772e-01 5.799999999999998490e-01
7.366717848295639692e-01 6.513520425428954708e-01 5.799439070050518286e-01
6.127184095873821068e-01 6.690290907066325232e-01 6.483634181715102196e-01
5.705144579278650374e-01 6.735439073027540413e-01 7.199999999999999734e-01
6.733738738195689244e-01 6.566025552693142142e-01 6.111695059693584842e-01
5.999405012645983026e-01 6.285209604496828639e-01 6.149999999999998801e-01
5.749706411884624169e-01 6.141656657208339753e-01 6.849999999999999423e-01
6.315106605985774113e-01 6.481844432343131235e-01 6.499999999999999112e-01
7.027300076793401296e-01 7.609255101874244920e-01 6.499999999999999112e-01
6.886583543683699737e-01 6.318928387066076180e-01 5.940325145151889030e-01
6.984240870332021345e-01 6.885622373846687072e-01 5.799999999999998490e-01
6.174253945583120240e-01 6.430270557766660788e-01 7.199999999999999734e-01
6.085318380645219349e-01 6.334223203435445093e-01 6.499999999999999112e-01
6.656374338243016275e-01 7.388896825037372107e-01 6.499999999999999112e-01
6.901942808054555289e-01 6.353207040805370909e-01 5.722214267854099923e-01
6.650869880211117691e-01 6.680354141125069978e-01 5.799999999999998490e-01
6.221824483573876741e-01 6.587744788248199868e-01 6.851688843109209337e-01
5.906763376682743205e-01 6.227751437259276823e-01 6.499999999999999112e-01
6.439972977928911657e-01 7.244993131681320975e-01 6.499999999999999112e-01
6.247806564867941503e-01 5.623080205888413285e-01 6.468164983036601701e-01
6.428827505023868571e-01 6.548286179424859244e-01 5.799999999999998490e-01
6.109118726616984407e-01 6.590566519912364196e-01 6.705669671038679835e-01
5.716096023901331424e-01 6.100841532695597813e-01 6.499999999999999112e-01
6.212223516432862080e-01 7.090470091979195200e-01 6.499999999999999112e-01
6.663020210211194616e-01 6.261404885185775093e-01 5.635640888161879136e-01
6.220202061834304574e-01 6.421452244130326781e-01 5.799999999999998490e-01
6.076657964293583625e-01 6.590418374101555399e-01 6.582112905778987333e-01
6.382185922492029650e-01 6.522544232977300904e-01 6.499999999999999112e-01
6.252111639918057628e-01 6.443368239864766256e-01 6.499999999999999112e-01
6.159845586082968172e-01 6.386298826674552398e-01 6.499999999999999112e-01
6.033283052939757418e-01 6.301334038327088827e-01 6.499999999999999112e-01
5.974285561089476282e-01 6.270015255121205167e-01 6.499999999999999112e-01
5.868122015174990214e-01 6.203269697372850722e-01 6.499999999999999112e-01
5.781689928021727098e-01 6.147564914124086233e-01 6.499999999999999112e-01
5.717738662210780642e-01 6.101139014708497621e-01 6.499999999999999112e-01
