5.428146018867758826e-01 6.004097902984744106e-01 6.250000000000000000e-01
5.827430049229040954e-01 7.016435143970954913e-01 6.250000000000000000e-01
6.178952592354562956e-01 5.910497100834655182e-01 5.231504034938564418e-01
5.663535426034004283e-01 6.520438131182697550e-01 6.250000000000000000e-01
5.271632490809262661e-01 5.508899563870104377e-01 6.250000000000000000e-01
5.747817071270115985e-01 6.759170611825219277e-01 6.250000000000000000e-01
5.503602377076413088e-01 6.239704910909580349e-01 6.250000000000000000e-01
5.278920155295960814e-01 5.714285372345004888e-01 6.250000000000000000e-01
5.760788159557461707e-01 5.762698557929640808e-01 5.689721832142080604e-01
5.815976587363947958e-01 6.893634343575977264e-01 6.250000000000000000e-01
5.740774816660098034e-01 6.644042918605745918e-01 6.250000000000000000e-01
5.573432475392983143e-01 6.378313140511447932e-01 6.250000000000000000e-01
5.489324416158162245e-01 6.134167698066369523e-01 6.250000000000000000e-01
5.319148266696789307e-01 5.829260846110477789e-01 6.250000000000000000e-01
5.410477486967233407e-01 5.665891305914007026e-01 6.127540700822382558e-01
5.759977577054232745e-01 5.868922930919784342e-01 5.615076837919162900e-01
5.937246050617908111e-01 5.730166389884832068e-01 5.623690083867849410e-01
6.023046663644642251e-01 6.324927156898891845e-01 5.300000000000000266e-01
6.634037230627445325e-01 7.459751227407228624e-01 5.300000000000000266e-01
5.414749123995395985e-01 5.127702260279527469e-01 5.300000000000000266e-01
6.334878647924611084e-01 6.895806835127522572e-01 5.300000000000000266e-01
5.702143119739413457e-01 5.728058325637389592e-01 5.300000000000000266e-01
6.453803763306908969e-01 7.160924865851617804e-01 5.300000000000000266e-01
6.129189784052239132e-01 6.582851069477575479e-01 5.300000000000000266e-01
5.870278742050167864e-01 6.025666399756246516e-01 5.300000000000000266e-01
5.555100293741599415e-01 5.441486686952733409e-01 5.300000000000000266e-01
5.449710624621766364e-01 6.196017082219412719e-01 6.777342898255216408e-01
5.211082257271671958e-01 6.628202025272194042e-01 7.199999999999999734e-01
7.049786957165951051e-01 7.000827397954563214e-01 5.035014262029059440e-01
5.252981116280006635e-01 6.257024146649580176e-01 7.199999999999999734e-01
5.899723861923602541e-01 6.296666342573382646e-01 6.212238538416858802e-01
5.170692429833942949e-01 6.399931786752610652e-01 7.199999999999999734e-01
5.398457452344284091e-01 6.403948911865389171e-01 6.703169846401608734e-01
5.690022689410830781e-01 6.266088722217029172e-01 6.455823528532070865e-01
6.378221351790989146e-01 6.577232885730053269e-01 5.674305477924224128e-01
5.660072875782657942e-01 6.132740704514887398e-01 5.775000000000000133e-01
6.154719658392070469e-01 7.210493759610091535e-01 5.775000000000000133e-01
5.930814353884596990e-01 5.651360634927337090e-01 5.038236447191424272e-01
5.892635805629741208e-01 6.652054368222941605e-01 5.775000000000000133e-01
5.386560780832987394e-01 5.591176690070165378e-01 5.775000000000000133e-01
5.344928037360886508e-01 5.970952225952474990e-01 6.602831845116936549e-01
5.506285941721675847e-01 6.817802374402106569e-01 6.724999999999999867e-01
6.195508121358370701e-01 5.982472973307194630e-01 5.647190178367269553e-01
5.315405662534388176e-01 6.321646466951409415e-01 6.724999999999999867e-01
5.803680692163216692e-01 6.081475371047745382e-01 6.026302616450180949e-01
5.794835083045046797e-01 6.197062273468457727e-01 5.537499999999999645e-01
6.342467353602547764e-01 7.317139988497238789e-01 5.537499999999999645e-01
5.968658620711717600e-01 5.662502300213145823e-01 4.781500721161519585e-01
5.473688210603865345e-01 6.030254927444752555e-01 6.012500000000000622e-01
5.913713488540712770e-01 7.068256803901918905e-01 6.012500000000000622e-01
6.775685059370232244e-01 6.291713594631325179e-01 5.030337256018330150e-01
5.247263620882174351e-01 5.901942522343966990e-01 6.487499999999999378e-01
5.673996318337912736e-01 6.922478196323601507e-01 6.487499999999999378e-01
6.202784841170536634e-01 5.971827694594529223e-01 5.421324243268619281e-01
5.429335727570105963e-01 6.147355557767051337e-01 6.636024713326368341e-01
5.348047403306854797e-01 6.733119438628091258e-01 6.962500000000000355e-01
6.362567399978861227e-01 6.240397624380331631e-01 5.581152962744997392e-01
5.927079378956363609e-01 6.275233190656899218e-01 5.418749999999999956e-01
5.725357066444011211e-01 6.167796934497578043e-01 5.656250000000000444e-01
5.534460106610756824e-01 6.057176766249712241e-01 5.893749999999999822e-01
5.415306278833125209e-01 5.996670926979053018e-01 6.131250000000000311e-01
5.350875318465886377e-01 5.959968426115049844e-01 6.368749999999999689e-01
5.249582012372129292e-01 5.884714451788684020e-01 6.588363090468443151e-01
5.473308010806425816e-01 6.238779687463732460e-01 6.358076613919914077e-01
5.558285407326952754e-01 6.328489928530990349e-01 6.452259297770772672e-01
5.905577275416662442e-01 6.257038717107453740e-01 6.250000000000000000e-01
6.453310680519407372e-01 7.382512845592643647e-01 6.250000000000000000e-01
5.941652091058079455e-01 5.329066598813064770e-01 6.197324126428760405e-01
6.182205116848227267e-01 6.813889027675845700e-01 6.250000000000000000e-01
5.680130504778403422e-01 5.718528738475252560e-01 6.250000000000000000e-01
6.343460392308359896e-01 7.101311401534120549e-01 6.250000000000000000e-01
6.026266666012333184e-01 6.529041872242210554e-01 6.250000000000000000e-01
5.764205497602912232e-01 5.989200218083614580e-01 6.250000000000000000e-01
6.115042046471208526e-01 5.922414472296232413e-01 5.768112433505356851e-01
6.580921052143868799e-01 6.596530116934471444e-01 5.300000000000000266e-01
7.643339456641558005e-01 8.000332607292434117e-01 5.300000000000000266e-01
5.871899937185083296e-01 5.316763522895049388e-01 5.300000000000000266e-01
7.127758247820115134e-01 7.259566648604675043e-01 5.300000000000000266e-01
6.206723662067704650e-01 5.997509408197190250e-01 5.300000000000000266e-01
5.935188838165057490e-01 6.507141721144760194e-01 6.694215566483395774e-01
5.716298351668960276e-01 6.950450016344187354e-01 7.199999999999999734e-01
6.951144682405905328e-01 6.506776675179831715e-01 5.799684184363731454e-01
5.562123583860449916e-01 6.462146503132660813e-01 7.199999999999999734e-01
6.489522966690155492e-01 6.610806189833394741e-01 6.060112571564391093e-01
6.150446690905320146e-01 6.391373987822094316e-01 5.775000000000000133e-01
6.829360089686039581e-01 7.568606286653183357e-01 5.775000000000000133e-01
6.745733169847589750e-01 5.924700626857863917e-01 5.349211858649984830e-01
6.116999535959781742e-01 6.542949699076379133e-01 6.400726777963343661e-01
6.029060471159588541e-01 7.138405814792313508e-01 6.724999999999999867e-01
6.592435917541804580e-01 6.119960338445097348e-01 5.746619957641726506e-01
6.377591651864796818e-01 6.506199088945431308e-01 5.537499999999999645e-01
5.957986559126629000e-01 6.293017644045967307e-01 6.012500000000000622e-01
5.762981491092812325e-01 6.189807166078530321e-01 6.487499999999999378e-01
5.876215275048541908e-01 6.411953212655305823e-01 6.540260192866900191e-01
5.039482462253882522e-01 5.774476580901457545e-01 6.250000000000000000e-01
5.415101345181563275e-01 6.759201454134097231e-01 6.250000000000000000e-01
5.680609035870433088e-01 5.610672102531775174e-01 5.291505679453829547e-01
5.254372310204942220e-01 6.274272013781727608e-01 6.250000000000000000e-01
5.384946823837554186e-01 5.809347018937679463e-01 5.505828297064317978e-01
5.355914373804639972e-01 6.518017422776136716e-01 6.250000000000000000e-01
5.118654352000887586e-01 6.012237720037536537e-01 6.250000000000000000e-01
5.016098690611051625e-01 5.542261271661604871e-01 6.196536237919003653e-01
5.466070845894004382e-01 5.643035762754059492e-01 5.596363319499568778e-01
5.605754828723404914e-01 6.102081654611081207e-01 5.300000000000000266e-01
6.075558942739216484e-01 7.162697332830788577e-01 5.300000000000000266e-01
5.486172743021198173e-01 5.410718541824206529e-01 4.720330281707071918e-01
5.819886286036919376e-01 6.609360226553560036e-01 5.300000000000000266e-01
5.342165598805002080e-01 5.544460490300202604e-01 5.300000000000000266e-01
5.259561434344537378e-01 6.238124698211017227e-01 6.436040227074366626e-01
4.864292132391617729e-01 6.391704052986455498e-01 7.199999999999999734e-01
6.320456033968249177e-01 6.396075038089592546e-01 5.404932187917204089e-01
4.948316330919299011e-01 6.090312935123114446e-01 7.159019883224710945e-01
5.580413508836421510e-01 6.157961561169734699e-01 6.119898843230233698e-01
5.249980385678005845e-01 5.890988141503111786e-01 5.775000000000000133e-01
5.662357177284345067e-01 6.914428824414267094e-01 5.775000000000000133e-01
5.600187391903655998e-01 5.486185971695918262e-01 5.097582369506989952e-01
5.013859237899811472e-01 5.879854329332429019e-01 6.491548714221963001e-01
5.055001337726635624e-01 6.555697980748410592e-01 6.724999999999999867e-01
6.212277580206186922e-01 6.390054565713563228e-01 4.987811285164249209e-01
5.396248500116757052e-01 5.979811055483850168e-01 5.537499999999999645e-01
5.098692072760350191e-01 5.809295808037850950e-01 6.012500000000000622e-01
5.076916372991184812e-01 5.963145459422887207e-01 6.069378540240821795e-01
5.160924466314168457e-01 6.130625984626227876e-01 6.319299660855407508e-01
5.642211677561602690e-01 6.123237674853339030e-01 6.250000000000000000e-01
6.141390132195568841e-01 7.181264744528031985e-01 6.250000000000000000e-01
7.066437004980182790e-01 6.430089106999345994e-01 5.159083308693409586e-01
5.843493857355132048e-01 6.632672888682789036e-01 6.250000000000000000e-01
5.607172460720221130e-01 5.646923426436739613e-01 6.194074836119531913e-01
6.286108495364990389e-01 6.459954620961069205e-01 5.300000000000000266e-01
7.072479284200469118e-01 7.700279050482264909e-01 5.300000000000000266e-01
5.619747288913412575e-01 5.223488507359048683e-01 5.300000000000000266e-01
5.701107366615424388e-01 6.408521409716038120e-01 6.644885126918524954e-01
5.471424651011140838e-01 6.795447215300031152e-01 7.199999999999999734e-01
7.232490861667658644e-01 7.001910030420772646e-01 5.244722500749168237e-01
5.859642452731322892e-01 6.232135324811529653e-01 5.775000000000000133e-01
5.453181750769802161e-01 6.024298407455086490e-01 6.674915775308232213e-01
5.227730325540439482e-01 5.889312033722947648e-01 6.250000000000000000e-01
5.630240583550514266e-01 6.894913070665915633e-01 6.250000000000000000e-01
6.065816146812860188e-01 5.936913923388937864e-01 5.041795346982875792e-01
5.416558690708204171e-01 6.374545872453595274e-01 6.250000000000000000e-01
5.429631505315414275e-01 5.731136041534579117e-01 5.883299451822132653e-01
5.766390040583966314e-01 6.181830257480787072e-01 5.300000000000000266e-01
6.305399930366430983e-01 7.295336356309045645e-01 5.300000000000000266e-01
5.221182264608450474e-01 5.014368572448775208e-01 5.300000000000000266e-01
5.450150009772188886e-01 6.381542443896224270e-01 6.356442981117186308e-01
4.994493795979035866e-01 6.501951630480014011e-01 7.199999999999999734e-01
6.758704900633525359e-01 6.855858238351622003e-01 5.064451125987667890e-01
5.438780491737006395e-01 6.010631115724393014e-01 5.775000000000000133e-01
5.282064901033380888e-01 6.073619282292915811e-01 6.280242511240752279e-01
5.767891452184285006e-01 6.182916627148460353e-01 6.250000000000000000e-01
6.295787794137668314e-01 7.292709361257682099e-01 6.250000000000000000e-01
6.385911941886228682e-01 5.896559902575445600e-01 5.386255283693019980e-01
6.437666140640248003e-01 6.535558112594309632e-01 5.300000000000000266e-01
5.826347623418726140e-01 6.446864527359049690e-01 6.629378922620196013e-01
5.481792945346655177e-01 6.022365879342986839e-01 6.250000000000000000e-01
5.957383001481558749e-01 7.094953467749165466e-01 6.250000000000000000e-01
5.965341223486282374e-01 5.674387182105914418e-01 5.659275483738682722e-01
6.129702809690810161e-01 6.371788619505113216e-01 5.300000000000000266e-01
5.645489882936429726e-01 6.405420568767739020e-01 6.533847730435766721e-01
5.317434881251075218e-01 5.934099714868268372e-01 6.250000000000000000e-01
5.745186279997058776e-01 6.966048447241514063e-01 6.250000000000000000e-01
5.878199571828046643e-01 5.620873368348276999e-01 5.544154453410461425e-01
5.907130976629667574e-01 6.264490317165667399e-01 5.300000000000000266e-01
5.378886377105315253e-01 6.209452956706170701e-01 6.714005835897709495e-01
5.125688604122660141e-01 5.830816874835106356e-01 6.250000000000000000e-01
5.513766696749016205e-01 6.822355837123706968e-01 6.250000000000000000e-01
5.849332100961939229e-01 5.729992270539268073e-01 5.332775725415395129e-01
5.683668199885658634e-01 6.145123667365671727e-01 5.300000000000000266e-01
5.340481161836418966e-01 6.315115348322700717e-01 6.418084006789658291e-01
5.862319215909367331e-01 6.253974685250962562e-01 6.250000000000000000e-01
5.724591207221466638e-01 6.168667205623594718e-01 6.250000000000000000e-01
5.566647084490202735e-01 6.075165373650898148e-01 6.250000000000000000e-01
5.461855609715882132e-01 6.016575224355416029e-01 6.250000000000000000e-01
5.347420750075604357e-01 5.951434340038412873e-01 6.250000000000000000e-01
5.267510354116741178e-01 5.912652705356576943e-01 6.250000000000000000e-01
5.159063292414187707e-01 5.844795041945867187e-01 6.250000000000000000e-01
5.046392068547088661e-01 5.766603619427255190e-01 6.250000000000000000e-01
