5.700000000000000622e-01 6.875000000000000000e-01 2.687499999999999889e-01
5.700000000000000622e-01 6.875000000000000000e-01 3.062500000000000222e-01
5.700000000000000622e-01 6.662500000000000089e-01 2.874999999999999778e-01
5.700000000000000622e-01 6.662500000000000089e-01 3.625000000000000444e-01
5.700000000000000622e-01 6.343750000000000222e-01 3.250000000000000111e-01
5.700000000000000622e-01 6.556250000000000133e-01 3.250000000000000111e-01
5.700000000000000622e-01 6.768750000000000044e-01 3.250000000000000111e-01
5.700000000000000622e-01 6.981249999999999956e-01 1.749999999999999889e-01
5.700000000000000622e-01 6.981249999999999956e-01 3.250000000000000111e-01
5.700000000000000622e-01 7.193749999999999867e-01 3.250000000000000111e-01
5.700000000000000622e-01 6.290625000000000799e-01 4.000000000000000222e-01
5.700000000000000622e-01 6.396874999999999645e-01 4.000000000000000222e-01
5.700000000000000622e-01 6.928125000000000533e-01 9.999999999999997780e-02
5.700000000000000622e-01 7.034374999999999378e-01 9.999999999999997780e-02
5.700000000000000622e-01 7.246874999999999289e-01 9.999999999999997780e-02
5.700000000000000622e-01 7.246874999999999289e-01 4.000000000000000222e-01
5.700000000000000622e-01 7.220312500000000133e-01 2.500000000000000000e-01
5.700000000000000622e-01 7.273437499999999556e-01 2.500000000000000000e-01
5.000000000000000000e-01 7.299999999999999822e-01 3.437500000000000000e-01
5.000000000000000000e-01 7.299999999999999822e-01 3.812500000000000333e-01
5.000000000000000000e-01 6.025000000000000355e-01 2.874999999999999778e-01
5.000000000000000000e-01 6.025000000000000355e-01 3.625000000000000444e-01
5.000000000000000000e-01 6.875000000000000000e-01 2.874999999999999778e-01
5.000000000000000000e-01 6.875000000000000000e-01 3.625000000000000444e-01
5.000000000000000000e-01 5.812500000000000444e-01 3.250000000000000111e-01
5.000000000000000000e-01 6.237500000000000266e-01 3.250000000000000111e-01
5.000000000000000000e-01 6.662500000000000089e-01 3.250000000000000111e-01
5.000000000000000000e-01 7.087499999999999911e-01 3.250000000000000111e-01
5.000000000000000000e-01 5.706250000000000488e-01 4.000000000000000222e-01
5.000000000000000000e-01 5.918750000000000400e-01 4.000000000000000222e-01
5.000000000000000000e-01 6.131250000000000311e-01 4.000000000000000222e-01
5.000000000000000000e-01 6.343750000000000222e-01 4.000000000000000222e-01
5.000000000000000000e-01 6.981249999999999956e-01 9.999999999999997780e-02
5.000000000000000000e-01 6.981249999999999956e-01 4.000000000000000222e-01
5.000000000000000000e-01 7.193749999999999867e-01 9.999999999999997780e-02
5.000000000000000000e-01 7.193749999999999867e-01 4.000000000000000222e-01
5.000000000000000000e-01 6.928125000000000533e-01 2.500000000000000000e-01
5.000000000000000000e-01 7.034374999999999378e-01 2.500000000000000000e-01
5.000000000000000000e-01 7.246874999999999289e-01 2.500000000000000000e-01
6.400000000000001243e-01 7.299999999999999822e-01 2.687499999999999889e-01
6.400000000000001243e-01 7.299999999999999822e-01 3.062500000000000222e-01
6.400000000000001243e-01 6.025000000000000355e-01 2.874999999999999778e-01
6.400000000000001243e-01 6.025000000000000355e-01 3.625000000000000444e-01
6.400000000000001243e-01 6.875000000000000000e-01 2.874999999999999778e-01
6.400000000000001243e-01 6.875000000000000000e-01 3.625000000000000444e-01
6.400000000000001243e-01 5.812500000000000444e-01 3.250000000000000111e-01
6.400000000000001243e-01 6.237500000000000266e-01 3.250000000000000111e-01
6.400000000000001243e-01 6.662500000000000089e-01 3.250000000000000111e-01
6.400000000000001243e-01 7.087499999999999911e-01 1.749999999999999889e-01
6.400000000000001243e-01 7.087499999999999911e-01 3.250000000000000111e-01
6.400000000000001243e-01 5.706250000000000488e-01 4.000000000000000222e-01
6.400000000000001243e-01 5.918750000000000400e-01 4.000000000000000222e-01
6.400000000000001243e-01 6.343750000000000222e-01 4.000000000000000222e-01
6.400000000000001243e-01 6.556250000000000133e-01 4.000000000000000222e-01
6.400000000000001243e-01 6.768750000000000044e-01 4.000000000000000222e-01
6.400000000000001243e-01 6.981249999999999956e-01 9.999999999999997780e-02
6.400000000000001243e-01 6.981249999999999956e-01 4.000000000000000222e-01
6.400000000000001243e-01 7.193749999999999867e-01 9.999999999999997780e-02
6.400000000000001243e-01 7.193749999999999867e-01 4.000000000000000222e-01
6.400000000000001243e-01 6.928125000000000533e-01 2.500000000000000000e-01
6.400000000000001243e-01 7.034374999999999378e-01 2.500000000000000000e-01
6.400000000000001243e-01 7.246874999999999289e-01 2.500000000000000000e-01
5.350000000000000311e-01 7.299999999999999822e-01 2.874999999999999778e-01
5.350000000000000311e-01 7.299999999999999822e-01 3.625000000000000444e-01
5.350000000000000311e-01 6.025000000000000355e-01 3.250000000000000111e-01
5.350000000000000311e-01 6.875000000000000000e-01 3.250000000000000111e-01
5.350000000000000311e-01 6.237500000000000266e-01 4.000000000000000222e-01
5.350000000000000311e-01 6.981249999999999956e-01 2.500000000000000000e-01
6.050000000000000933e-01 5.600000000000000533e-01 2.874999999999999778e-01
6.050000000000000933e-01 5.600000000000000533e-01 3.625000000000000444e-01
6.050000000000000933e-01 7.299999999999999822e-01 2.874999999999999778e-01
6.050000000000000933e-01 7.299999999999999822e-01 3.625000000000000444e-01
6.050000000000000933e-01 6.025000000000000355e-01 3.250000000000000111e-01
6.050000000000000933e-01 6.875000000000000000e-01 3.250000000000000111e-01
6.050000000000000933e-01 5.812500000000000444e-01 4.000000000000000222e-01
6.050000000000000933e-01 6.237500000000000266e-01 4.000000000000000222e-01
6.050000000000000933e-01 6.662500000000000089e-01 4.000000000000000222e-01
6.050000000000000933e-01 7.087499999999999911e-01 9.999999999999997780e-02
6.050000000000000933e-01 7.087499999999999911e-01 4.000000000000000222e-01
6.050000000000000933e-01 7.193749999999999867e-01 2.500000000000000000e-01
5.175000000000000711e-01 6.450000000000000178e-01 2.874999999999999778e-01
5.175000000000000711e-01 6.450000000000000178e-01 3.625000000000000444e-01
5.175000000000000711e-01 5.600000000000000533e-01 3.250000000000000111e-01
5.175000000000000711e-01 7.299999999999999822e-01 3.250000000000000111e-01
5.875000000000000222e-01 6.450000000000000178e-01 2.874999999999999778e-01
5.875000000000000222e-01 6.450000000000000178e-01 3.625000000000000444e-01
5.875000000000000222e-01 5.600000000000000533e-01 3.250000000000000111e-01
5.875000000000000222e-01 7.299999999999999822e-01 3.250000000000000111e-01
5.875000000000000222e-01 6.025000000000000355e-01 4.000000000000000222e-01
5.875000000000000222e-01 6.875000000000000000e-01 4.000000000000000222e-01
6.225000000000000533e-01 6.450000000000000178e-01 2.874999999999999778e-01
6.225000000000000533e-01 6.450000000000000178e-01 3.625000000000000444e-01
6.225000000000000533e-01 5.600000000000000533e-01 3.250000000000000111e-01
6.225000000000000533e-01 7.299999999999999822e-01 3.250000000000000111e-01
6.225000000000000533e-01 6.025000000000000355e-01 4.000000000000000222e-01
6.225000000000000533e-01 6.875000000000000000e-01 9.999999999999997780e-02
6.225000000000000533e-01 6.875000000000000000e-01 4.000000000000000222e-01
6.225000000000000533e-01 6.662500000000000089e-01 2.500000000000000000e-01
6.225000000000000533e-01 7.087499999999999911e-01 2.500000000000000000e-01
5.262500000000001066e-01 6.450000000000000178e-01 3.250000000000000111e-01
5.262500000000001066e-01 5.600000000000000533e-01 4.000000000000000222e-01
5.262500000000001066e-01 7.299999999999999822e-01 9.999999999999997780e-02
5.262500000000001066e-01 7.299999999999999822e-01 4.000000000000000222e-01
5.262500000000001066e-01 6.875000000000000000e-01 2.500000000000000000e-01
5.612500000000000266e-01 6.450000000000000178e-01 3.250000000000000111e-01
5.612500000000000266e-01 5.600000000000000533e-01 4.000000000000000222e-01
5.612500000000000266e-01 7.299999999999999822e-01 4.000000000000000222e-01
5.787500000000000977e-01 6.450000000000000178e-01 3.250000000000000111e-01
5.787500000000000977e-01 5.600000000000000533e-01 4.000000000000000222e-01
5.787500000000000977e-01 7.299999999999999822e-01 9.999999999999997780e-02
5.787500000000000977e-01 7.299999999999999822e-01 4.000000000000000222e-01
5.787500000000000977e-01 6.875000000000000000e-01 2.500000000000000000e-01
5.962500000000000577e-01 6.450000000000000178e-01 3.250000000000000111e-01
5.962500000000000577e-01 5.600000000000000533e-01 4.000000000000000222e-01
5.962500000000000577e-01 7.299999999999999822e-01 4.000000000000000222e-01
6.137500000000000178e-01 6.450000000000000178e-01 3.250000000000000111e-01
6.137500000000000178e-01 5.600000000000000533e-01 4.000000000000000222e-01
6.137500000000000178e-01 7.299999999999999822e-01 4.000000000000000222e-01
6.137500000000000178e-01 6.875000000000000000e-01 2.500000000000000000e-01
6.312500000000000888e-01 6.450000000000000178e-01 3.250000000000000111e-01
6.312500000000000888e-01 5.600000000000000533e-01 4.000000000000000222e-01
6.312500000000000888e-01 7.299999999999999822e-01 4.000000000000000222e-01
6.312500000000000888e-01 6.875000000000000000e-01 2.500000000000000000e-01
5.218750000000000888e-01 6.450000000000000178e-01 4.000000000000000222e-01
5.218750000000000888e-01 7.299999999999999822e-01 2.500000000000000000e-01
5.306250000000000133e-01 6.450000000000000178e-01 4.000000000000000222e-01
5.306250000000000133e-01 7.299999999999999822e-01 2.500000000000000000e-01
5.568750000000000089e-01 6.450000000000000178e-01 4.000000000000000222e-01
5.656250000000000444e-01 6.450000000000000178e-01 4.000000000000000222e-01
5.743750000000000799e-01 6.450000000000000178e-01 4.000000000000000222e-01
5.743750000000000799e-01 7.299999999999999822e-01 2.500000000000000000e-01
5.831250000000001155e-01 6.450000000000000178e-01 4.000000000000000222e-01
5.831250000000001155e-01 7.299999999999999822e-01 2.500000000000000000e-01
5.918750000000000400e-01 6.450000000000000178e-01 4.000000000000000222e-01
6.006250000000000755e-01 6.450000000000000178e-01 4.000000000000000222e-01
6.093750000000001110e-01 6.450000000000000178e-01 4.000000000000000222e-01
6.181250000000000355e-01 6.450000000000000178e-01 4.000000000000000222e-01
