5.999999999999999778e-01 6.250000000000000000e-01 2.578125000000000000e-01
5.999999999999999778e-01 7.199999999999999734e-01 2.523437500000000333e-01
5.999999999999999778e-01 7.199999999999999734e-01 2.632812500000000222e-01
5.999999999999999778e-01 6.724999999999999867e-01 3.234375000000000444e-01
5.999999999999999778e-01 6.724999999999999867e-01 3.453125000000000222e-01
5.999999999999999778e-01 6.724999999999999867e-01 3.671875000000000000e-01
5.999999999999999778e-01 6.724999999999999867e-01 3.890625000000000333e-01
5.999999999999999778e-01 6.487499999999999378e-01 3.343750000000000333e-01
5.999999999999999778e-01 6.487499999999999378e-01 3.781250000000000444e-01
5.999999999999999778e-01 6.962500000000000355e-01 3.343750000000000333e-01
5.999999999999999778e-01 6.962500000000000355e-01 3.781250000000000444e-01
5.999999999999999778e-01 6.428125000000000089e-01 2.250000000000000056e-01
5.999999999999999778e-01 6.398437500000000444e-01 4.000000000000000222e-01
5.999999999999999778e-01 6.457812499999999734e-01 4.000000000000000222e-01
5.000000000000000000e-01 6.250000000000000000e-01 2.468750000000000111e-01
5.000000000000000000e-01 6.250000000000000000e-01 2.906250000000000222e-01
5.000000000000000000e-01 6.250000000000000000e-01 3.617187499999999778e-01
5.000000000000000000e-01 6.250000000000000000e-01 3.726562500000000222e-01
5.000000000000000000e-01 5.300000000000000266e-01 3.671875000000000000e-01
5.000000000000000000e-01 7.199999999999999734e-01 2.359374999999999944e-01
5.000000000000000000e-01 7.199999999999999734e-01 2.578125000000000000e-01
5.000000000000000000e-01 7.199999999999999734e-01 3.671875000000000000e-01
5.000000000000000000e-01 6.724999999999999867e-01 3.343750000000000333e-01
5.000000000000000000e-01 6.724999999999999867e-01 3.781250000000000444e-01
5.000000000000000000e-01 6.487499999999999378e-01 3.562500000000000111e-01
5.000000000000000000e-01 6.962500000000000355e-01 3.562500000000000111e-01
5.000000000000000000e-01 6.368749999999999689e-01 2.250000000000000056e-01
5.000000000000000000e-01 6.843749999999999556e-01 3.125000000000000000e-01
5.000000000000000000e-01 7.081250000000000044e-01 3.125000000000000000e-01
5.000000000000000000e-01 6.428125000000000089e-01 4.000000000000000222e-01
5.000000000000000000e-01 6.784375000000000266e-01 4.000000000000000222e-01
5.000000000000000000e-01 6.903124999999999956e-01 4.000000000000000222e-01
5.000000000000000000e-01 7.021874999999999645e-01 4.000000000000000222e-01
5.000000000000000000e-01 7.140624999999999334e-01 4.000000000000000222e-01
6.999999999999999556e-01 6.250000000000000000e-01 2.906250000000000222e-01
6.999999999999999556e-01 7.199999999999999734e-01 2.578125000000000000e-01
6.999999999999999556e-01 6.724999999999999867e-01 3.343750000000000333e-01
6.999999999999999556e-01 6.724999999999999867e-01 3.781250000000000444e-01
6.999999999999999556e-01 6.487499999999999378e-01 3.562500000000000111e-01
6.999999999999999556e-01 6.962500000000000355e-01 3.562500000000000111e-01
6.999999999999999556e-01 6.368749999999999689e-01 2.250000000000000056e-01
6.999999999999999556e-01 6.428125000000000089e-01 4.000000000000000222e-01
5.500000000000000444e-01 6.250000000000000000e-01 2.687499999999999889e-01
5.500000000000000444e-01 6.250000000000000000e-01 3.671875000000000000e-01
5.500000000000000444e-01 7.199999999999999734e-01 2.468750000000000111e-01
5.500000000000000444e-01 7.199999999999999734e-01 2.906250000000000222e-01
5.500000000000000444e-01 7.199999999999999734e-01 3.781250000000000444e-01
5.500000000000000444e-01 6.724999999999999867e-01 3.562500000000000111e-01
5.500000000000000444e-01 6.487499999999999378e-01 2.250000000000000056e-01
5.500000000000000444e-01 6.962500000000000355e-01 3.125000000000000000e-01
5.500000000000000444e-01 6.368749999999999689e-01 4.000000000000000222e-01
5.500000000000000444e-01 6.843749999999999556e-01 4.000000000000000222e-01
5.500000000000000444e-01 7.081250000000000044e-01 4.000000000000000222e-01
6.499999999999999112e-01 7.199999999999999734e-01 2.468750000000000111e-01
6.499999999999999112e-01 7.199999999999999734e-01 2.906250000000000222e-01
6.499999999999999112e-01 6.724999999999999867e-01 2.687499999999999889e-01
6.499999999999999112e-01 6.724999999999999867e-01 3.562500000000000111e-01
6.499999999999999112e-01 6.962500000000000355e-01 3.125000000000000000e-01
6.499999999999999112e-01 6.843749999999999556e-01 4.000000000000000222e-01
6.499999999999999112e-01 7.081250000000000044e-01 4.000000000000000222e-01
5.250000000000000222e-01 6.250000000000000000e-01 3.125000000000000000e-01
5.250000000000000222e-01 7.199999999999999734e-01 2.687499999999999889e-01
5.250000000000000222e-01 7.199999999999999734e-01 3.562500000000000111e-01
5.749999999999999556e-01 7.199999999999999734e-01 2.687499999999999889e-01
5.749999999999999556e-01 5.775000000000000133e-01 2.250000000000000056e-01
5.749999999999999556e-01 5.537499999999999645e-01 4.000000000000000222e-01
5.749999999999999556e-01 6.012500000000000622e-01 4.000000000000000222e-01
6.250000000000000000e-01 7.199999999999999734e-01 2.687499999999999889e-01
6.250000000000000000e-01 6.724999999999999867e-01 2.250000000000000056e-01
6.250000000000000000e-01 6.487499999999999378e-01 4.000000000000000222e-01
6.250000000000000000e-01 6.962500000000000355e-01 4.000000000000000222e-01
6.749999999999999334e-01 7.199999999999999734e-01 2.687499999999999889e-01
6.749999999999999334e-01 7.199999999999999734e-01 3.562500000000000111e-01
6.749999999999999334e-01 6.724999999999999867e-01 3.125000000000000000e-01
6.749999999999999334e-01 6.962500000000000355e-01 4.000000000000000222e-01
5.625000000000000000e-01 5.775000000000000133e-01 4.000000000000000222e-01
5.875000000000000222e-01 5.775000000000000133e-01 4.000000000000000222e-01
6.624999999999999778e-01 7.199999999999999734e-01 3.125000000000000000e-01
6.875000000000000000e-01 7.199999999999999734e-01 3.125000000000000000e-01
5.562500000000000222e-01 6.250000000000000000e-01 2.250000000000000056e-01
5.562500000000000222e-01 5.300000000000000266e-01 4.000000000000000222e-01
5.562500000000000222e-01 7.199999999999999734e-01 4.000000000000000222e-01
5.687499999999999778e-01 6.250000000000000000e-01 2.250000000000000056e-01
5.687499999999999778e-01 5.300000000000000266e-01 4.000000000000000222e-01
5.687499999999999778e-01 7.199999999999999734e-01 4.999999999999998890e-02
5.687499999999999778e-01 7.199999999999999734e-01 4.000000000000000222e-01
6.562500000000000000e-01 6.250000000000000000e-01 2.250000000000000056e-01
6.562500000000000000e-01 5.300000000000000266e-01 4.000000000000000222e-01
6.562500000000000000e-01 7.199999999999999734e-01 4.000000000000000222e-01
6.687499999999999556e-01 6.250000000000000000e-01 2.250000000000000056e-01
6.687499999999999556e-01 5.300000000000000266e-01 4.000000000000000222e-01
6.687499999999999556e-01 7.199999999999999734e-01 4.000000000000000222e-01
6.812499999999999112e-01 6.250000000000000000e-01 2.250000000000000056e-01
6.812499999999999112e-01 5.300000000000000266e-01 4.000000000000000222e-01
6.812499999999999112e-01 7.199999999999999734e-01 4.000000000000000222e-01
5.531249999999999778e-01 6.250000000000000000e-01 4.000000000000000222e-01
5.593749999999999556e-01 6.250000000000000000e-01 4.000000000000000222e-01
5.656250000000000444e-01 6.250000000000000000e-01 4.000000000000000222e-01
5.656250000000000444e-01 7.199999999999999734e-01 2.250000000000000056e-01
5.718750000000000222e-01 6.250000000000000000e-01 4.000000000000000222e-01
5.718750000000000222e-01 7.199999999999999734e-01 2.250000000000000056e-01
6.531249999999999556e-01 6.250000000000000000e-01 4.000000000000000222e-01
6.593749999999999334e-01 6.250000000000000000e-01 4.000000000000000222e-01
6.656249999999999112e-01 6.250000000000000000e-01 4.000000000000000222e-01
6.718750000000000000e-01 6.250000000000000000e-01 4.000000000000000222e-01
6.781249999999999778e-01 6.250000000000000000e-01 4.000000000000000222e-01
6.843749999999999556e-01 6.250000000000000000e-01 4.000000000000000222e-01
