5.800000000000000711e-01 6.500000000000000222e-01 2.359374999999999944e-01
5.800000000000000711e-01 6.500000000000000222e-01 2.578125000000000000e-01
5.800000000000000711e-01 6.500000000000000222e-01 2.796875000000000333e-01
5.800000000000000711e-01 6.500000000000000222e-01 3.015625000000000111e-01
5.800000000000000711e-01 6.500000000000000222e-01 3.671875000000000000e-01
5.800000000000000711e-01 6.500000000000000222e-01 3.890625000000000333e-01
5.800000000000000711e-01 5.600000000000000533e-01 2.468750000000000111e-01
5.800000000000000711e-01 5.600000000000000533e-01 2.906250000000000222e-01
5.800000000000000711e-01 5.600000000000000533e-01 3.343750000000000333e-01
5.800000000000000711e-01 5.600000000000000533e-01 3.781250000000000444e-01
5.800000000000000711e-01 7.399999999999999911e-01 7.187499999999999445e-02
5.800000000000000711e-01 7.399999999999999911e-01 1.156249999999999917e-01
5.800000000000000711e-01 7.399999999999999911e-01 1.593749999999999889e-01
5.800000000000000711e-01 7.399999999999999911e-01 2.031250000000000000e-01
5.800000000000000711e-01 7.399999999999999911e-01 2.468750000000000111e-01
5.800000000000000711e-01 7.399999999999999911e-01 2.906250000000000222e-01
5.800000000000000711e-01 7.399999999999999911e-01 3.343750000000000333e-01
5.800000000000000711e-01 7.399999999999999911e-01 3.781250000000000444e-01
5.800000000000000711e-01 6.049999999999999822e-01 2.687499999999999889e-01
5.800000000000000711e-01 6.049999999999999822e-01 3.562500000000000111e-01
5.800000000000000711e-01 6.950000000000000622e-01 9.375000000000000000e-02
5.800000000000000711e-01 6.950000000000000622e-01 1.812499999999999944e-01
5.800000000000000711e-01 6.950000000000000622e-01 2.687499999999999889e-01
5.800000000000000711e-01 6.950000000000000622e-01 3.562500000000000111e-01
5.800000000000000711e-01 5.825000000000000178e-01 3.125000000000000000e-01
5.800000000000000711e-01 6.275000000000000577e-01 3.125000000000000000e-01
5.800000000000000711e-01 6.724999999999999867e-01 1.375000000000000111e-01
5.800000000000000711e-01 6.724999999999999867e-01 3.125000000000000000e-01
5.800000000000000711e-01 7.175000000000000266e-01 1.375000000000000111e-01
5.800000000000000711e-01 7.175000000000000266e-01 3.125000000000000000e-01
5.800000000000000711e-01 5.712500000000000355e-01 4.000000000000000222e-01
5.800000000000000711e-01 5.937500000000000000e-01 4.000000000000000222e-01
5.800000000000000711e-01 6.162500000000000755e-01 4.000000000000000222e-01
5.800000000000000711e-01 6.387500000000000400e-01 4.000000000000000222e-01
5.800000000000000711e-01 6.612500000000000044e-01 4.999999999999998890e-02
5.800000000000000711e-01 6.612500000000000044e-01 4.000000000000000222e-01
5.800000000000000711e-01 6.837499999999999689e-01 4.999999999999998890e-02
5.800000000000000711e-01 6.837499999999999689e-01 4.000000000000000222e-01
5.800000000000000711e-01 7.062500000000000444e-01 4.999999999999998890e-02
5.800000000000000711e-01 7.062500000000000444e-01 4.000000000000000222e-01
5.800000000000000711e-01 7.287500000000000089e-01 4.999999999999998890e-02
5.800000000000000711e-01 7.287500000000000089e-01 4.000000000000000222e-01
5.800000000000000711e-01 6.556250000000000133e-01 2.250000000000000056e-01
5.800000000000000711e-01 6.668749999999999956e-01 2.250000000000000056e-01
5.800000000000000711e-01 6.781249999999999778e-01 2.250000000000000056e-01
5.800000000000000711e-01 6.893749999999999600e-01 2.250000000000000056e-01
5.800000000000000711e-01 7.006250000000000533e-01 2.250000000000000056e-01
5.800000000000000711e-01 7.118750000000000355e-01 2.250000000000000056e-01
5.800000000000000711e-01 7.231250000000000178e-01 2.250000000000000056e-01
5.800000000000000711e-01 7.343750000000000000e-01 2.250000000000000056e-01
5.000000000000000000e-01 6.500000000000000222e-01 2.468750000000000111e-01
5.000000000000000000e-01 6.500000000000000222e-01 2.906250000000000222e-01
5.000000000000000000e-01 6.500000000000000222e-01 3.343750000000000333e-01
5.000000000000000000e-01 6.500000000000000222e-01 3.781250000000000444e-01
5.000000000000000000e-01 5.600000000000000533e-01 2.687499999999999889e-01
5.000000000000000000e-01 5.600000000000000533e-01 3.562500000000000111e-01
5.000000000000000000e-01 7.399999999999999911e-01 9.375000000000000000e-02
5.000000000000000000e-01 7.399999999999999911e-01 1.812499999999999944e-01
5.000000000000000000e-01 7.399999999999999911e-01 2.687499999999999889e-01
5.000000000000000000e-01 7.399999999999999911e-01 3.562500000000000111e-01
5.000000000000000000e-01 6.049999999999999822e-01 1.375000000000000111e-01
5.000000000000000000e-01 6.049999999999999822e-01 3.125000000000000000e-01
5.000000000000000000e-01 6.950000000000000622e-01 1.375000000000000111e-01
5.000000000000000000e-01 6.950000000000000622e-01 3.125000000000000000e-01
5.000000000000000000e-01 5.825000000000000178e-01 4.000000000000000222e-01
5.000000000000000000e-01 6.275000000000000577e-01 4.000000000000000222e-01
5.000000000000000000e-01 6.724999999999999867e-01 4.999999999999998890e-02
5.000000000000000000e-01 6.724999999999999867e-01 4.000000000000000222e-01
5.000000000000000000e-01 7.175000000000000266e-01 4.999999999999998890e-02
5.000000000000000000e-01 7.175000000000000266e-01 4.000000000000000222e-01
5.000000000000000000e-01 6.612500000000000044e-01 2.250000000000000056e-01
5.000000000000000000e-01 6.837499999999999689e-01 2.250000000000000056e-01
5.000000000000000000e-01 7.062500000000000444e-01 2.250000000000000056e-01
5.000000000000000000e-01 7.287500000000000089e-01 2.250000000000000056e-01
6.600000000000001421e-01 6.500000000000000222e-01 1.593749999999999889e-01
6.600000000000001421e-01 6.500000000000000222e-01 2.031250000000000000e-01
6.600000000000001421e-01 6.500000000000000222e-01 2.468750000000000111e-01
6.600000000000001421e-01 6.500000000000000222e-01 2.906250000000000222e-01
6.600000000000001421e-01 6.500000000000000222e-01 3.781250000000000444e-01
6.600000000000001421e-01 5.600000000000000533e-01 9.375000000000000000e-02
6.600000000000001421e-01 5.600000000000000533e-01 1.812499999999999944e-01
6.600000000000001421e-01 5.600000000000000533e-01 2.687499999999999889e-01
6.600000000000001421e-01 5.600000000000000533e-01 3.562500000000000111e-01
6.600000000000001421e-01 7.399999999999999911e-01 9.375000000000000000e-02
6.600000000000001421e-01 7.399999999999999911e-01 1.812499999999999944e-01
6.600000000000001421e-01 7.399999999999999911e-01 2.687499999999999889e-01
6.600000000000001421e-01 7.399999999999999911e-01 3.562500000000000111e-01
6.600000000000001421e-01 6.049999999999999822e-01 1.375000000000000111e-01
6.600000000000001421e-01 6.049999999999999822e-01 3.125000000000000000e-01
6.600000000000001421e-01 6.950000000000000622e-01 1.375000000000000111e-01
6.600000000000001421e-01 6.950000000000000622e-01 3.125000000000000000e-01
6.600000000000001421e-01 5.825000000000000178e-01 4.999999999999998890e-02
6.600000000000001421e-01 5.825000000000000178e-01 4.000000000000000222e-01
6.600000000000001421e-01 6.275000000000000577e-01 4.999999999999998890e-02
6.600000000000001421e-01 6.275000000000000577e-01 4.000000000000000222e-01
6.600000000000001421e-01 6.724999999999999867e-01 4.999999999999998890e-02
6.600000000000001421e-01 6.724999999999999867e-01 4.000000000000000222e-01
6.600000000000001421e-01 7.175000000000000266e-01 4.999999999999998890e-02
6.600000000000001421e-01 7.175000000000000266e-01 4.000000000000000222e-01
6.600000000000001421e-01 6.162500000000000755e-01 2.250000000000000056e-01
6.600000000000001421e-01 6.387500000000000400e-01 2.250000000000000056e-01
6.600000000000001421e-01 6.612500000000000044e-01 2.250000000000000056e-01
6.600000000000001421e-01 6.837499999999999689e-01 2.250000000000000056e-01
6.600000000000001421e-01 7.062500000000000444e-01 2.250000000000000056e-01
6.600000000000001421e-01 7.287500000000000089e-01 2.250000000000000056e-01
5.400000000000000355e-01 6.500000000000000222e-01 2.687499999999999889e-01
5.400000000000000355e-01 6.500000000000000222e-01 3.562500000000000111e-01
5.400000000000000355e-01 5.600000000000000533e-01 1.375000000000000111e-01
5.400000000000000355e-01 5.600000000000000533e-01 3.125000000000000000e-01
5.400000000000000355e-01 7.399999999999999911e-01 1.375000000000000111e-01
5.400000000000000355e-01 7.399999999999999911e-01 3.125000000000000000e-01
5.400000000000000355e-01 6.049999999999999822e-01 4.000000000000000222e-01
5.400000000000000355e-01 6.950000000000000622e-01 4.000000000000000222e-01
5.400000000000000355e-01 6.724999999999999867e-01 2.250000000000000056e-01
5.400000000000000355e-01 7.175000000000000266e-01 2.250000000000000056e-01
6.200000000000001066e-01 6.500000000000000222e-01 9.375000000000000000e-02
6.200000000000001066e-01 6.500000000000000222e-01 1.812499999999999944e-01
6.200000000000001066e-01 6.500000000000000222e-01 2.687499999999999889e-01
6.200000000000001066e-01 5.600000000000000533e-01 1.375000000000000111e-01
6.200000000000001066e-01 5.600000000000000533e-01 3.125000000000000000e-01
6.200000000000001066e-01 7.399999999999999911e-01 1.375000000000000111e-01
6.200000000000001066e-01 7.399999999999999911e-01 3.125000000000000000e-01
6.200000000000001066e-01 6.049999999999999822e-01 4.999999999999998890e-02
6.200000000000001066e-01 6.049999999999999822e-01 4.000000000000000222e-01
6.200000000000001066e-01 6.950000000000000622e-01 4.999999999999998890e-02
6.200000000000001066e-01 6.950000000000000622e-01 4.000000000000000222e-01
6.200000000000001066e-01 6.275000000000000577e-01 2.250000000000000056e-01
6.200000000000001066e-01 6.724999999999999867e-01 2.250000000000000056e-01
6.200000000000001066e-01 7.175000000000000266e-01 2.250000000000000056e-01
5.200000000000000178e-01 6.500000000000000222e-01 3.125000000000000000e-01
5.200000000000000178e-01 5.600000000000000533e-01 4.000000000000000222e-01
5.200000000000000178e-01 7.399999999999999911e-01 4.000000000000000222e-01
5.600000000000000533e-01 6.500000000000000222e-01 3.125000000000000000e-01
5.600000000000000533e-01 5.600000000000000533e-01 4.000000000000000222e-01
5.600000000000000533e-01 7.399999999999999911e-01 4.999999999999998890e-02
5.600000000000000533e-01 7.399999999999999911e-01 4.000000000000000222e-01
5.600000000000000533e-01 6.950000000000000622e-01 2.250000000000000056e-01
6.000000000000000888e-01 6.500000000000000222e-01 3.125000000000000000e-01
6.000000000000000888e-01 5.600000000000000533e-01 4.000000000000000222e-01
6.000000000000000888e-01 7.399999999999999911e-01 4.999999999999998890e-02
6.000000000000000888e-01 7.399999999999999911e-01 4.000000000000000222e-01
6.000000000000000888e-01 6.950000000000000622e-01 2.250000000000000056e-01
6.400000000000001243e-01 6.500000000000000222e-01 1.375000000000000111e-01
6.400000000000001243e-01 6.500000000000000222e-01 3.125000000000000000e-01
6.400000000000001243e-01 5.600000000000000533e-01 4.999999999999998890e-02
6.400000000000001243e-01 5.600000000000000533e-01 4.000000000000000222e-01
6.400000000000001243e-01 7.399999999999999911e-01 4.999999999999998890e-02
6.400000000000001243e-01 7.399999999999999911e-01 4.000000000000000222e-01
6.400000000000001243e-01 6.049999999999999822e-01 2.250000000000000056e-01
6.400000000000001243e-01 6.950000000000000622e-01 2.250000000000000056e-01
5.100000000000000089e-01 6.500000000000000222e-01 4.000000000000000222e-01
5.300000000000000266e-01 6.500000000000000222e-01 4.000000000000000222e-01
5.500000000000000444e-01 6.500000000000000222e-01 4.000000000000000222e-01
5.500000000000000444e-01 7.399999999999999911e-01 2.250000000000000056e-01
5.700000000000000622e-01 6.500000000000000222e-01 4.000000000000000222e-01
5.700000000000000622e-01 7.399999999999999911e-01 2.250000000000000056e-01
5.900000000000000799e-01 6.500000000000000222e-01 4.000000000000000222e-01
5.900000000000000799e-01 7.399999999999999911e-01 2.250000000000000056e-01
6.100000000000000977e-01 6.500000000000000222e-01 4.000000000000000222e-01
6.100000000000000977e-01 7.399999999999999911e-01 2.250000000000000056e-01
6.300000000000001155e-01 6.500000000000000222e-01 4.000000000000000222e-01
6.300000000000001155e-01 7.399999999999999911e-01 2.250000000000000056e-01
6.500000000000001332e-01 6.500000000000000222e-01 4.999999999999998890e-02
6.500000000000001332e-01 6.500000000000000222e-01 4.000000000000000222e-01
6.500000000000001332e-01 5.600000000000000533e-01 2.250000000000000056e-01
6.500000000000001332e-01 7.399999999999999911e-01 2.250000000000000056e-01
6.450000000000001288e-01 6.500000000000000222e-01 2.250000000000000056e-01
6.550000000000000266e-01 6.500000000000000222e-01 2.250000000000000056e-01
