5.999999999999999778e-01 6.250000000000000000e-01 3.152343750000000111e-01
5.999999999999999778e-01 6.250000000000000000e-01 3.207031250000000333e-01
5.999999999999999778e-01 6.250000000000000000e-01 3.261718750000000000e-01
5.999999999999999778e-01 6.250000000000000000e-01 3.316406250000000222e-01
5.999999999999999778e-01 6.250000000000000000e-01 3.808593750000000000e-01
5.999999999999999778e-01 6.250000000000000000e-01 3.863281250000000222e-01
5.999999999999999778e-01 5.300000000000000266e-01 2.468750000000000111e-01
5.999999999999999778e-01 5.300000000000000266e-01 3.179687500000000222e-01
5.999999999999999778e-01 5.300000000000000266e-01 3.289062500000000111e-01
5.999999999999999778e-01 5.300000000000000266e-01 3.835937500000000111e-01
5.999999999999999778e-01 7.199999999999999734e-01 3.179687500000000222e-01
5.999999999999999778e-01 7.199999999999999734e-01 3.289062500000000111e-01
5.999999999999999778e-01 7.199999999999999734e-01 3.835937500000000111e-01
5.999999999999999778e-01 5.775000000000000133e-01 3.234375000000000444e-01
5.999999999999999778e-01 5.775000000000000133e-01 3.453125000000000222e-01
5.999999999999999778e-01 5.775000000000000133e-01 3.890625000000000333e-01
5.999999999999999778e-01 6.724999999999999867e-01 3.671875000000000000e-01
5.999999999999999778e-01 6.724999999999999867e-01 3.890625000000000333e-01
5.999999999999999778e-01 5.537499999999999645e-01 3.343750000000000333e-01
5.999999999999999778e-01 5.537499999999999645e-01 3.781250000000000444e-01
5.999999999999999778e-01 6.012500000000000622e-01 3.343750000000000333e-01
5.999999999999999778e-01 6.012500000000000622e-01 3.781250000000000444e-01
5.999999999999999778e-01 6.487499999999999378e-01 2.468750000000000111e-01
5.999999999999999778e-01 6.487499999999999378e-01 2.906250000000000222e-01
5.999999999999999778e-01 6.487499999999999378e-01 3.781250000000000444e-01
5.999999999999999778e-01 6.962500000000000355e-01 2.468750000000000111e-01
5.999999999999999778e-01 6.962500000000000355e-01 2.906250000000000222e-01
5.999999999999999778e-01 6.962500000000000355e-01 3.781250000000000444e-01
5.999999999999999778e-01 5.418749999999999956e-01 3.562500000000000111e-01
5.999999999999999778e-01 5.656250000000000444e-01 3.562500000000000111e-01
5.999999999999999778e-01 5.893749999999999822e-01 3.562500000000000111e-01
5.999999999999999778e-01 6.131250000000000311e-01 3.562500000000000111e-01
5.999999999999999778e-01 6.843749999999999556e-01 2.687499999999999889e-01
5.999999999999999778e-01 7.081250000000000044e-01 2.687499999999999889e-01
5.999999999999999778e-01 5.478125000000000355e-01 2.250000000000000056e-01
5.999999999999999778e-01 5.596875000000000044e-01 2.250000000000000056e-01
5.999999999999999778e-01 5.715624999999999734e-01 2.250000000000000056e-01
5.999999999999999778e-01 5.834375000000000533e-01 2.250000000000000056e-01
5.999999999999999778e-01 5.953125000000000222e-01 2.250000000000000056e-01
5.999999999999999778e-01 6.071874999999999911e-01 2.250000000000000056e-01
5.999999999999999778e-01 6.665624999999999467e-01 2.250000000000000056e-01
5.999999999999999778e-01 5.448437500000000711e-01 4.000000000000000222e-01
5.999999999999999778e-01 5.507812500000000000e-01 4.000000000000000222e-01
5.999999999999999778e-01 5.567187500000000400e-01 4.000000000000000222e-01
5.999999999999999778e-01 5.626562499999999689e-01 4.000000000000000222e-01
5.999999999999999778e-01 5.685937500000000089e-01 4.000000000000000222e-01
5.999999999999999778e-01 5.745312500000000488e-01 4.000000000000000222e-01
5.999999999999999778e-01 5.804687499999999778e-01 4.000000000000000222e-01
5.999999999999999778e-01 5.864062500000000178e-01 4.000000000000000222e-01
5.999999999999999778e-01 5.923437500000000577e-01 4.000000000000000222e-01
5.999999999999999778e-01 5.982812499999999867e-01 4.000000000000000222e-01
5.999999999999999778e-01 6.042187500000000266e-01 4.000000000000000222e-01
5.999999999999999778e-01 6.101562499999999556e-01 4.000000000000000222e-01
5.000000000000000000e-01 6.250000000000000000e-01 3.179687500000000222e-01
5.000000000000000000e-01 6.250000000000000000e-01 3.289062500000000111e-01
5.000000000000000000e-01 6.250000000000000000e-01 3.617187499999999778e-01
5.000000000000000000e-01 6.250000000000000000e-01 3.726562500000000222e-01
5.000000000000000000e-01 6.250000000000000000e-01 3.835937500000000111e-01
5.000000000000000000e-01 5.300000000000000266e-01 2.796875000000000333e-01
5.000000000000000000e-01 5.300000000000000266e-01 3.234375000000000444e-01
5.000000000000000000e-01 5.300000000000000266e-01 3.453125000000000222e-01
5.000000000000000000e-01 5.300000000000000266e-01 3.671875000000000000e-01
5.000000000000000000e-01 5.300000000000000266e-01 3.890625000000000333e-01
5.000000000000000000e-01 7.199999999999999734e-01 2.796875000000000333e-01
5.000000000000000000e-01 7.199999999999999734e-01 3.234375000000000444e-01
5.000000000000000000e-01 7.199999999999999734e-01 3.453125000000000222e-01
5.000000000000000000e-01 7.199999999999999734e-01 3.671875000000000000e-01
5.000000000000000000e-01 7.199999999999999734e-01 3.890625000000000333e-01
5.000000000000000000e-01 5.775000000000000133e-01 3.343750000000000333e-01
5.000000000000000000e-01 5.775000000000000133e-01 3.781250000000000444e-01
5.000000000000000000e-01 6.724999999999999867e-01 2.468750000000000111e-01
5.000000000000000000e-01 6.724999999999999867e-01 2.906250000000000222e-01
5.000000000000000000e-01 6.724999999999999867e-01 3.343750000000000333e-01
5.000000000000000000e-01 6.724999999999999867e-01 3.781250000000000444e-01
5.000000000000000000e-01 5.537499999999999645e-01 3.562500000000000111e-01
5.000000000000000000e-01 6.012500000000000622e-01 3.562500000000000111e-01
5.000000000000000000e-01 6.487499999999999378e-01 2.687499999999999889e-01
5.000000000000000000e-01 6.962500000000000355e-01 2.687499999999999889e-01
5.000000000000000000e-01 6.962500000000000355e-01 3.562500000000000111e-01
5.000000000000000000e-01 5.418749999999999956e-01 2.250000000000000056e-01
5.000000000000000000e-01 5.656250000000000444e-01 2.250000000000000056e-01
5.000000000000000000e-01 5.893749999999999822e-01 2.250000000000000056e-01
5.000000000000000000e-01 6.131250000000000311e-01 2.250000000000000056e-01
5.000000000000000000e-01 6.368749999999999689e-01 3.125000000000000000e-01
5.000000000000000000e-01 6.606250000000000178e-01 3.125000000000000000e-01
5.000000000000000000e-01 6.843749999999999556e-01 3.125000000000000000e-01
5.000000000000000000e-01 7.081250000000000044e-01 3.125000000000000000e-01
5.000000000000000000e-01 5.359375000000000666e-01 4.000000000000000222e-01
5.000000000000000000e-01 5.478125000000000355e-01 4.000000000000000222e-01
5.000000000000000000e-01 5.596875000000000044e-01 4.000000000000000222e-01
5.000000000000000000e-01 5.715624999999999734e-01 4.000000000000000222e-01
5.000000000000000000e-01 5.834375000000000533e-01 4.000000000000000222e-01
5.000000000000000000e-01 5.953125000000000222e-01 4.000000000000000222e-01
5.000000000000000000e-01 6.071874999999999911e-01 4.000000000000000222e-01
5.000000000000000000e-01 6.190624999999999600e-01 4.000000000000000222e-01
5.000000000000000000e-01 6.309375000000000400e-01 4.000000000000000222e-01
5.000000000000000000e-01 6.428125000000000089e-01 4.000000000000000222e-01
5.000000000000000000e-01 6.665624999999999467e-01 4.999999999999998890e-02
5.000000000000000000e-01 6.665624999999999467e-01 4.000000000000000222e-01
5.000000000000000000e-01 6.784375000000000266e-01 4.999999999999998890e-02
5.000000000000000000e-01 6.784375000000000266e-01 4.000000000000000222e-01
5.000000000000000000e-01 6.903124999999999956e-01 4.999999999999998890e-02
5.000000000000000000e-01 6.903124999999999956e-01 4.000000000000000222e-01
5.000000000000000000e-01 7.021874999999999645e-01 4.000000000000000222e-01
5.000000000000000000e-01 7.140624999999999334e-01 4.000000000000000222e-01
5.000000000000000000e-01 6.635937499999999822e-01 2.250000000000000056e-01
5.000000000000000000e-01 6.695312500000000222e-01 2.250000000000000056e-01
5.000000000000000000e-01 6.754687499999999512e-01 2.250000000000000056e-01
5.000000000000000000e-01 6.814062499999999911e-01 2.250000000000000056e-01
5.000000000000000000e-01 6.873437500000000311e-01 2.250000000000000056e-01
5.000000000000000000e-01 6.932812499999999600e-01 2.250000000000000056e-01
6.999999999999999556e-01 6.250000000000000000e-01 3.179687500000000222e-01
6.999999999999999556e-01 6.250000000000000000e-01 3.289062500000000111e-01
6.999999999999999556e-01 6.250000000000000000e-01 3.835937500000000111e-01
6.999999999999999556e-01 5.300000000000000266e-01 2.359374999999999944e-01
6.999999999999999556e-01 5.300000000000000266e-01 2.578125000000000000e-01
6.999999999999999556e-01 5.300000000000000266e-01 3.890625000000000333e-01
6.999999999999999556e-01 7.199999999999999734e-01 3.890625000000000333e-01
6.999999999999999556e-01 5.775000000000000133e-01 2.468750000000000111e-01
6.999999999999999556e-01 5.775000000000000133e-01 3.343750000000000333e-01
6.999999999999999556e-01 5.775000000000000133e-01 3.781250000000000444e-01
6.999999999999999556e-01 6.724999999999999867e-01 3.781250000000000444e-01
6.999999999999999556e-01 5.537499999999999645e-01 3.562500000000000111e-01
6.999999999999999556e-01 6.012500000000000622e-01 2.687499999999999889e-01
6.999999999999999556e-01 6.012500000000000622e-01 3.562500000000000111e-01
6.999999999999999556e-01 6.487499999999999378e-01 2.687499999999999889e-01
6.999999999999999556e-01 6.487499999999999378e-01 3.562500000000000111e-01
6.999999999999999556e-01 6.962500000000000355e-01 2.687499999999999889e-01
6.999999999999999556e-01 5.418749999999999956e-01 2.250000000000000056e-01
6.999999999999999556e-01 5.656250000000000444e-01 2.250000000000000056e-01
6.999999999999999556e-01 6.368749999999999689e-01 3.125000000000000000e-01
6.999999999999999556e-01 6.606250000000000178e-01 3.125000000000000000e-01
6.999999999999999556e-01 6.843749999999999556e-01 3.125000000000000000e-01
6.999999999999999556e-01 5.359375000000000666e-01 4.000000000000000222e-01
6.999999999999999556e-01 5.478125000000000355e-01 4.000000000000000222e-01
6.999999999999999556e-01 5.596875000000000044e-01 4.000000000000000222e-01
6.999999999999999556e-01 5.715624999999999734e-01 4.000000000000000222e-01
6.999999999999999556e-01 5.834375000000000533e-01 4.000000000000000222e-01
6.999999999999999556e-01 5.953125000000000222e-01 4.000000000000000222e-01
6.999999999999999556e-01 6.071874999999999911e-01 4.000000000000000222e-01
6.999999999999999556e-01 6.546874999999999778e-01 4.000000000000000222e-01
6.999999999999999556e-01 6.665624999999999467e-01 4.000000000000000222e-01
6.999999999999999556e-01 6.784375000000000266e-01 4.999999999999998890e-02
6.999999999999999556e-01 6.784375000000000266e-01 4.000000000000000222e-01
6.999999999999999556e-01 6.903124999999999956e-01 4.000000000000000222e-01
6.999999999999999556e-01 6.754687499999999512e-01 2.250000000000000056e-01
6.999999999999999556e-01 6.814062499999999911e-01 2.250000000000000056e-01
5.500000000000000444e-01 6.250000000000000000e-01 2.796875000000000333e-01
5.500000000000000444e-01 6.250000000000000000e-01 3.234375000000000444e-01
5.500000000000000444e-01 6.250000000000000000e-01 3.453125000000000222e-01
5.500000000000000444e-01 6.250000000000000000e-01 3.671875000000000000e-01
5.500000000000000444e-01 6.250000000000000000e-01 3.890625000000000333e-01
5.500000000000000444e-01 5.300000000000000266e-01 3.343750000000000333e-01
5.500000000000000444e-01 5.300000000000000266e-01 3.781250000000000444e-01
5.500000000000000444e-01 7.199999999999999734e-01 3.343750000000000333e-01
5.500000000000000444e-01 7.199999999999999734e-01 3.781250000000000444e-01
5.500000000000000444e-01 5.775000000000000133e-01 3.562500000000000111e-01
5.500000000000000444e-01 6.724999999999999867e-01 2.687499999999999889e-01
5.500000000000000444e-01 6.724999999999999867e-01 3.562500000000000111e-01
5.500000000000000444e-01 5.537499999999999645e-01 2.250000000000000056e-01
5.500000000000000444e-01 6.012500000000000622e-01 2.250000000000000056e-01
5.500000000000000444e-01 6.487499999999999378e-01 3.125000000000000000e-01
5.500000000000000444e-01 6.962500000000000355e-01 3.125000000000000000e-01
5.500000000000000444e-01 5.418749999999999956e-01 4.000000000000000222e-01
5.500000000000000444e-01 5.656250000000000444e-01 4.000000000000000222e-01
5.500000000000000444e-01 5.893749999999999822e-01 4.000000000000000222e-01
5.500000000000000444e-01 6.131250000000000311e-01 4.000000000000000222e-01
5.500000000000000444e-01 6.368749999999999689e-01 4.000000000000000222e-01
5.500000000000000444e-01 6.606250000000000178e-01 4.999999999999998890e-02
5.500000000000000444e-01 6.606250000000000178e-01 4.000000000000000222e-01
5.500000000000000444e-01 6.843749999999999556e-01 4.999999999999998890e-02
5.500000000000000444e-01 6.843749999999999556e-01 4.000000000000000222e-01
5.500000000000000444e-01 7.081250000000000044e-01 4.000000000000000222e-01
5.500000000000000444e-01 6.784375000000000266e-01 2.250000000000000056e-01
5.500000000000000444e-01 6.903124999999999956e-01 2.250000000000000056e-01
6.499999999999999112e-01 6.250000000000000000e-01 3.890625000000000333e-01
6.499999999999999112e-01 5.537499999999999645e-01 2.250000000000000056e-01
6.499999999999999112e-01 6.012500000000000622e-01 2.250000000000000056e-01
6.499999999999999112e-01 6.012500000000000622e-01 3.125000000000000000e-01
6.499999999999999112e-01 6.487499999999999378e-01 3.125000000000000000e-01
6.499999999999999112e-01 6.962500000000000355e-01 3.125000000000000000e-01
6.499999999999999112e-01 5.418749999999999956e-01 4.000000000000000222e-01
6.499999999999999112e-01 5.656250000000000444e-01 4.000000000000000222e-01
6.499999999999999112e-01 5.893749999999999822e-01 4.000000000000000222e-01
6.499999999999999112e-01 6.131250000000000311e-01 4.000000000000000222e-01
6.499999999999999112e-01 6.606250000000000178e-01 4.000000000000000222e-01
6.499999999999999112e-01 6.843749999999999556e-01 4.000000000000000222e-01
6.499999999999999112e-01 7.081250000000000044e-01 4.000000000000000222e-01
6.499999999999999112e-01 6.784375000000000266e-01 2.250000000000000056e-01
5.250000000000000222e-01 6.250000000000000000e-01 3.343750000000000333e-01
5.250000000000000222e-01 6.250000000000000000e-01 3.781250000000000444e-01
5.250000000000000222e-01 5.300000000000000266e-01 3.562500000000000111e-01
5.250000000000000222e-01 7.199999999999999734e-01 3.562500000000000111e-01
5.250000000000000222e-01 5.775000000000000133e-01 2.250000000000000056e-01
5.250000000000000222e-01 6.724999999999999867e-01 3.125000000000000000e-01
5.250000000000000222e-01 5.537499999999999645e-01 4.000000000000000222e-01
5.250000000000000222e-01 6.012500000000000622e-01 4.000000000000000222e-01
5.250000000000000222e-01 6.487499999999999378e-01 4.000000000000000222e-01
5.250000000000000222e-01 6.962500000000000355e-01 4.999999999999998890e-02
5.250000000000000222e-01 6.962500000000000355e-01 4.000000000000000222e-01
5.250000000000000222e-01 6.606250000000000178e-01 2.250000000000000056e-01
5.250000000000000222e-01 6.843749999999999556e-01 2.250000000000000056e-01
5.749999999999999556e-01 6.250000000000000000e-01 3.343750000000000333e-01
5.749999999999999556e-01 6.250000000000000000e-01 3.781250000000000444e-01
5.749999999999999556e-01 5.300000000000000266e-01 3.562500000000000111e-01
5.749999999999999556e-01 7.199999999999999734e-01 2.687499999999999889e-01
5.749999999999999556e-01 7.199999999999999734e-01 3.562500000000000111e-01
5.749999999999999556e-01 5.775000000000000133e-01 2.250000000000000056e-01
5.749999999999999556e-01 6.724999999999999867e-01 3.125000000000000000e-01
5.749999999999999556e-01 5.537499999999999645e-01 4.000000000000000222e-01
5.749999999999999556e-01 6.012500000000000622e-01 4.000000000000000222e-01
5.749999999999999556e-01 6.487499999999999378e-01 4.000000000000000222e-01
5.749999999999999556e-01 6.962500000000000355e-01 4.000000000000000222e-01
5.749999999999999556e-01 6.606250000000000178e-01 2.250000000000000056e-01
5.749999999999999556e-01 6.843749999999999556e-01 2.250000000000000056e-01
6.250000000000000000e-01 7.199999999999999734e-01 2.687499999999999889e-01
6.250000000000000000e-01 7.199999999999999734e-01 3.562500000000000111e-01
6.250000000000000000e-01 5.775000000000000133e-01 2.250000000000000056e-01
6.250000000000000000e-01 6.724999999999999867e-01 3.125000000000000000e-01
6.250000000000000000e-01 5.537499999999999645e-01 4.000000000000000222e-01
6.250000000000000000e-01 6.012500000000000622e-01 4.000000000000000222e-01
6.250000000000000000e-01 6.962500000000000355e-01 4.000000000000000222e-01
6.749999999999999334e-01 5.300000000000000266e-01 2.687499999999999889e-01
6.749999999999999334e-01 5.300000000000000266e-01 3.562500000000000111e-01
6.749999999999999334e-01 7.199999999999999734e-01 2.687499999999999889e-01
6.749999999999999334e-01 5.537499999999999645e-01 4.000000000000000222e-01
6.749999999999999334e-01 6.012500000000000622e-01 4.000000000000000222e-01
6.749999999999999334e-01 6.962500000000000355e-01 4.000000000000000222e-01
5.124999999999999556e-01 6.250000000000000000e-01 2.687499999999999889e-01
5.124999999999999556e-01 6.250000000000000000e-01 3.562500000000000111e-01
5.124999999999999556e-01 5.300000000000000266e-01 3.125000000000000000e-01
5.124999999999999556e-01 7.199999999999999734e-01 2.250000000000000056e-01
5.124999999999999556e-01 7.199999999999999734e-01 3.125000000000000000e-01
5.124999999999999556e-01 5.775000000000000133e-01 4.000000000000000222e-01
5.124999999999999556e-01 6.724999999999999867e-01 4.000000000000000222e-01
5.374999999999999778e-01 6.250000000000000000e-01 2.687499999999999889e-01
5.374999999999999778e-01 6.250000000000000000e-01 3.562500000000000111e-01
5.374999999999999778e-01 5.300000000000000266e-01 2.250000000000000056e-01
5.374999999999999778e-01 5.300000000000000266e-01 3.125000000000000000e-01
5.374999999999999778e-01 7.199999999999999734e-01 3.125000000000000000e-01
5.374999999999999778e-01 5.775000000000000133e-01 4.000000000000000222e-01
5.374999999999999778e-01 6.724999999999999867e-01 4.000000000000000222e-01
5.625000000000000000e-01 6.250000000000000000e-01 2.687499999999999889e-01
5.625000000000000000e-01 6.250000000000000000e-01 3.562500000000000111e-01
5.625000000000000000e-01 5.300000000000000266e-01 2.250000000000000056e-01
5.625000000000000000e-01 5.300000000000000266e-01 3.125000000000000000e-01
5.625000000000000000e-01 7.199999999999999734e-01 3.125000000000000000e-01
5.625000000000000000e-01 5.775000000000000133e-01 4.000000000000000222e-01
5.625000000000000000e-01 6.724999999999999867e-01 4.000000000000000222e-01
5.875000000000000222e-01 6.250000000000000000e-01 2.687499999999999889e-01
5.875000000000000222e-01 6.250000000000000000e-01 3.562500000000000111e-01
5.875000000000000222e-01 5.300000000000000266e-01 2.250000000000000056e-01
5.875000000000000222e-01 5.300000000000000266e-01 3.125000000000000000e-01
5.875000000000000222e-01 7.199999999999999734e-01 3.125000000000000000e-01
5.875000000000000222e-01 5.775000000000000133e-01 4.000000000000000222e-01
5.875000000000000222e-01 6.724999999999999867e-01 4.000000000000000222e-01
6.124999999999999334e-01 6.250000000000000000e-01 2.687499999999999889e-01
6.124999999999999334e-01 6.250000000000000000e-01 3.562500000000000111e-01
6.124999999999999334e-01 5.300000000000000266e-01 2.250000000000000056e-01
6.124999999999999334e-01 5.300000000000000266e-01 3.125000000000000000e-01
6.124999999999999334e-01 7.199999999999999734e-01 3.125000000000000000e-01
6.124999999999999334e-01 5.775000000000000133e-01 4.000000000000000222e-01
6.124999999999999334e-01 6.724999999999999867e-01 4.000000000000000222e-01
6.374999999999999556e-01 6.250000000000000000e-01 2.687499999999999889e-01
6.374999999999999556e-01 6.250000000000000000e-01 3.562500000000000111e-01
6.374999999999999556e-01 5.300000000000000266e-01 3.125000000000000000e-01
6.374999999999999556e-01 7.199999999999999734e-01 3.125000000000000000e-01
6.374999999999999556e-01 5.775000000000000133e-01 4.000000000000000222e-01
6.624999999999999778e-01 6.250000000000000000e-01 2.687499999999999889e-01
6.624999999999999778e-01 6.250000000000000000e-01 3.562500000000000111e-01
6.624999999999999778e-01 5.300000000000000266e-01 3.125000000000000000e-01
6.624999999999999778e-01 7.199999999999999734e-01 3.125000000000000000e-01
6.875000000000000000e-01 6.250000000000000000e-01 2.687499999999999889e-01
6.875000000000000000e-01 6.250000000000000000e-01 3.562500000000000111e-01
6.875000000000000000e-01 5.300000000000000266e-01 2.250000000000000056e-01
6.875000000000000000e-01 5.300000000000000266e-01 3.125000000000000000e-01
6.875000000000000000e-01 7.199999999999999734e-01 3.125000000000000000e-01
6.875000000000000000e-01 5.775000000000000133e-01 4.000000000000000222e-01
5.062499999999999778e-01 6.250000000000000000e-01 2.250000000000000056e-01
5.062499999999999778e-01 6.250000000000000000e-01 3.125000000000000000e-01
5.062499999999999778e-01 5.300000000000000266e-01 4.000000000000000222e-01
5.062499999999999778e-01 7.199999999999999734e-01 4.000000000000000222e-01
5.187500000000000444e-01 6.250000000000000000e-01 3.125000000000000000e-01
5.187500000000000444e-01 7.199999999999999734e-01 4.000000000000000222e-01
5.312500000000000000e-01 6.250000000000000000e-01 2.250000000000000056e-01
5.312500000000000000e-01 5.300000000000000266e-01 4.000000000000000222e-01
5.312500000000000000e-01 7.199999999999999734e-01 4.000000000000000222e-01
5.437499999999999556e-01 6.250000000000000000e-01 2.250000000000000056e-01
5.437499999999999556e-01 5.300000000000000266e-01 4.000000000000000222e-01
5.437499999999999556e-01 7.199999999999999734e-01 4.000000000000000222e-01
5.562500000000000222e-01 6.250000000000000000e-01 2.250000000000000056e-01
5.562500000000000222e-01 6.250000000000000000e-01 3.125000000000000000e-01
5.562500000000000222e-01 5.300000000000000266e-01 4.000000000000000222e-01
5.562500000000000222e-01 7.199999999999999734e-01 4.000000000000000222e-01
5.687499999999999778e-01 6.250000000000000000e-01 3.125000000000000000e-01
5.687499999999999778e-01 5.300000000000000266e-01 4.000000000000000222e-01
5.687499999999999778e-01 7.199999999999999734e-01 4.000000000000000222e-01
5.812499999999999334e-01 6.250000000000000000e-01 2.250000000000000056e-01
5.812499999999999334e-01 6.250000000000000000e-01 3.125000000000000000e-01
5.812499999999999334e-01 5.300000000000000266e-01 4.000000000000000222e-01
5.812499999999999334e-01 7.199999999999999734e-01 4.000000000000000222e-01
5.937500000000000000e-01 6.250000000000000000e-01 2.250000000000000056e-01
5.937500000000000000e-01 6.250000000000000000e-01 3.125000000000000000e-01
5.937500000000000000e-01 5.300000000000000266e-01 4.000000000000000222e-01
5.937500000000000000e-01 7.199999999999999734e-01 4.000000000000000222e-01
6.062499999999999556e-01 6.250000000000000000e-01 3.125000000000000000e-01
6.062499999999999556e-01 7.199999999999999734e-01 4.000000000000000222e-01
6.187500000000000222e-01 6.250000000000000000e-01 3.125000000000000000e-01
6.187500000000000222e-01 7.199999999999999734e-01 4.000000000000000222e-01
6.312499999999999778e-01 6.250000000000000000e-01 3.125000000000000000e-01
6.312499999999999778e-01 7.199999999999999734e-01 4.000000000000000222e-01
6.437499999999999334e-01 6.250000000000000000e-01 3.125000000000000000e-01
6.437499999999999334e-01 7.199999999999999734e-01 4.000000000000000222e-01
6.812499999999999112e-01 6.250000000000000000e-01 3.125000000000000000e-01
6.937499999999999778e-01 6.250000000000000000e-01 3.125000000000000000e-01
5.031250000000000444e-01 6.250000000000000000e-01 4.000000000000000222e-01
5.093750000000000222e-01 6.250000000000000000e-01 4.000000000000000222e-01
5.281249999999999556e-01 6.250000000000000000e-01 4.000000000000000222e-01
5.343750000000000444e-01 6.250000000000000000e-01 4.000000000000000222e-01
5.406250000000000222e-01 6.250000000000000000e-01 4.000000000000000222e-01
5.468750000000000000e-01 6.250000000000000000e-01 4.000000000000000222e-01
5.531249999999999778e-01 6.250000000000000000e-01 4.000000000000000222e-01
5.593749999999999556e-01 6.250000000000000000e-01 4.000000000000000222e-01
5.781250000000000000e-01 6.250000000000000000e-01 4.000000000000000222e-01
5.843749999999999778e-01 6.250000000000000000e-01 4.000000000000000222e-01
5.906249999999999556e-01 6.250000000000000000e-01 4.000000000000000222e-01
5.968749999999999334e-01 6.250000000000000000e-01 4.000000000000000222e-01
