5.800000000000000711e-01 6.500000000000000222e-01 3.917968750000000444e-01
5.800000000000000711e-01 6.500000000000000222e-01 3.330078125000000000e-01
5.800000000000000711e-01 6.500000000000000222e-01 3.514648437499999778e-01
5.800000000000000711e-01 6.500000000000000222e-01 3.555664062500000222e-01
5.800000000000000711e-01 6.500000000000000222e-01 3.829101562500000222e-01
5.800000000000000711e-01 5.600000000000000533e-01 3.825683593750000000e-01
5.800000000000000711e-01 5.600000000000000533e-01 3.832519531250000444e-01
5.800000000000000711e-01 7.399999999999999911e-01 3.945312500000000000e-01
5.800000000000000711e-01 7.399999999999999911e-01 3.042968750000000222e-01
5.800000000000000711e-01 7.399999999999999911e-01 3.794921875000000222e-01
5.800000000000000711e-01 7.399999999999999911e-01 3.904296875000000111e-01
5.800000000000000711e-01 7.399999999999999911e-01 3.511230468750000111e-01
5.800000000000000711e-01 7.399999999999999911e-01 3.518066406250000000e-01
5.800000000000000711e-01 7.399999999999999911e-01 3.552246093750000000e-01
5.800000000000000711e-01 7.399999999999999911e-01 3.559082031250000444e-01
5.800000000000000711e-01 6.950000000000000622e-01 2.359374999999999944e-01
5.800000000000000711e-01 6.950000000000000622e-01 2.578125000000000000e-01
5.800000000000000711e-01 6.950000000000000622e-01 3.671875000000000000e-01
5.800000000000000711e-01 6.950000000000000622e-01 3.507812500000000444e-01
5.800000000000000711e-01 6.950000000000000622e-01 3.118164062500000111e-01
5.800000000000000711e-01 5.825000000000000178e-01 3.815429687500000444e-01
5.800000000000000711e-01 5.825000000000000178e-01 3.829101562500000222e-01
5.800000000000000711e-01 6.275000000000000577e-01 3.815429687500000444e-01
5.800000000000000711e-01 6.724999999999999867e-01 2.304687500000000000e-01
5.800000000000000711e-01 6.724999999999999867e-01 2.523437500000000333e-01
5.800000000000000711e-01 6.724999999999999867e-01 3.070312500000000333e-01
5.800000000000000711e-01 6.724999999999999867e-01 3.179687500000000222e-01
5.800000000000000711e-01 6.724999999999999867e-01 3.289062500000000111e-01
5.800000000000000711e-01 6.724999999999999867e-01 3.617187499999999778e-01
5.800000000000000711e-01 6.724999999999999867e-01 3.726562500000000222e-01
5.800000000000000711e-01 6.724999999999999867e-01 3.835937500000000111e-01
5.800000000000000711e-01 6.724999999999999867e-01 5.136718749999999445e-02
5.800000000000000711e-01 7.175000000000000266e-01 2.468750000000000111e-01
5.800000000000000711e-01 5.712500000000000355e-01 3.822265625000000333e-01
5.800000000000000711e-01 5.937500000000000000e-01 3.822265625000000333e-01
5.800000000000000711e-01 6.162500000000000755e-01 3.822265625000000333e-01
5.800000000000000711e-01 6.387500000000000400e-01 3.822265625000000333e-01
5.800000000000000711e-01 6.612500000000000044e-01 3.234375000000000444e-01
5.800000000000000711e-01 6.837499999999999689e-01 2.359374999999999944e-01
5.800000000000000711e-01 6.837499999999999689e-01 2.578125000000000000e-01
5.800000000000000711e-01 6.837499999999999689e-01 3.808593750000000000e-01
5.800000000000000711e-01 6.837499999999999689e-01 3.863281250000000222e-01
5.800000000000000711e-01 7.287500000000000089e-01 2.687499999999999889e-01
5.800000000000000711e-01 6.668749999999999956e-01 3.125000000000000000e-01
5.800000000000000711e-01 6.668749999999999956e-01 2.468750000000000111e-01
5.800000000000000711e-01 6.781249999999999778e-01 2.468750000000000111e-01
5.800000000000000711e-01 6.781249999999999778e-01 3.234375000000000444e-01
5.800000000000000711e-01 6.781249999999999778e-01 3.453125000000000222e-01
5.800000000000000711e-01 6.893749999999999600e-01 2.687499999999999889e-01
5.800000000000000711e-01 6.893749999999999600e-01 2.468750000000000111e-01
5.800000000000000711e-01 6.893749999999999600e-01 3.453125000000000222e-01
5.800000000000000711e-01 7.231250000000000178e-01 3.125000000000000000e-01
5.800000000000000711e-01 7.343750000000000000e-01 3.125000000000000000e-01
5.800000000000000711e-01 6.359375000000000444e-01 4.000000000000000222e-01
5.800000000000000711e-01 6.640625000000000000e-01 2.687499999999999889e-01
5.800000000000000711e-01 6.640625000000000000e-01 3.562500000000000111e-01
5.800000000000000711e-01 6.696874999999999911e-01 2.687499999999999889e-01
5.800000000000000711e-01 6.696874999999999911e-01 3.562500000000000111e-01
5.800000000000000711e-01 6.753124999999999822e-01 3.125000000000000000e-01
5.800000000000000711e-01 6.809374999999999734e-01 3.125000000000000000e-01
5.800000000000000711e-01 6.865624999999999645e-01 3.125000000000000000e-01
5.800000000000000711e-01 6.739062500000000400e-01 3.562500000000000111e-01
5.800000000000000711e-01 6.767187500000000355e-01 3.562500000000000111e-01
5.800000000000000711e-01 6.795312500000000311e-01 3.562500000000000111e-01
5.800000000000000711e-01 6.823437500000000266e-01 3.562500000000000111e-01
5.800000000000000711e-01 6.851562500000000222e-01 3.562500000000000111e-01
5.800000000000000711e-01 6.879687500000000178e-01 3.562500000000000111e-01
5.800000000000000711e-01 6.907812500000000133e-01 3.562500000000000111e-01
5.800000000000000711e-01 6.935937500000000089e-01 3.562500000000000111e-01
5.800000000000000711e-01 6.724121093750000666e-01 2.250000000000000056e-01
5.000000000000000000e-01 6.500000000000000222e-01 2.755859374999999889e-01
5.000000000000000000e-01 6.500000000000000222e-01 2.783203125000000000e-01
5.000000000000000000e-01 6.500000000000000222e-01 2.810546875000000111e-01
5.000000000000000000e-01 6.500000000000000222e-01 2.892578125000000444e-01
5.000000000000000000e-01 6.500000000000000222e-01 3.029296875000000444e-01
5.000000000000000000e-01 6.500000000000000222e-01 3.323242187500000111e-01
5.000000000000000000e-01 6.500000000000000222e-01 3.336914062500000444e-01
5.000000000000000000e-01 5.600000000000000533e-01 3.330078125000000000e-01
5.000000000000000000e-01 5.600000000000000533e-01 3.829101562500000222e-01
5.000000000000000000e-01 7.399999999999999911e-01 3.917968750000000444e-01
5.000000000000000000e-01 7.399999999999999911e-01 3.330078125000000000e-01
5.000000000000000000e-01 7.399999999999999911e-01 2.694335937500000333e-01
5.000000000000000000e-01 7.399999999999999911e-01 3.049804687500000111e-01
5.000000000000000000e-01 7.399999999999999911e-01 3.090820312500000000e-01
5.000000000000000000e-01 7.399999999999999911e-01 3.118164062500000111e-01
5.000000000000000000e-01 7.399999999999999911e-01 3.514648437499999778e-01
5.000000000000000000e-01 7.399999999999999911e-01 3.555664062500000222e-01
5.000000000000000000e-01 6.049999999999999822e-01 3.617187499999999778e-01
5.000000000000000000e-01 6.049999999999999822e-01 3.097656250000000444e-01
5.000000000000000000e-01 6.049999999999999822e-01 3.815429687500000444e-01
5.000000000000000000e-01 6.950000000000000622e-01 2.468750000000000111e-01
5.000000000000000000e-01 6.950000000000000622e-01 3.781250000000000444e-01
5.000000000000000000e-01 6.950000000000000622e-01 3.234375000000000444e-01
5.000000000000000000e-01 6.950000000000000622e-01 2.851562500000000000e-01
5.000000000000000000e-01 6.950000000000000622e-01 3.535156250000000000e-01
5.000000000000000000e-01 6.950000000000000622e-01 3.114746093750000444e-01
5.000000000000000000e-01 6.950000000000000622e-01 3.121582031250000333e-01
5.000000000000000000e-01 5.825000000000000178e-01 3.822265625000000333e-01
5.000000000000000000e-01 6.275000000000000577e-01 3.644531250000000444e-01
5.000000000000000000e-01 6.275000000000000577e-01 3.822265625000000333e-01
5.000000000000000000e-01 6.724999999999999867e-01 2.468750000000000111e-01
5.000000000000000000e-01 7.175000000000000266e-01 2.687499999999999889e-01
5.000000000000000000e-01 5.937500000000000000e-01 3.808593750000000000e-01
5.000000000000000000e-01 6.837499999999999689e-01 2.468750000000000111e-01
5.000000000000000000e-01 6.837499999999999689e-01 3.835937500000000111e-01
5.000000000000000000e-01 6.331250000000000488e-01 2.250000000000000056e-01
5.000000000000000000e-01 6.331250000000000488e-01 2.687499999999999889e-01
5.000000000000000000e-01 6.331250000000000488e-01 3.562500000000000111e-01
5.000000000000000000e-01 6.443750000000000311e-01 3.179687500000000222e-01
5.000000000000000000e-01 6.443750000000000311e-01 3.289062500000000111e-01
5.000000000000000000e-01 6.781249999999999778e-01 2.906250000000000222e-01
5.000000000000000000e-01 7.231250000000000178e-01 4.000000000000000222e-01
5.000000000000000000e-01 7.343750000000000000e-01 4.000000000000000222e-01
5.000000000000000000e-01 6.359375000000000444e-01 2.250000000000000056e-01
5.000000000000000000e-01 6.584375000000000089e-01 3.125000000000000000e-01
5.000000000000000000e-01 6.696874999999999911e-01 3.125000000000000000e-01
5.000000000000000000e-01 6.865624999999999645e-01 3.125000000000000000e-01
5.000000000000000000e-01 6.921874999999999556e-01 3.125000000000000000e-01
5.000000000000000000e-01 7.203125000000000222e-01 3.125000000000000000e-01
5.000000000000000000e-01 7.259375000000000133e-01 3.125000000000000000e-01
5.000000000000000000e-01 7.315625000000000044e-01 3.125000000000000000e-01
5.000000000000000000e-01 7.371874999999999956e-01 3.125000000000000000e-01
5.000000000000000000e-01 6.345312499999999911e-01 4.000000000000000222e-01
5.000000000000000000e-01 6.373437499999999867e-01 4.000000000000000222e-01
5.000000000000000000e-01 6.724121093750000666e-01 4.999999999999998890e-02
5.000000000000000000e-01 6.724121093750000666e-01 4.000000000000000222e-01
5.000000000000000000e-01 6.723681640624999956e-01 2.250000000000000056e-01
5.000000000000000000e-01 6.724560546875000266e-01 2.250000000000000056e-01
6.600000000000001421e-01 6.500000000000000222e-01 3.794921875000000222e-01
6.600000000000001421e-01 6.500000000000000222e-01 3.904296875000000111e-01
6.600000000000001421e-01 6.500000000000000222e-01 3.559082031250000444e-01
6.600000000000001421e-01 5.600000000000000533e-01 3.829101562500000222e-01
6.600000000000001421e-01 7.399999999999999911e-01 3.671875000000000000e-01
6.600000000000001421e-01 7.399999999999999911e-01 3.514648437499999778e-01
6.600000000000001421e-01 7.399999999999999911e-01 3.788085937500000333e-01
6.600000000000001421e-01 7.399999999999999911e-01 3.801757812500000111e-01
6.600000000000001421e-01 7.399999999999999911e-01 3.897460937500000222e-01
6.600000000000001421e-01 7.399999999999999911e-01 3.911132812500000000e-01
6.600000000000001421e-01 7.399999999999999911e-01 3.557373046874999778e-01
6.600000000000001421e-01 7.399999999999999911e-01 3.560791015625000000e-01
6.600000000000001421e-01 6.049999999999999822e-01 3.815429687500000444e-01
6.600000000000001421e-01 6.950000000000000622e-01 2.304687500000000000e-01
6.600000000000001421e-01 6.950000000000000622e-01 2.523437500000000333e-01
6.600000000000001421e-01 6.950000000000000622e-01 3.070312500000000333e-01
6.600000000000001421e-01 6.950000000000000622e-01 3.179687500000000222e-01
6.600000000000001421e-01 6.950000000000000622e-01 3.289062500000000111e-01
6.600000000000001421e-01 6.950000000000000622e-01 3.617187499999999778e-01
6.600000000000001421e-01 6.950000000000000622e-01 3.726562500000000222e-01
6.600000000000001421e-01 6.950000000000000622e-01 3.535156250000000000e-01
6.600000000000001421e-01 6.950000000000000622e-01 5.136718749999999445e-02
6.600000000000001421e-01 6.950000000000000622e-01 3.555664062500000222e-01
6.600000000000001421e-01 5.825000000000000178e-01 3.822265625000000333e-01
6.600000000000001421e-01 6.275000000000000577e-01 3.822265625000000333e-01
6.600000000000001421e-01 6.724999999999999867e-01 2.277343750000000167e-01
6.600000000000001421e-01 6.724999999999999867e-01 2.332031250000000111e-01
6.600000000000001421e-01 6.724999999999999867e-01 2.496093750000000222e-01
6.600000000000001421e-01 6.724999999999999867e-01 2.550781249999999889e-01
6.600000000000001421e-01 6.724999999999999867e-01 3.042968750000000222e-01
6.600000000000001421e-01 6.724999999999999867e-01 3.097656250000000444e-01
6.600000000000001421e-01 6.724999999999999867e-01 3.152343750000000111e-01
6.600000000000001421e-01 6.724999999999999867e-01 3.207031250000000333e-01
6.600000000000001421e-01 6.724999999999999867e-01 3.261718750000000000e-01
6.600000000000001421e-01 6.724999999999999867e-01 3.316406250000000222e-01
6.600000000000001421e-01 6.724999999999999867e-01 3.589843750000000222e-01
6.600000000000001421e-01 6.724999999999999867e-01 3.644531250000000444e-01
6.600000000000001421e-01 6.724999999999999867e-01 3.699218750000000111e-01
6.600000000000001421e-01 6.724999999999999867e-01 3.753906250000000333e-01
6.600000000000001421e-01 6.724999999999999867e-01 3.808593750000000000e-01
6.600000000000001421e-01 6.724999999999999867e-01 3.863281250000000222e-01
6.600000000000001421e-01 6.724999999999999867e-01 5.068359374999997780e-02
6.600000000000001421e-01 6.724999999999999867e-01 5.205078124999998335e-02
6.600000000000001421e-01 5.937500000000000000e-01 3.808593750000000000e-01
6.600000000000001421e-01 6.162500000000000755e-01 3.671875000000000000e-01
6.600000000000001421e-01 6.162500000000000755e-01 3.890625000000000333e-01
6.600000000000001421e-01 6.162500000000000755e-01 3.945312500000000000e-01
6.600000000000001421e-01 6.612500000000000044e-01 3.890625000000000333e-01
6.600000000000001421e-01 6.612500000000000044e-01 3.179687500000000222e-01
6.600000000000001421e-01 6.612500000000000044e-01 3.289062500000000111e-01
6.600000000000001421e-01 6.612500000000000044e-01 3.835937500000000111e-01
6.600000000000001421e-01 6.612500000000000044e-01 5.273437500000000000e-02
6.600000000000001421e-01 6.837499999999999689e-01 5.273437500000000000e-02
6.600000000000001421e-01 6.556250000000000133e-01 3.234375000000000444e-01
6.600000000000001421e-01 6.668749999999999956e-01 4.000000000000000222e-01
6.600000000000001421e-01 6.668749999999999956e-01 2.359374999999999944e-01
6.600000000000001421e-01 6.668749999999999956e-01 2.578125000000000000e-01
6.600000000000001421e-01 6.668749999999999956e-01 3.234375000000000444e-01
6.600000000000001421e-01 6.781249999999999778e-01 3.343750000000000333e-01
6.600000000000001421e-01 6.781249999999999778e-01 3.671875000000000000e-01
6.600000000000001421e-01 6.781249999999999778e-01 3.945312500000000000e-01
6.600000000000001421e-01 6.893749999999999600e-01 2.468750000000000111e-01
6.600000000000001421e-01 6.893749999999999600e-01 2.906250000000000222e-01
6.600000000000001421e-01 6.893749999999999600e-01 3.671875000000000000e-01
6.600000000000001421e-01 6.893749999999999600e-01 3.945312500000000000e-01
6.600000000000001421e-01 6.640625000000000000e-01 3.125000000000000000e-01
6.600000000000001421e-01 6.640625000000000000e-01 2.468750000000000111e-01
6.600000000000001421e-01 6.696874999999999911e-01 3.125000000000000000e-01
6.600000000000001421e-01 6.696874999999999911e-01 2.468750000000000111e-01
6.600000000000001421e-01 6.753124999999999822e-01 4.000000000000000222e-01
6.600000000000001421e-01 6.753124999999999822e-01 3.234375000000000444e-01
6.600000000000001421e-01 6.809374999999999734e-01 4.000000000000000222e-01
6.600000000000001421e-01 6.809374999999999734e-01 3.234375000000000444e-01
6.600000000000001421e-01 6.865624999999999645e-01 4.000000000000000222e-01
6.600000000000001421e-01 6.865624999999999645e-01 2.687499999999999889e-01
6.600000000000001421e-01 6.865624999999999645e-01 3.343750000000000333e-01
6.600000000000001421e-01 6.865624999999999645e-01 3.781250000000000444e-01
6.600000000000001421e-01 6.921874999999999556e-01 2.687499999999999889e-01
6.600000000000001421e-01 6.626562500000000577e-01 2.687499999999999889e-01
6.600000000000001421e-01 6.626562500000000577e-01 3.562500000000000111e-01
6.600000000000001421e-01 6.654687500000000533e-01 2.687499999999999889e-01
6.600000000000001421e-01 6.654687500000000533e-01 3.562500000000000111e-01
6.600000000000001421e-01 6.682812500000000488e-01 2.687499999999999889e-01
6.600000000000001421e-01 6.682812500000000488e-01 3.562500000000000111e-01
6.600000000000001421e-01 6.710937500000000444e-01 2.687499999999999889e-01
6.600000000000001421e-01 6.710937500000000444e-01 3.562500000000000111e-01
6.600000000000001421e-01 6.739062500000000400e-01 3.125000000000000000e-01
6.600000000000001421e-01 6.767187500000000355e-01 3.125000000000000000e-01
6.600000000000001421e-01 6.795312500000000311e-01 3.125000000000000000e-01
6.600000000000001421e-01 6.823437500000000266e-01 3.125000000000000000e-01
6.600000000000001421e-01 6.851562500000000222e-01 3.125000000000000000e-01
6.600000000000001421e-01 6.879687500000000178e-01 3.125000000000000000e-01
6.600000000000001421e-01 6.907812500000000133e-01 3.125000000000000000e-01
6.600000000000001421e-01 6.935937500000000089e-01 3.125000000000000000e-01
6.600000000000001421e-01 6.732031250000000133e-01 3.562500000000000111e-01
6.600000000000001421e-01 6.746093750000000666e-01 3.562500000000000111e-01
6.600000000000001421e-01 6.760156250000000089e-01 3.562500000000000111e-01
6.600000000000001421e-01 6.774218750000000622e-01 3.562500000000000111e-01
6.600000000000001421e-01 6.788281250000000044e-01 3.562500000000000111e-01
6.600000000000001421e-01 6.802343750000000577e-01 3.562500000000000111e-01
6.600000000000001421e-01 6.816406250000000000e-01 3.562500000000000111e-01
6.600000000000001421e-01 6.830468750000000533e-01 3.562500000000000111e-01
6.600000000000001421e-01 6.844531249999999956e-01 3.562500000000000111e-01
6.600000000000001421e-01 6.858593750000000488e-01 3.562500000000000111e-01
6.600000000000001421e-01 6.872656249999999911e-01 3.562500000000000111e-01
6.600000000000001421e-01 6.886718750000000444e-01 3.562500000000000111e-01
6.600000000000001421e-01 6.900781249999999867e-01 3.562500000000000111e-01
6.600000000000001421e-01 6.914843750000000400e-01 3.562500000000000111e-01
6.600000000000001421e-01 6.928906249999999822e-01 3.562500000000000111e-01
6.600000000000001421e-01 6.942968750000000355e-01 3.562500000000000111e-01
5.400000000000000355e-01 6.500000000000000222e-01 3.507812500000000444e-01
5.400000000000000355e-01 6.500000000000000222e-01 2.694335937500000333e-01
5.400000000000000355e-01 6.500000000000000222e-01 2.749023437500000000e-01
5.400000000000000355e-01 6.500000000000000222e-01 2.762695312500000333e-01
5.400000000000000355e-01 6.500000000000000222e-01 2.776367187500000111e-01
5.400000000000000355e-01 6.500000000000000222e-01 2.790039062499999889e-01
5.400000000000000355e-01 6.500000000000000222e-01 2.803710937500000222e-01
5.400000000000000355e-01 6.500000000000000222e-01 2.817382812500000000e-01
5.400000000000000355e-01 6.500000000000000222e-01 2.885742187500000000e-01
5.400000000000000355e-01 6.500000000000000222e-01 2.899414062499999778e-01
5.400000000000000355e-01 6.500000000000000222e-01 3.022460937500000000e-01
5.400000000000000355e-01 6.500000000000000222e-01 3.036132812500000333e-01
5.400000000000000355e-01 6.500000000000000222e-01 3.049804687500000111e-01
5.400000000000000355e-01 6.500000000000000222e-01 3.090820312500000000e-01
5.400000000000000355e-01 5.600000000000000533e-01 3.617187499999999778e-01
5.400000000000000355e-01 5.600000000000000533e-01 2.755859374999999889e-01
5.400000000000000355e-01 5.600000000000000533e-01 2.783203125000000000e-01
5.400000000000000355e-01 5.600000000000000533e-01 2.810546875000000111e-01
5.400000000000000355e-01 5.600000000000000533e-01 2.892578125000000444e-01
5.400000000000000355e-01 5.600000000000000533e-01 3.029296875000000444e-01
5.400000000000000355e-01 7.399999999999999911e-01 3.781250000000000444e-01
5.400000000000000355e-01 7.399999999999999911e-01 2.755859374999999889e-01
5.400000000000000355e-01 7.399999999999999911e-01 2.783203125000000000e-01
5.400000000000000355e-01 7.399999999999999911e-01 2.810546875000000111e-01
5.400000000000000355e-01 7.399999999999999911e-01 2.892578125000000444e-01
5.400000000000000355e-01 7.399999999999999911e-01 2.690917968750000111e-01
5.400000000000000355e-01 7.399999999999999911e-01 2.697753906250000000e-01
5.400000000000000355e-01 7.399999999999999911e-01 3.046386718750000444e-01
5.400000000000000355e-01 7.399999999999999911e-01 3.053222656250000333e-01
5.400000000000000355e-01 7.399999999999999911e-01 3.087402343750000333e-01
5.400000000000000355e-01 7.399999999999999911e-01 3.094238281250000222e-01
5.400000000000000355e-01 6.049999999999999822e-01 3.070312500000000333e-01
5.400000000000000355e-01 6.049999999999999822e-01 3.589843750000000222e-01
5.400000000000000355e-01 6.049999999999999822e-01 3.644531250000000444e-01
5.400000000000000355e-01 6.950000000000000622e-01 3.671875000000000000e-01
5.400000000000000355e-01 6.950000000000000622e-01 3.890625000000000333e-01
5.400000000000000355e-01 6.950000000000000622e-01 3.179687500000000222e-01
5.400000000000000355e-01 6.950000000000000622e-01 3.289062500000000111e-01
5.400000000000000355e-01 6.950000000000000622e-01 2.714843750000000000e-01
5.400000000000000355e-01 6.950000000000000622e-01 2.824218749999999889e-01
5.400000000000000355e-01 6.950000000000000622e-01 2.878906250000000111e-01
5.400000000000000355e-01 6.950000000000000622e-01 3.056640625000000000e-01
5.400000000000000355e-01 5.825000000000000178e-01 3.671875000000000000e-01
5.400000000000000355e-01 5.825000000000000178e-01 3.097656250000000444e-01
5.400000000000000355e-01 6.275000000000000577e-01 3.097656250000000444e-01
5.400000000000000355e-01 6.275000000000000577e-01 3.630859375000000111e-01
5.400000000000000355e-01 6.275000000000000577e-01 3.658203125000000222e-01
5.400000000000000355e-01 6.724999999999999867e-01 3.234375000000000444e-01
5.400000000000000355e-01 6.724999999999999867e-01 3.453125000000000222e-01
5.400000000000000355e-01 7.175000000000000266e-01 3.234375000000000444e-01
5.400000000000000355e-01 6.162500000000000755e-01 3.343750000000000333e-01
5.400000000000000355e-01 6.612500000000000044e-01 2.468750000000000111e-01
5.400000000000000355e-01 6.612500000000000044e-01 2.906250000000000222e-01
5.400000000000000355e-01 6.612500000000000044e-01 3.343750000000000333e-01
5.400000000000000355e-01 7.062500000000000444e-01 3.781250000000000444e-01
5.400000000000000355e-01 7.287500000000000089e-01 2.687499999999999889e-01
5.400000000000000355e-01 6.218750000000000666e-01 2.250000000000000056e-01
5.400000000000000355e-01 6.443750000000000311e-01 4.000000000000000222e-01
5.400000000000000355e-01 6.668749999999999956e-01 2.687499999999999889e-01
5.400000000000000355e-01 6.668749999999999956e-01 3.562500000000000111e-01
5.400000000000000355e-01 6.781249999999999778e-01 2.687499999999999889e-01
5.400000000000000355e-01 6.893749999999999600e-01 2.687499999999999889e-01
5.400000000000000355e-01 6.893749999999999600e-01 3.562500000000000111e-01
5.400000000000000355e-01 7.343750000000000000e-01 2.250000000000000056e-01
5.400000000000000355e-01 6.528125000000000178e-01 4.000000000000000222e-01
5.400000000000000355e-01 6.584375000000000089e-01 4.000000000000000222e-01
5.400000000000000355e-01 6.640625000000000000e-01 4.000000000000000222e-01
5.400000000000000355e-01 6.696874999999999911e-01 4.000000000000000222e-01
5.400000000000000355e-01 6.865624999999999645e-01 4.000000000000000222e-01
5.400000000000000355e-01 6.921874999999999556e-01 4.000000000000000222e-01
5.400000000000000355e-01 7.203125000000000222e-01 4.000000000000000222e-01
5.400000000000000355e-01 7.259375000000000133e-01 4.000000000000000222e-01
5.400000000000000355e-01 7.315625000000000044e-01 4.000000000000000222e-01
5.400000000000000355e-01 7.371874999999999956e-01 4.000000000000000222e-01
5.400000000000000355e-01 6.570312500000000666e-01 3.125000000000000000e-01
5.400000000000000355e-01 6.598437500000000622e-01 3.125000000000000000e-01
5.400000000000000355e-01 6.682812500000000488e-01 3.125000000000000000e-01
5.400000000000000355e-01 6.710937500000000444e-01 3.125000000000000000e-01
5.400000000000000355e-01 6.851562500000000222e-01 3.125000000000000000e-01
5.400000000000000355e-01 6.879687500000000178e-01 3.125000000000000000e-01
5.400000000000000355e-01 6.907812500000000133e-01 3.125000000000000000e-01
5.400000000000000355e-01 6.935937500000000089e-01 3.125000000000000000e-01
5.400000000000000355e-01 7.189062499999999689e-01 3.125000000000000000e-01
5.400000000000000355e-01 7.217187499999999645e-01 3.125000000000000000e-01
5.400000000000000355e-01 7.245312499999999600e-01 3.125000000000000000e-01
5.400000000000000355e-01 7.273437499999999556e-01 3.125000000000000000e-01
5.400000000000000355e-01 7.301562499999999512e-01 3.125000000000000000e-01
5.400000000000000355e-01 7.329687499999999467e-01 3.125000000000000000e-01
5.400000000000000355e-01 7.357812500000000533e-01 3.125000000000000000e-01
5.400000000000000355e-01 7.385937499999999378e-01 3.125000000000000000e-01
5.400000000000000355e-01 6.723242187500000355e-01 2.250000000000000056e-01
6.200000000000001066e-01 6.500000000000000222e-01 3.548828124999999778e-01
6.200000000000001066e-01 7.399999999999999911e-01 3.535156250000000000e-01
6.200000000000001066e-01 7.399999999999999911e-01 3.555664062500000222e-01
6.200000000000001066e-01 6.275000000000000577e-01 3.671875000000000000e-01
6.200000000000001066e-01 6.275000000000000577e-01 3.945312500000000000e-01
6.200000000000001066e-01 6.724999999999999867e-01 5.273437500000000000e-02
6.200000000000001066e-01 6.162500000000000755e-01 3.917968750000000444e-01
6.200000000000001066e-01 6.162500000000000755e-01 3.972656250000000111e-01
6.200000000000001066e-01 6.387500000000000400e-01 3.781250000000000444e-01
6.200000000000001066e-01 6.612500000000000044e-01 3.125000000000000000e-01
6.200000000000001066e-01 6.612500000000000044e-01 2.468750000000000111e-01
6.200000000000001066e-01 6.612500000000000044e-01 3.343750000000000333e-01
6.200000000000001066e-01 6.837499999999999689e-01 3.671875000000000000e-01
6.200000000000001066e-01 6.837499999999999689e-01 3.507812500000000444e-01
6.200000000000001066e-01 6.837499999999999689e-01 3.835937500000000111e-01
6.200000000000001066e-01 6.837499999999999689e-01 3.945312500000000000e-01
6.200000000000001066e-01 6.106250000000000844e-01 3.343750000000000333e-01
6.200000000000001066e-01 6.106250000000000844e-01 3.781250000000000444e-01
6.200000000000001066e-01 6.106250000000000844e-01 3.890625000000000333e-01
6.200000000000001066e-01 6.218750000000000666e-01 3.562500000000000111e-01
6.200000000000001066e-01 6.218750000000000666e-01 3.343750000000000333e-01
6.200000000000001066e-01 6.218750000000000666e-01 3.781250000000000444e-01
6.200000000000001066e-01 6.218750000000000666e-01 3.890625000000000333e-01
6.200000000000001066e-01 6.865624999999999645e-01 3.562500000000000111e-01
5.200000000000000178e-01 6.500000000000000222e-01 3.781250000000000444e-01
5.200000000000000178e-01 6.500000000000000222e-01 2.769531250000000222e-01
5.200000000000000178e-01 6.500000000000000222e-01 2.824218749999999889e-01
5.200000000000000178e-01 6.500000000000000222e-01 2.878906250000000111e-01
5.200000000000000178e-01 6.500000000000000222e-01 2.933593749999999778e-01
5.200000000000000178e-01 6.500000000000000222e-01 2.988281250000000000e-01
5.200000000000000178e-01 6.500000000000000222e-01 3.042968750000000222e-01
5.200000000000000178e-01 6.500000000000000222e-01 3.480468750000000333e-01
5.200000000000000178e-01 6.500000000000000222e-01 3.535156250000000000e-01
5.200000000000000178e-01 6.500000000000000222e-01 3.330078125000000000e-01
5.200000000000000178e-01 5.600000000000000533e-01 2.851562500000000000e-01
5.200000000000000178e-01 5.600000000000000533e-01 2.960937500000000444e-01
5.200000000000000178e-01 5.600000000000000533e-01 3.507812500000000444e-01
5.200000000000000178e-01 5.600000000000000533e-01 3.097656250000000444e-01
5.200000000000000178e-01 7.399999999999999911e-01 2.468750000000000111e-01
5.200000000000000178e-01 7.399999999999999911e-01 3.671875000000000000e-01
5.200000000000000178e-01 7.399999999999999911e-01 3.890625000000000333e-01
5.200000000000000178e-01 7.399999999999999911e-01 2.960937500000000444e-01
5.200000000000000178e-01 7.399999999999999911e-01 3.507812500000000444e-01
5.200000000000000178e-01 7.399999999999999911e-01 2.714843750000000000e-01
5.200000000000000178e-01 7.399999999999999911e-01 2.824218749999999889e-01
5.200000000000000178e-01 7.399999999999999911e-01 2.878906250000000111e-01
5.200000000000000178e-01 7.399999999999999911e-01 3.056640625000000000e-01
5.200000000000000178e-01 6.950000000000000622e-01 2.359374999999999944e-01
5.200000000000000178e-01 6.950000000000000622e-01 2.578125000000000000e-01
5.200000000000000178e-01 6.950000000000000622e-01 3.617187499999999778e-01
5.200000000000000178e-01 6.950000000000000622e-01 3.726562500000000222e-01
5.200000000000000178e-01 6.950000000000000622e-01 3.835937500000000111e-01
5.200000000000000178e-01 6.950000000000000622e-01 3.945312500000000000e-01
5.200000000000000178e-01 6.950000000000000622e-01 2.701171875000000222e-01
5.200000000000000178e-01 6.950000000000000622e-01 2.728515625000000333e-01
5.200000000000000178e-01 6.950000000000000622e-01 2.755859374999999889e-01
5.200000000000000178e-01 6.950000000000000622e-01 2.783203125000000000e-01
5.200000000000000178e-01 6.950000000000000622e-01 2.810546875000000111e-01
5.200000000000000178e-01 6.950000000000000622e-01 2.837890625000000222e-01
5.200000000000000178e-01 6.950000000000000622e-01 2.865234375000000333e-01
5.200000000000000178e-01 6.950000000000000622e-01 2.892578125000000444e-01
5.200000000000000178e-01 6.275000000000000577e-01 3.343750000000000333e-01
5.200000000000000178e-01 6.724999999999999867e-01 3.343750000000000333e-01
5.200000000000000178e-01 6.724999999999999867e-01 2.769531250000000222e-01
5.200000000000000178e-01 7.175000000000000266e-01 3.781250000000000444e-01
5.200000000000000178e-01 7.175000000000000266e-01 2.769531250000000222e-01
5.200000000000000178e-01 6.162500000000000755e-01 3.234375000000000444e-01
5.200000000000000178e-01 6.162500000000000755e-01 3.453125000000000222e-01
5.200000000000000178e-01 6.162500000000000755e-01 3.671875000000000000e-01
5.200000000000000178e-01 6.162500000000000755e-01 3.890625000000000333e-01
5.200000000000000178e-01 6.612500000000000044e-01 2.687499999999999889e-01
5.200000000000000178e-01 7.062500000000000444e-01 3.671875000000000000e-01
5.200000000000000178e-01 7.062500000000000444e-01 3.890625000000000333e-01
5.200000000000000178e-01 7.287500000000000089e-01 2.468750000000000111e-01
5.200000000000000178e-01 7.287500000000000089e-01 2.906250000000000222e-01
5.200000000000000178e-01 6.106250000000000844e-01 3.125000000000000000e-01
5.200000000000000178e-01 6.106250000000000844e-01 3.781250000000000444e-01
5.200000000000000178e-01 6.218750000000000666e-01 3.125000000000000000e-01
5.200000000000000178e-01 6.218750000000000666e-01 3.781250000000000444e-01
5.200000000000000178e-01 6.331250000000000488e-01 2.250000000000000056e-01
5.200000000000000178e-01 6.331250000000000488e-01 2.687499999999999889e-01
5.200000000000000178e-01 6.331250000000000488e-01 3.562500000000000111e-01
5.200000000000000178e-01 6.443750000000000311e-01 2.250000000000000056e-01
5.200000000000000178e-01 6.668749999999999956e-01 2.468750000000000111e-01
5.200000000000000178e-01 6.668749999999999956e-01 2.906250000000000222e-01
5.200000000000000178e-01 6.893749999999999600e-01 4.999999999999998890e-02
5.200000000000000178e-01 7.006250000000000533e-01 3.562500000000000111e-01
5.200000000000000178e-01 7.118750000000000355e-01 3.562500000000000111e-01
5.200000000000000178e-01 7.231250000000000178e-01 2.687499999999999889e-01
5.200000000000000178e-01 7.343750000000000000e-01 2.687499999999999889e-01
5.200000000000000178e-01 6.303125000000000533e-01 4.000000000000000222e-01
5.200000000000000178e-01 6.303125000000000533e-01 3.125000000000000000e-01
5.200000000000000178e-01 6.359375000000000444e-01 4.000000000000000222e-01
5.200000000000000178e-01 6.359375000000000444e-01 3.125000000000000000e-01
5.200000000000000178e-01 6.415625000000000355e-01 4.000000000000000222e-01
5.200000000000000178e-01 6.471875000000000266e-01 4.000000000000000222e-01
5.200000000000000178e-01 6.528125000000000178e-01 2.250000000000000056e-01
5.200000000000000178e-01 6.584375000000000089e-01 2.250000000000000056e-01
5.200000000000000178e-01 6.584375000000000089e-01 2.687499999999999889e-01
5.200000000000000178e-01 6.584375000000000089e-01 3.562500000000000111e-01
5.200000000000000178e-01 6.640625000000000000e-01 2.250000000000000056e-01
5.200000000000000178e-01 6.865624999999999645e-01 2.250000000000000056e-01
5.200000000000000178e-01 6.921874999999999556e-01 2.250000000000000056e-01
5.200000000000000178e-01 6.514062500000000755e-01 4.000000000000000222e-01
5.200000000000000178e-01 6.542187500000000711e-01 4.000000000000000222e-01
5.200000000000000178e-01 6.570312500000000666e-01 4.000000000000000222e-01
5.200000000000000178e-01 6.598437500000000622e-01 4.000000000000000222e-01
5.200000000000000178e-01 6.626562500000000577e-01 4.000000000000000222e-01
5.200000000000000178e-01 6.654687500000000533e-01 4.000000000000000222e-01
5.200000000000000178e-01 6.851562500000000222e-01 4.000000000000000222e-01
5.200000000000000178e-01 6.879687500000000178e-01 4.000000000000000222e-01
5.200000000000000178e-01 6.907812500000000133e-01 4.000000000000000222e-01
5.200000000000000178e-01 6.935937500000000089e-01 4.000000000000000222e-01
5.200000000000000178e-01 6.844531249999999956e-01 3.125000000000000000e-01
5.200000000000000178e-01 6.858593750000000488e-01 3.125000000000000000e-01
5.200000000000000178e-01 6.872656249999999911e-01 3.125000000000000000e-01
5.200000000000000178e-01 6.886718750000000444e-01 3.125000000000000000e-01
5.200000000000000178e-01 6.928906249999999822e-01 3.125000000000000000e-01
5.200000000000000178e-01 6.942968750000000355e-01 3.125000000000000000e-01
5.600000000000000533e-01 6.500000000000000222e-01 2.769531250000000222e-01
5.600000000000000533e-01 6.500000000000000222e-01 2.878906250000000111e-01
5.600000000000000533e-01 6.500000000000000222e-01 2.933593749999999778e-01
5.600000000000000533e-01 6.500000000000000222e-01 2.988281250000000000e-01
5.600000000000000533e-01 6.500000000000000222e-01 3.042968750000000222e-01
5.600000000000000533e-01 6.500000000000000222e-01 3.330078125000000000e-01
5.600000000000000533e-01 5.600000000000000533e-01 2.960937500000000444e-01
5.600000000000000533e-01 5.600000000000000533e-01 3.097656250000000444e-01
5.600000000000000533e-01 7.399999999999999911e-01 3.781250000000000444e-01
5.600000000000000533e-01 7.399999999999999911e-01 2.960937500000000444e-01
5.600000000000000533e-01 7.399999999999999911e-01 3.070312500000000333e-01
5.600000000000000533e-01 7.399999999999999911e-01 3.056640625000000000e-01
5.600000000000000533e-01 6.950000000000000622e-01 3.015625000000000111e-01
5.600000000000000533e-01 6.950000000000000622e-01 3.234375000000000444e-01
5.600000000000000533e-01 6.950000000000000622e-01 3.453125000000000222e-01
5.600000000000000533e-01 6.724999999999999867e-01 3.343750000000000333e-01
5.600000000000000533e-01 7.175000000000000266e-01 3.343750000000000333e-01
5.600000000000000533e-01 6.612500000000000044e-01 2.687499999999999889e-01
5.600000000000000533e-01 6.612500000000000044e-01 3.562500000000000111e-01
5.600000000000000533e-01 6.218750000000000666e-01 4.000000000000000222e-01
5.600000000000000533e-01 6.556250000000000133e-01 4.000000000000000222e-01
5.600000000000000533e-01 6.528125000000000178e-01 3.125000000000000000e-01
5.600000000000000533e-01 6.584375000000000089e-01 3.125000000000000000e-01
6.000000000000000888e-01 6.049999999999999822e-01 3.671875000000000000e-01
6.000000000000000888e-01 6.049999999999999822e-01 3.890625000000000333e-01
6.000000000000000888e-01 6.950000000000000622e-01 3.945312500000000000e-01
6.000000000000000888e-01 6.275000000000000577e-01 3.617187499999999778e-01
6.000000000000000888e-01 6.275000000000000577e-01 3.726562500000000222e-01
6.000000000000000888e-01 7.175000000000000266e-01 3.453125000000000222e-01
6.000000000000000888e-01 6.387500000000000400e-01 3.781250000000000444e-01
6.000000000000000888e-01 6.612500000000000044e-01 2.687499999999999889e-01
6.000000000000000888e-01 6.106250000000000844e-01 3.562500000000000111e-01
6.000000000000000888e-01 6.218750000000000666e-01 3.562500000000000111e-01
6.000000000000000888e-01 6.078125000000000888e-01 3.343750000000000333e-01
6.000000000000000888e-01 6.078125000000000888e-01 3.781250000000000444e-01
6.000000000000000888e-01 6.134375000000000799e-01 3.343750000000000333e-01
6.000000000000000888e-01 6.134375000000000799e-01 3.781250000000000444e-01
6.000000000000000888e-01 6.190625000000000711e-01 3.781250000000000444e-01
6.000000000000000888e-01 6.246875000000000622e-01 3.781250000000000444e-01
6.400000000000001243e-01 6.950000000000000622e-01 3.945312500000000000e-01
6.400000000000001243e-01 7.175000000000000266e-01 3.453125000000000222e-01
6.400000000000001243e-01 6.612500000000000044e-01 2.687499999999999889e-01
6.400000000000001243e-01 6.218750000000000666e-01 3.125000000000000000e-01
6.400000000000001243e-01 6.190625000000000711e-01 3.562500000000000111e-01
6.400000000000001243e-01 6.246875000000000622e-01 3.562500000000000111e-01
5.100000000000000089e-01 6.500000000000000222e-01 2.851562500000000000e-01
5.100000000000000089e-01 6.500000000000000222e-01 2.960937500000000444e-01
5.100000000000000089e-01 7.399999999999999911e-01 2.851562500000000000e-01
5.100000000000000089e-01 6.950000000000000622e-01 2.906250000000000222e-01
5.100000000000000089e-01 6.950000000000000622e-01 2.769531250000000222e-01
5.100000000000000089e-01 5.825000000000000178e-01 4.000000000000000222e-01
5.100000000000000089e-01 6.275000000000000577e-01 4.000000000000000222e-01
5.100000000000000089e-01 6.724999999999999867e-01 4.000000000000000222e-01
5.100000000000000089e-01 6.724999999999999867e-01 2.796875000000000333e-01
5.100000000000000089e-01 7.175000000000000266e-01 2.796875000000000333e-01
5.100000000000000089e-01 6.162500000000000755e-01 3.125000000000000000e-01
5.100000000000000089e-01 6.387500000000000400e-01 2.250000000000000056e-01
5.100000000000000089e-01 6.387500000000000400e-01 2.687499999999999889e-01
5.100000000000000089e-01 6.387500000000000400e-01 3.562500000000000111e-01
5.100000000000000089e-01 6.612500000000000044e-01 2.250000000000000056e-01
5.100000000000000089e-01 6.218750000000000666e-01 4.000000000000000222e-01
5.100000000000000089e-01 6.331250000000000488e-01 4.000000000000000222e-01
5.100000000000000089e-01 6.668749999999999956e-01 4.000000000000000222e-01
5.100000000000000089e-01 6.584375000000000089e-01 3.125000000000000000e-01
5.300000000000000266e-01 6.500000000000000222e-01 2.468750000000000111e-01
5.300000000000000266e-01 6.500000000000000222e-01 2.906250000000000222e-01
5.300000000000000266e-01 6.500000000000000222e-01 2.851562500000000000e-01
5.300000000000000266e-01 6.500000000000000222e-01 2.960937500000000444e-01
5.300000000000000266e-01 6.500000000000000222e-01 3.398437500000000000e-01
5.300000000000000266e-01 6.500000000000000222e-01 3.507812500000000444e-01
5.300000000000000266e-01 5.600000000000000533e-01 2.687499999999999889e-01
5.300000000000000266e-01 5.600000000000000533e-01 3.453125000000000222e-01
5.300000000000000266e-01 7.399999999999999911e-01 3.562500000000000111e-01
5.300000000000000266e-01 7.399999999999999911e-01 3.453125000000000222e-01
5.300000000000000266e-01 7.399999999999999911e-01 2.851562500000000000e-01
5.300000000000000266e-01 6.950000000000000622e-01 2.468750000000000111e-01
5.300000000000000266e-01 6.950000000000000622e-01 2.769531250000000222e-01
5.300000000000000266e-01 6.724999999999999867e-01 2.687499999999999889e-01
5.300000000000000266e-01 7.175000000000000266e-01 2.359374999999999944e-01
5.300000000000000266e-01 7.175000000000000266e-01 2.578125000000000000e-01
5.300000000000000266e-01 6.612500000000000044e-01 3.125000000000000000e-01
5.300000000000000266e-01 6.837499999999999689e-01 2.250000000000000056e-01
5.300000000000000266e-01 7.062500000000000444e-01 4.000000000000000222e-01
5.300000000000000266e-01 6.106250000000000844e-01 2.250000000000000056e-01
5.300000000000000266e-01 6.218750000000000666e-01 4.000000000000000222e-01
5.300000000000000266e-01 6.668749999999999956e-01 4.000000000000000222e-01
5.300000000000000266e-01 6.781249999999999778e-01 4.000000000000000222e-01
5.300000000000000266e-01 6.893749999999999600e-01 4.000000000000000222e-01
5.300000000000000266e-01 6.078125000000000888e-01 4.000000000000000222e-01
5.300000000000000266e-01 6.134375000000000799e-01 4.000000000000000222e-01
5.300000000000000266e-01 6.303125000000000533e-01 4.000000000000000222e-01
5.300000000000000266e-01 6.584375000000000089e-01 3.125000000000000000e-01
5.500000000000000444e-01 6.500000000000000222e-01 2.960937500000000444e-01
5.500000000000000444e-01 7.399999999999999911e-01 3.015625000000000111e-01
5.500000000000000444e-01 6.950000000000000622e-01 3.343750000000000333e-01
5.500000000000000444e-01 6.556250000000000133e-01 3.125000000000000000e-01
5.700000000000000622e-01 6.500000000000000222e-01 3.781250000000000444e-01
5.700000000000000622e-01 6.500000000000000222e-01 2.960937500000000444e-01
5.700000000000000622e-01 7.399999999999999911e-01 3.015625000000000111e-01
5.700000000000000622e-01 7.399999999999999911e-01 3.671875000000000000e-01
5.700000000000000622e-01 7.399999999999999911e-01 3.890625000000000333e-01
5.700000000000000622e-01 6.950000000000000622e-01 3.562500000000000111e-01
5.700000000000000622e-01 6.950000000000000622e-01 3.343750000000000333e-01
5.700000000000000622e-01 6.275000000000000577e-01 4.000000000000000222e-01
5.700000000000000622e-01 6.387500000000000400e-01 2.250000000000000056e-01
5.700000000000000622e-01 6.556250000000000133e-01 3.125000000000000000e-01
5.900000000000000799e-01 6.275000000000000577e-01 3.890625000000000333e-01
6.100000000000000977e-01 6.275000000000000577e-01 3.890625000000000333e-01
6.500000000000001332e-01 6.162500000000000755e-01 3.125000000000000000e-01
6.500000000000001332e-01 6.162500000000000755e-01 2.687499999999999889e-01
6.500000000000001332e-01 6.387500000000000400e-01 3.125000000000000000e-01
6.500000000000001332e-01 6.387500000000000400e-01 2.687499999999999889e-01
5.050000000000001155e-01 6.950000000000000622e-01 2.796875000000000333e-01
5.050000000000001155e-01 5.825000000000000178e-01 2.250000000000000056e-01
5.050000000000001155e-01 6.275000000000000577e-01 2.250000000000000056e-01
5.050000000000001155e-01 5.712500000000000355e-01 4.000000000000000222e-01
5.050000000000001155e-01 5.937500000000000000e-01 4.000000000000000222e-01
5.050000000000001155e-01 6.387500000000000400e-01 4.000000000000000222e-01
5.050000000000001155e-01 6.612500000000000044e-01 4.000000000000000222e-01
5.150000000000000133e-01 6.049999999999999822e-01 3.125000000000000000e-01
5.150000000000000133e-01 6.950000000000000622e-01 2.796875000000000333e-01
5.150000000000000133e-01 5.825000000000000178e-01 2.250000000000000056e-01
5.150000000000000133e-01 5.712500000000000355e-01 4.000000000000000222e-01
5.150000000000000133e-01 5.937500000000000000e-01 4.000000000000000222e-01
5.150000000000000133e-01 6.612500000000000044e-01 4.000000000000000222e-01
5.250000000000000222e-01 6.500000000000000222e-01 3.125000000000000000e-01
5.250000000000000222e-01 6.500000000000000222e-01 3.453125000000000222e-01
5.250000000000000222e-01 7.399999999999999911e-01 4.000000000000000222e-01
5.250000000000000222e-01 7.175000000000000266e-01 2.468750000000000111e-01
5.250000000000000222e-01 6.837499999999999689e-01 4.000000000000000222e-01
5.250000000000000222e-01 7.062500000000000444e-01 3.125000000000000000e-01
5.250000000000000222e-01 6.331250000000000488e-01 3.125000000000000000e-01
5.250000000000000222e-01 6.303125000000000533e-01 2.250000000000000056e-01
5.350000000000000311e-01 6.500000000000000222e-01 3.125000000000000000e-01
5.350000000000000311e-01 6.500000000000000222e-01 3.453125000000000222e-01
5.350000000000000311e-01 5.600000000000000533e-01 4.000000000000000222e-01
5.350000000000000311e-01 5.600000000000000533e-01 2.687499999999999889e-01
5.350000000000000311e-01 7.399999999999999911e-01 2.468750000000000111e-01
5.350000000000000311e-01 7.399999999999999911e-01 2.906250000000000222e-01
5.350000000000000311e-01 6.724999999999999867e-01 2.468750000000000111e-01
5.350000000000000311e-01 6.724999999999999867e-01 2.906250000000000222e-01
5.350000000000000311e-01 7.175000000000000266e-01 2.468750000000000111e-01
5.350000000000000311e-01 6.612500000000000044e-01 4.000000000000000222e-01
5.350000000000000311e-01 6.612500000000000044e-01 2.687499999999999889e-01
5.350000000000000311e-01 6.837499999999999689e-01 4.000000000000000222e-01
5.350000000000000311e-01 6.837499999999999689e-01 2.687499999999999889e-01
5.350000000000000311e-01 7.062500000000000444e-01 3.125000000000000000e-01
5.350000000000000311e-01 6.106250000000000844e-01 2.250000000000000056e-01
5.350000000000000311e-01 6.218750000000000666e-01 2.250000000000000056e-01
5.350000000000000311e-01 6.331250000000000488e-01 3.125000000000000000e-01
5.350000000000000311e-01 6.556250000000000133e-01 3.125000000000000000e-01
5.350000000000000311e-01 6.668749999999999956e-01 3.125000000000000000e-01
5.350000000000000311e-01 6.078125000000000888e-01 4.000000000000000222e-01
5.350000000000000311e-01 6.134375000000000799e-01 4.000000000000000222e-01
5.350000000000000311e-01 6.190625000000000711e-01 4.000000000000000222e-01
5.350000000000000311e-01 6.246875000000000622e-01 4.000000000000000222e-01
5.450000000000000400e-01 6.500000000000000222e-01 2.687499999999999889e-01
5.450000000000000400e-01 6.500000000000000222e-01 3.562500000000000111e-01
5.450000000000000400e-01 5.600000000000000533e-01 3.125000000000000000e-01
5.450000000000000400e-01 6.950000000000000622e-01 4.000000000000000222e-01
5.550000000000000488e-01 6.500000000000000222e-01 2.687499999999999889e-01
5.550000000000000488e-01 6.500000000000000222e-01 3.562500000000000111e-01
5.650000000000000577e-01 6.500000000000000222e-01 3.562500000000000111e-01
5.650000000000000577e-01 7.399999999999999911e-01 3.343750000000000333e-01
5.650000000000000577e-01 7.399999999999999911e-01 3.781250000000000444e-01
5.650000000000000577e-01 6.387500000000000400e-01 4.000000000000000222e-01
5.750000000000000666e-01 6.500000000000000222e-01 2.687499999999999889e-01
5.750000000000000666e-01 6.500000000000000222e-01 3.562500000000000111e-01
5.750000000000000666e-01 7.399999999999999911e-01 3.343750000000000333e-01
5.750000000000000666e-01 7.399999999999999911e-01 3.781250000000000444e-01
5.750000000000000666e-01 6.387500000000000400e-01 4.000000000000000222e-01
6.050000000000000933e-01 5.656250000000000444e-01 3.125000000000000000e-01
6.050000000000000933e-01 5.628125000000000488e-01 4.000000000000000222e-01
6.050000000000000933e-01 5.684375000000000400e-01 4.000000000000000222e-01
6.350000000000001199e-01 5.937500000000000000e-01 4.000000000000000222e-01
6.450000000000001288e-01 6.162500000000000755e-01 2.250000000000000056e-01
6.550000000000000266e-01 6.049999999999999822e-01 2.687499999999999889e-01
6.550000000000000266e-01 6.275000000000000577e-01 2.468750000000000111e-01
6.550000000000000266e-01 6.275000000000000577e-01 2.906250000000000222e-01
6.550000000000000266e-01 6.162500000000000755e-01 2.250000000000000056e-01
5.025000000000000577e-01 5.937500000000000000e-01 2.250000000000000056e-01
5.025000000000000577e-01 6.162500000000000755e-01 2.250000000000000056e-01
5.025000000000000577e-01 6.387500000000000400e-01 2.250000000000000056e-01
5.025000000000000577e-01 5.881250000000000089e-01 4.000000000000000222e-01
5.025000000000000577e-01 5.993749999999999911e-01 4.000000000000000222e-01
5.025000000000000577e-01 6.106250000000000844e-01 4.000000000000000222e-01
5.025000000000000577e-01 6.218750000000000666e-01 4.000000000000000222e-01
5.125000000000000666e-01 5.937500000000000000e-01 2.250000000000000056e-01
5.175000000000000711e-01 6.049999999999999822e-01 2.250000000000000056e-01
5.225000000000000755e-01 7.399999999999999911e-01 3.125000000000000000e-01
5.225000000000000755e-01 6.162500000000000755e-01 2.250000000000000056e-01
5.225000000000000755e-01 6.106250000000000844e-01 4.000000000000000222e-01
5.225000000000000755e-01 6.218750000000000666e-01 4.000000000000000222e-01
5.225000000000000755e-01 6.331250000000000488e-01 4.000000000000000222e-01
5.275000000000000799e-01 7.399999999999999911e-01 3.125000000000000000e-01
5.275000000000000799e-01 6.950000000000000622e-01 4.000000000000000222e-01
5.275000000000000799e-01 6.950000000000000622e-01 2.468750000000000111e-01
5.275000000000000799e-01 6.950000000000000622e-01 2.906250000000000222e-01
5.275000000000000799e-01 6.724999999999999867e-01 2.687499999999999889e-01
5.275000000000000799e-01 7.175000000000000266e-01 2.687499999999999889e-01
5.275000000000000799e-01 6.331250000000000488e-01 4.000000000000000222e-01
5.325000000000000844e-01 6.500000000000000222e-01 4.000000000000000222e-01
5.325000000000000844e-01 6.500000000000000222e-01 2.687499999999999889e-01
5.325000000000000844e-01 5.600000000000000533e-01 2.250000000000000056e-01
5.325000000000000844e-01 6.049999999999999822e-01 3.125000000000000000e-01
5.325000000000000844e-01 5.825000000000000178e-01 4.000000000000000222e-01
5.325000000000000844e-01 6.162500000000000755e-01 3.125000000000000000e-01
5.325000000000000844e-01 6.387500000000000400e-01 3.125000000000000000e-01
5.325000000000000844e-01 6.106250000000000844e-01 2.250000000000000056e-01
5.325000000000000844e-01 6.218750000000000666e-01 2.250000000000000056e-01
5.325000000000000844e-01 6.331250000000000488e-01 2.250000000000000056e-01
5.325000000000000844e-01 6.078125000000000888e-01 4.000000000000000222e-01
5.325000000000000844e-01 6.134375000000000799e-01 4.000000000000000222e-01
5.325000000000000844e-01 6.190625000000000711e-01 4.000000000000000222e-01
5.325000000000000844e-01 6.246875000000000622e-01 4.000000000000000222e-01
5.325000000000000844e-01 6.303125000000000533e-01 4.000000000000000222e-01
5.325000000000000844e-01 6.359375000000000444e-01 4.000000000000000222e-01
5.375000000000000888e-01 6.500000000000000222e-01 2.687499999999999889e-01
5.375000000000000888e-01 6.387500000000000400e-01 3.125000000000000000e-01
5.375000000000000888e-01 6.443750000000000311e-01 2.250000000000000056e-01
5.375000000000000888e-01 6.415625000000000355e-01 4.000000000000000222e-01
5.375000000000000888e-01 6.471875000000000266e-01 4.000000000000000222e-01
5.425000000000000933e-01 6.500000000000000222e-01 3.125000000000000000e-01
5.475000000000000977e-01 6.500000000000000222e-01 3.125000000000000000e-01
5.525000000000001021e-01 6.500000000000000222e-01 4.000000000000000222e-01
5.525000000000001021e-01 5.600000000000000533e-01 3.125000000000000000e-01
5.625000000000001110e-01 7.399999999999999911e-01 3.562500000000000111e-01
5.675000000000001155e-01 7.399999999999999911e-01 3.562500000000000111e-01
5.725000000000001199e-01 7.399999999999999911e-01 3.562500000000000111e-01
5.775000000000001243e-01 6.500000000000000222e-01 4.000000000000000222e-01
5.775000000000001243e-01 5.600000000000000533e-01 3.125000000000000000e-01
5.775000000000001243e-01 7.399999999999999911e-01 4.000000000000000222e-01
5.775000000000001243e-01 7.399999999999999911e-01 3.562500000000000111e-01
6.025000000000000355e-01 5.712500000000000355e-01 3.125000000000000000e-01
6.025000000000000355e-01 5.656250000000000444e-01 4.000000000000000222e-01
6.025000000000000355e-01 5.768750000000000266e-01 4.000000000000000222e-01
6.075000000000000400e-01 6.049999999999999822e-01 4.000000000000000222e-01
6.075000000000000400e-01 5.825000000000000178e-01 2.250000000000000056e-01
6.075000000000000400e-01 5.712500000000000355e-01 3.125000000000000000e-01
6.075000000000000400e-01 5.656250000000000444e-01 4.000000000000000222e-01
6.075000000000000400e-01 5.768750000000000266e-01 4.000000000000000222e-01
6.175000000000000488e-01 5.712500000000000355e-01 3.125000000000000000e-01
6.325000000000000622e-01 5.825000000000000178e-01 3.125000000000000000e-01
6.325000000000000622e-01 6.275000000000000577e-01 3.125000000000000000e-01
6.325000000000000622e-01 5.937500000000000000e-01 2.250000000000000056e-01
6.325000000000000622e-01 6.162500000000000755e-01 2.250000000000000056e-01
6.425000000000000711e-01 6.162500000000000755e-01 4.000000000000000222e-01
6.475000000000000755e-01 6.162500000000000755e-01 4.000000000000000222e-01
6.525000000000000799e-01 6.275000000000000577e-01 2.687499999999999889e-01
6.525000000000000799e-01 6.162500000000000755e-01 4.000000000000000222e-01
6.575000000000000844e-01 6.275000000000000577e-01 2.687499999999999889e-01
6.575000000000000844e-01 6.162500000000000755e-01 4.000000000000000222e-01
5.012500000000000844e-01 6.049999999999999822e-01 3.125000000000000000e-01
5.012500000000000844e-01 6.275000000000000577e-01 2.250000000000000056e-01
5.012500000000000844e-01 6.162500000000000755e-01 4.000000000000000222e-01
5.012500000000000844e-01 6.387500000000000400e-01 4.000000000000000222e-01
5.037500000000000311e-01 6.049999999999999822e-01 3.125000000000000000e-01
5.037500000000000311e-01 6.950000000000000622e-01 2.250000000000000056e-01
5.037500000000000311e-01 6.275000000000000577e-01 2.250000000000000056e-01
5.037500000000000311e-01 6.162500000000000755e-01 4.000000000000000222e-01
5.037500000000000311e-01 6.387500000000000400e-01 4.000000000000000222e-01
5.162500000000000977e-01 6.049999999999999822e-01 4.000000000000000222e-01
5.187500000000000444e-01 6.049999999999999822e-01 4.000000000000000222e-01
5.212500000000001021e-01 5.600000000000000533e-01 4.000000000000000222e-01
5.212500000000001021e-01 6.049999999999999822e-01 2.250000000000000056e-01
5.212500000000001021e-01 6.162500000000000755e-01 4.000000000000000222e-01
5.237500000000000488e-01 6.162500000000000755e-01 4.000000000000000222e-01
5.262500000000001066e-01 6.950000000000000622e-01 3.125000000000000000e-01
5.262500000000001066e-01 6.275000000000000577e-01 3.125000000000000000e-01
5.262500000000001066e-01 6.162500000000000755e-01 4.000000000000000222e-01
5.262500000000001066e-01 6.387500000000000400e-01 4.000000000000000222e-01
5.287500000000000533e-01 6.950000000000000622e-01 3.125000000000000000e-01
5.287500000000000533e-01 6.275000000000000577e-01 3.125000000000000000e-01
5.287500000000000533e-01 6.162500000000000755e-01 4.000000000000000222e-01
5.287500000000000533e-01 6.387500000000000400e-01 4.000000000000000222e-01
5.312500000000001110e-01 6.275000000000000577e-01 3.125000000000000000e-01
5.312500000000001110e-01 6.162500000000000755e-01 2.250000000000000056e-01
5.312500000000001110e-01 6.106250000000000844e-01 4.000000000000000222e-01
5.312500000000001110e-01 6.218750000000000666e-01 4.000000000000000222e-01
5.337500000000000577e-01 6.275000000000000577e-01 3.125000000000000000e-01
5.337500000000000577e-01 6.162500000000000755e-01 2.250000000000000056e-01
5.337500000000000577e-01 6.106250000000000844e-01 4.000000000000000222e-01
5.337500000000000577e-01 6.218750000000000666e-01 4.000000000000000222e-01
5.362500000000001155e-01 6.443750000000000311e-01 4.000000000000000222e-01
5.387500000000000622e-01 6.443750000000000311e-01 4.000000000000000222e-01
5.512500000000000178e-01 6.500000000000000222e-01 3.125000000000000000e-01
5.537500000000000755e-01 6.500000000000000222e-01 3.125000000000000000e-01
5.762500000000000400e-01 6.500000000000000222e-01 3.125000000000000000e-01
5.787500000000000977e-01 6.500000000000000222e-01 3.125000000000000000e-01
6.062500000000000666e-01 5.825000000000000178e-01 4.000000000000000222e-01
6.087500000000001243e-01 5.825000000000000178e-01 4.000000000000000222e-01
6.087500000000001243e-01 5.712500000000000355e-01 2.250000000000000056e-01
6.187500000000001332e-01 6.950000000000000622e-01 3.125000000000000000e-01
6.312500000000000888e-01 6.162500000000000755e-01 4.000000000000000222e-01
6.337500000000000355e-01 5.600000000000000533e-01 3.125000000000000000e-01
6.337500000000000355e-01 6.049999999999999822e-01 2.687499999999999889e-01
6.337500000000000355e-01 6.049999999999999822e-01 3.562500000000000111e-01
6.337500000000000355e-01 5.825000000000000178e-01 2.250000000000000056e-01
6.337500000000000355e-01 5.712500000000000355e-01 4.000000000000000222e-01
6.337500000000000355e-01 5.937500000000000000e-01 4.000000000000000222e-01
6.337500000000000355e-01 6.162500000000000755e-01 4.000000000000000222e-01
5.006250000000000977e-01 6.275000000000000577e-01 4.000000000000000222e-01
5.018750000000000711e-01 6.500000000000000222e-01 3.125000000000000000e-01
5.018750000000000711e-01 5.600000000000000533e-01 3.125000000000000000e-01
5.018750000000000711e-01 6.275000000000000577e-01 4.000000000000000222e-01
5.031250000000000444e-01 6.500000000000000222e-01 3.125000000000000000e-01
5.031250000000000444e-01 6.275000000000000577e-01 4.000000000000000222e-01
5.043750000000000178e-01 6.500000000000000222e-01 3.125000000000000000e-01
5.043750000000000178e-01 5.600000000000000533e-01 2.250000000000000056e-01
5.043750000000000178e-01 6.049999999999999822e-01 2.250000000000000056e-01
5.043750000000000178e-01 5.825000000000000178e-01 4.000000000000000222e-01
5.043750000000000178e-01 6.275000000000000577e-01 4.000000000000000222e-01
5.106250000000001066e-01 6.500000000000000222e-01 3.125000000000000000e-01
5.106250000000001066e-01 5.600000000000000533e-01 2.250000000000000056e-01
5.106250000000001066e-01 6.049999999999999822e-01 4.000000000000000222e-01
5.206250000000001155e-01 6.049999999999999822e-01 4.000000000000000222e-01
5.206250000000001155e-01 6.275000000000000577e-01 2.250000000000000056e-01
5.218750000000000888e-01 6.049999999999999822e-01 4.000000000000000222e-01
5.256250000000000089e-01 6.049999999999999822e-01 4.000000000000000222e-01
5.256250000000000089e-01 6.275000000000000577e-01 2.250000000000000056e-01
5.293750000000000400e-01 6.049999999999999822e-01 4.000000000000000222e-01
5.293750000000000400e-01 6.275000000000000577e-01 2.250000000000000056e-01
5.306250000000000133e-01 6.049999999999999822e-01 4.000000000000000222e-01
5.306250000000000133e-01 6.275000000000000577e-01 2.250000000000000056e-01
5.306250000000000133e-01 6.162500000000000755e-01 4.000000000000000222e-01
5.318750000000000977e-01 6.162500000000000755e-01 4.000000000000000222e-01
5.331250000000000711e-01 6.162500000000000755e-01 4.000000000000000222e-01
5.343750000000000444e-01 6.049999999999999822e-01 4.000000000000000222e-01
5.343750000000000444e-01 6.275000000000000577e-01 2.250000000000000056e-01
5.343750000000000444e-01 6.162500000000000755e-01 4.000000000000000222e-01
6.081250000000000266e-01 5.712500000000000355e-01 4.000000000000000222e-01
6.093750000000001110e-01 5.712500000000000355e-01 4.000000000000000222e-01
6.181250000000000355e-01 6.950000000000000622e-01 4.000000000000000222e-01
6.193750000000001199e-01 6.950000000000000622e-01 4.000000000000000222e-01
6.331250000000000488e-01 5.825000000000000178e-01 4.000000000000000222e-01
6.343750000000001332e-01 5.825000000000000178e-01 4.000000000000000222e-01
5.021875000000000089e-01 6.500000000000000222e-01 2.250000000000000056e-01
5.021875000000000089e-01 5.600000000000000533e-01 4.000000000000000222e-01
5.021875000000000089e-01 7.399999999999999911e-01 4.000000000000000222e-01
5.028125000000001066e-01 6.500000000000000222e-01 2.250000000000000056e-01
5.028125000000001066e-01 5.600000000000000533e-01 4.000000000000000222e-01
5.028125000000001066e-01 7.399999999999999911e-01 4.000000000000000222e-01
5.034375000000000933e-01 6.500000000000000222e-01 2.250000000000000056e-01
5.034375000000000933e-01 5.600000000000000533e-01 4.000000000000000222e-01
5.034375000000000933e-01 7.399999999999999911e-01 4.000000000000000222e-01
5.040625000000000799e-01 6.500000000000000222e-01 2.250000000000000056e-01
5.040625000000000799e-01 5.600000000000000533e-01 4.000000000000000222e-01
5.040625000000000799e-01 7.399999999999999911e-01 4.000000000000000222e-01
5.046875000000000666e-01 6.500000000000000222e-01 2.250000000000000056e-01
5.046875000000000666e-01 5.600000000000000533e-01 4.000000000000000222e-01
5.046875000000000666e-01 7.399999999999999911e-01 4.000000000000000222e-01
5.103125000000000577e-01 5.600000000000000533e-01 4.000000000000000222e-01
5.109375000000000444e-01 5.600000000000000533e-01 4.000000000000000222e-01
5.203125000000000666e-01 6.275000000000000577e-01 4.000000000000000222e-01
5.209375000000000533e-01 6.275000000000000577e-01 4.000000000000000222e-01
5.253125000000000711e-01 6.275000000000000577e-01 4.000000000000000222e-01
5.259375000000000577e-01 6.275000000000000577e-01 4.000000000000000222e-01
5.290625000000001021e-01 6.275000000000000577e-01 4.000000000000000222e-01
5.296875000000000888e-01 6.275000000000000577e-01 4.000000000000000222e-01
5.303125000000000755e-01 6.275000000000000577e-01 4.000000000000000222e-01
5.309375000000000622e-01 6.275000000000000577e-01 4.000000000000000222e-01
5.340625000000001066e-01 6.275000000000000577e-01 4.000000000000000222e-01
5.346875000000000933e-01 6.275000000000000577e-01 4.000000000000000222e-01
5.803125000000001199e-01 5.600000000000000533e-01 3.125000000000000000e-01
5.803125000000001199e-01 6.049999999999999822e-01 4.000000000000000222e-01
5.809375000000001066e-01 5.600000000000000533e-01 3.125000000000000000e-01
5.809375000000001066e-01 6.049999999999999822e-01 4.000000000000000222e-01
6.453125000000000666e-01 5.600000000000000533e-01 3.125000000000000000e-01
6.453125000000000666e-01 6.049999999999999822e-01 4.000000000000000222e-01
6.459375000000000533e-01 5.600000000000000533e-01 3.125000000000000000e-01
6.459375000000000533e-01 6.049999999999999822e-01 4.000000000000000222e-01
6.471875000000000266e-01 5.600000000000000533e-01 3.125000000000000000e-01
6.471875000000000266e-01 6.049999999999999822e-01 4.000000000000000222e-01
6.590625000000001066e-01 5.600000000000000533e-01 3.125000000000000000e-01
6.596875000000000933e-01 5.600000000000000533e-01 3.125000000000000000e-01
6.596875000000000933e-01 6.049999999999999822e-01 4.000000000000000222e-01
5.020312500000000400e-01 6.500000000000000222e-01 4.000000000000000222e-01
5.023437500000000888e-01 6.500000000000000222e-01 4.000000000000000222e-01
5.026562500000000266e-01 6.500000000000000222e-01 4.000000000000000222e-01
5.029687500000000755e-01 6.500000000000000222e-01 4.000000000000000222e-01
5.032812500000000133e-01 6.500000000000000222e-01 4.000000000000000222e-01
5.035937500000000622e-01 6.500000000000000222e-01 4.000000000000000222e-01
5.039062500000000000e-01 6.500000000000000222e-01 4.000000000000000222e-01
5.042187500000000488e-01 6.500000000000000222e-01 4.000000000000000222e-01
5.045312500000000977e-01 6.500000000000000222e-01 4.000000000000000222e-01
5.048437500000000355e-01 6.500000000000000222e-01 4.000000000000000222e-01
5.804687500000000888e-01 6.500000000000000222e-01 4.000000000000000222e-01
5.804687500000000888e-01 5.600000000000000533e-01 2.250000000000000056e-01
5.807812500000000266e-01 6.500000000000000222e-01 4.000000000000000222e-01
5.807812500000000266e-01 5.600000000000000533e-01 2.250000000000000056e-01
5.810937500000000755e-01 6.500000000000000222e-01 4.000000000000000222e-01
5.810937500000000755e-01 5.600000000000000533e-01 2.250000000000000056e-01
5.817187500000000622e-01 6.500000000000000222e-01 4.000000000000000222e-01
5.817187500000000622e-01 5.600000000000000533e-01 2.250000000000000056e-01
6.398437500000000444e-01 6.500000000000000222e-01 4.000000000000000222e-01
6.398437500000000444e-01 7.399999999999999911e-01 2.250000000000000056e-01
6.451562500000000977e-01 6.500000000000000222e-01 4.000000000000000222e-01
6.451562500000000977e-01 5.600000000000000533e-01 2.250000000000000056e-01
6.454687500000000355e-01 6.500000000000000222e-01 4.000000000000000222e-01
6.454687500000000355e-01 5.600000000000000533e-01 2.250000000000000056e-01
6.457812500000000844e-01 6.500000000000000222e-01 4.000000000000000222e-01
6.457812500000000844e-01 5.600000000000000533e-01 2.250000000000000056e-01
6.460937500000001332e-01 6.500000000000000222e-01 4.000000000000000222e-01
6.460937500000001332e-01 5.600000000000000533e-01 2.250000000000000056e-01
6.470312500000000577e-01 6.500000000000000222e-01 4.000000000000000222e-01
6.470312500000000577e-01 5.600000000000000533e-01 2.250000000000000056e-01
6.473437500000001066e-01 6.500000000000000222e-01 4.000000000000000222e-01
6.473437500000001066e-01 5.600000000000000533e-01 2.250000000000000056e-01
6.576562500000000533e-01 6.500000000000000222e-01 4.000000000000000222e-01
6.576562500000000533e-01 5.600000000000000533e-01 2.250000000000000056e-01
6.579687500000001021e-01 6.500000000000000222e-01 4.000000000000000222e-01
6.579687500000001021e-01 5.600000000000000533e-01 2.250000000000000056e-01
6.582812500000000400e-01 6.500000000000000222e-01 4.000000000000000222e-01
6.582812500000000400e-01 5.600000000000000533e-01 2.250000000000000056e-01
6.585937500000000888e-01 6.500000000000000222e-01 4.000000000000000222e-01
6.585937500000000888e-01 5.600000000000000533e-01 2.250000000000000056e-01
6.595312500000001243e-01 6.500000000000000222e-01 4.000000000000000222e-01
6.595312500000001243e-01 5.600000000000000533e-01 2.250000000000000056e-01
6.598437500000000622e-01 6.500000000000000222e-01 4.000000000000000222e-01
6.598437500000000622e-01 5.600000000000000533e-01 2.250000000000000056e-01
5.803906250000000488e-01 5.600000000000000533e-01 4.000000000000000222e-01
5.805468750000000178e-01 5.600000000000000533e-01 4.000000000000000222e-01
5.807031250000000977e-01 5.600000000000000533e-01 4.000000000000000222e-01
5.808593750000000666e-01 5.600000000000000533e-01 4.000000000000000222e-01
5.810156250000000355e-01 5.600000000000000533e-01 4.000000000000000222e-01
5.811718750000001155e-01 5.600000000000000533e-01 4.000000000000000222e-01
5.816406250000000222e-01 5.600000000000000533e-01 4.000000000000000222e-01
5.817968750000001021e-01 5.600000000000000533e-01 4.000000000000000222e-01
6.397656250000001155e-01 7.399999999999999911e-01 4.000000000000000222e-01
6.399218750000000844e-01 7.399999999999999911e-01 4.000000000000000222e-01
6.450781250000000577e-01 5.600000000000000533e-01 4.000000000000000222e-01
6.452343750000000266e-01 5.600000000000000533e-01 4.000000000000000222e-01
6.453906250000001066e-01 5.600000000000000533e-01 4.000000000000000222e-01
6.455468750000000755e-01 5.600000000000000533e-01 4.000000000000000222e-01
6.457031250000000444e-01 5.600000000000000533e-01 4.000000000000000222e-01
6.458593750000001243e-01 5.600000000000000533e-01 4.000000000000000222e-01
6.460156250000000933e-01 5.600000000000000533e-01 4.000000000000000222e-01
6.461718750000000622e-01 5.600000000000000533e-01 4.000000000000000222e-01
6.469531250000001288e-01 5.600000000000000533e-01 4.000000000000000222e-01
6.471093750000000977e-01 5.600000000000000533e-01 4.000000000000000222e-01
6.472656250000000666e-01 5.600000000000000533e-01 4.000000000000000222e-01
6.474218750000000355e-01 5.600000000000000533e-01 4.000000000000000222e-01
6.575781250000001243e-01 5.600000000000000533e-01 4.000000000000000222e-01
6.577343750000000933e-01 5.600000000000000533e-01 4.000000000000000222e-01
6.578906250000000622e-01 5.600000000000000533e-01 4.000000000000000222e-01
6.580468750000001421e-01 5.600000000000000533e-01 4.000000000000000222e-01
6.582031250000001110e-01 5.600000000000000533e-01 4.000000000000000222e-01
6.583593750000000799e-01 5.600000000000000533e-01 4.000000000000000222e-01
6.585156250000000488e-01 5.600000000000000533e-01 4.000000000000000222e-01
6.586718750000001288e-01 5.600000000000000533e-01 4.000000000000000222e-01
6.594531250000000844e-01 5.600000000000000533e-01 4.000000000000000222e-01
6.596093750000000533e-01 5.600000000000000533e-01 4.000000000000000222e-01
6.597656250000001332e-01 5.600000000000000533e-01 4.000000000000000222e-01
6.599218750000001021e-01 5.600000000000000533e-01 4.000000000000000222e-01
