5.700000000000000622e-01 6.450000000000000178e-01 2.734375000000000000e-01
5.700000000000000622e-01 6.450000000000000178e-01 2.828125000000000222e-01
5.700000000000000622e-01 6.450000000000000178e-01 3.296875000000000222e-01
5.700000000000000622e-01 6.450000000000000178e-01 3.390625000000000444e-01
5.700000000000000622e-01 6.450000000000000178e-01 3.484375000000000111e-01
5.700000000000000622e-01 6.450000000000000178e-01 3.578125000000000333e-01
5.700000000000000622e-01 5.600000000000000533e-01 2.781250000000000111e-01
5.700000000000000622e-01 5.600000000000000533e-01 3.343749999999999778e-01
5.700000000000000622e-01 5.600000000000000533e-01 3.531250000000000222e-01
5.700000000000000622e-01 5.600000000000000533e-01 3.718750000000000111e-01
5.700000000000000622e-01 5.600000000000000533e-01 3.906250000000000000e-01
5.700000000000000622e-01 7.299999999999999822e-01 2.781250000000000111e-01
5.700000000000000622e-01 7.299999999999999822e-01 3.343749999999999778e-01
5.700000000000000622e-01 7.299999999999999822e-01 3.531250000000000222e-01
5.700000000000000622e-01 6.025000000000000355e-01 3.437500000000000000e-01
5.700000000000000622e-01 6.025000000000000355e-01 3.812500000000000333e-01
5.700000000000000622e-01 6.875000000000000000e-01 3.437500000000000000e-01
5.700000000000000622e-01 5.706250000000000488e-01 3.250000000000000111e-01
5.700000000000000622e-01 6.131250000000000311e-01 3.250000000000000111e-01
5.700000000000000622e-01 6.556250000000000133e-01 3.250000000000000111e-01
5.700000000000000622e-01 6.768750000000000044e-01 3.250000000000000111e-01
5.700000000000000622e-01 5.653125000000001066e-01 4.000000000000000222e-01
5.700000000000000622e-01 5.759374999999999911e-01 4.000000000000000222e-01
5.700000000000000622e-01 6.078125000000000888e-01 4.000000000000000222e-01
5.700000000000000622e-01 6.184374999999999734e-01 4.000000000000000222e-01
5.700000000000000622e-01 6.715625000000000622e-01 9.999999999999997780e-02
5.700000000000000622e-01 6.715625000000000622e-01 4.000000000000000222e-01
5.700000000000000622e-01 6.821874999999999467e-01 4.000000000000000222e-01
5.700000000000000622e-01 6.689062500000000355e-01 2.500000000000000000e-01
5.700000000000000622e-01 6.742187499999999778e-01 2.500000000000000000e-01
5.000000000000000000e-01 6.450000000000000178e-01 2.781250000000000111e-01
5.000000000000000000e-01 6.450000000000000178e-01 3.343749999999999778e-01
5.000000000000000000e-01 6.450000000000000178e-01 3.531250000000000222e-01
5.000000000000000000e-01 5.600000000000000533e-01 2.687499999999999889e-01
5.000000000000000000e-01 5.600000000000000533e-01 3.062500000000000222e-01
5.000000000000000000e-01 5.600000000000000533e-01 3.437500000000000000e-01
5.000000000000000000e-01 5.600000000000000533e-01 3.812500000000000333e-01
5.000000000000000000e-01 7.299999999999999822e-01 2.687499999999999889e-01
5.000000000000000000e-01 7.299999999999999822e-01 3.062500000000000222e-01
5.000000000000000000e-01 7.299999999999999822e-01 3.437500000000000000e-01
5.000000000000000000e-01 6.025000000000000355e-01 2.874999999999999778e-01
5.000000000000000000e-01 6.025000000000000355e-01 3.625000000000000444e-01
5.000000000000000000e-01 6.875000000000000000e-01 2.124999999999999944e-01
5.000000000000000000e-01 6.875000000000000000e-01 2.874999999999999778e-01
5.000000000000000000e-01 6.875000000000000000e-01 3.625000000000000444e-01
5.000000000000000000e-01 5.812500000000000444e-01 3.250000000000000111e-01
5.000000000000000000e-01 6.237500000000000266e-01 3.250000000000000111e-01
5.000000000000000000e-01 6.662500000000000089e-01 1.749999999999999889e-01
5.000000000000000000e-01 6.662500000000000089e-01 3.250000000000000111e-01
5.000000000000000000e-01 7.087499999999999911e-01 1.749999999999999889e-01
5.000000000000000000e-01 7.087499999999999911e-01 3.250000000000000111e-01
5.000000000000000000e-01 5.706250000000000488e-01 4.000000000000000222e-01
5.000000000000000000e-01 6.131250000000000311e-01 4.000000000000000222e-01
5.000000000000000000e-01 6.556250000000000133e-01 9.999999999999997780e-02
5.000000000000000000e-01 6.556250000000000133e-01 4.000000000000000222e-01
5.000000000000000000e-01 6.768750000000000044e-01 9.999999999999997780e-02
5.000000000000000000e-01 6.768750000000000044e-01 4.000000000000000222e-01
5.000000000000000000e-01 6.981249999999999956e-01 9.999999999999997780e-02
5.000000000000000000e-01 6.981249999999999956e-01 4.000000000000000222e-01
5.000000000000000000e-01 7.193749999999999867e-01 9.999999999999997780e-02
5.000000000000000000e-01 7.193749999999999867e-01 4.000000000000000222e-01
5.000000000000000000e-01 6.715625000000000622e-01 2.500000000000000000e-01
6.400000000000001243e-01 6.450000000000000178e-01 2.781250000000000111e-01
6.400000000000001243e-01 6.450000000000000178e-01 3.343749999999999778e-01
6.400000000000001243e-01 6.450000000000000178e-01 3.531250000000000222e-01
6.400000000000001243e-01 5.600000000000000533e-01 2.687499999999999889e-01
6.400000000000001243e-01 5.600000000000000533e-01 3.437500000000000000e-01
6.400000000000001243e-01 5.600000000000000533e-01 3.812500000000000333e-01
6.400000000000001243e-01 7.299999999999999822e-01 2.687499999999999889e-01
6.400000000000001243e-01 7.299999999999999822e-01 3.062500000000000222e-01
6.400000000000001243e-01 7.299999999999999822e-01 3.437500000000000000e-01
6.400000000000001243e-01 6.025000000000000355e-01 2.874999999999999778e-01
6.400000000000001243e-01 6.025000000000000355e-01 3.625000000000000444e-01
6.400000000000001243e-01 6.875000000000000000e-01 1.374999999999999833e-01
6.400000000000001243e-01 6.875000000000000000e-01 2.124999999999999944e-01
6.400000000000001243e-01 6.875000000000000000e-01 2.874999999999999778e-01
6.400000000000001243e-01 6.875000000000000000e-01 3.625000000000000444e-01
6.400000000000001243e-01 5.812500000000000444e-01 3.250000000000000111e-01
6.400000000000001243e-01 6.237500000000000266e-01 3.250000000000000111e-01
6.400000000000001243e-01 6.662500000000000089e-01 1.749999999999999889e-01
6.400000000000001243e-01 6.662500000000000089e-01 3.250000000000000111e-01
6.400000000000001243e-01 7.087499999999999911e-01 1.749999999999999889e-01
6.400000000000001243e-01 7.087499999999999911e-01 3.250000000000000111e-01
6.400000000000001243e-01 5.706250000000000488e-01 4.000000000000000222e-01
6.400000000000001243e-01 6.131250000000000311e-01 4.000000000000000222e-01
6.400000000000001243e-01 6.556250000000000133e-01 4.000000000000000222e-01
6.400000000000001243e-01 6.768750000000000044e-01 4.000000000000000222e-01
6.400000000000001243e-01 6.715625000000000622e-01 2.500000000000000000e-01
5.350000000000000311e-01 6.450000000000000178e-01 3.437500000000000000e-01
5.350000000000000311e-01 6.450000000000000178e-01 3.812500000000000333e-01
5.350000000000000311e-01 5.600000000000000533e-01 2.874999999999999778e-01
5.350000000000000311e-01 5.600000000000000533e-01 3.625000000000000444e-01
5.350000000000000311e-01 7.299999999999999822e-01 2.124999999999999944e-01
5.350000000000000311e-01 7.299999999999999822e-01 2.874999999999999778e-01
5.350000000000000311e-01 7.299999999999999822e-01 3.625000000000000444e-01
5.350000000000000311e-01 6.025000000000000355e-01 3.250000000000000111e-01
5.350000000000000311e-01 6.875000000000000000e-01 3.250000000000000111e-01
5.350000000000000311e-01 5.812500000000000444e-01 4.000000000000000222e-01
5.350000000000000311e-01 6.237500000000000266e-01 4.000000000000000222e-01
5.350000000000000311e-01 6.662500000000000089e-01 9.999999999999997780e-02
5.350000000000000311e-01 6.662500000000000089e-01 4.000000000000000222e-01
5.350000000000000311e-01 7.087499999999999911e-01 9.999999999999997780e-02
5.350000000000000311e-01 7.087499999999999911e-01 4.000000000000000222e-01
6.050000000000000933e-01 6.450000000000000178e-01 2.687499999999999889e-01
6.050000000000000933e-01 6.450000000000000178e-01 3.062500000000000222e-01
6.050000000000000933e-01 6.450000000000000178e-01 3.437500000000000000e-01
6.050000000000000933e-01 6.450000000000000178e-01 3.812500000000000333e-01
6.050000000000000933e-01 5.600000000000000533e-01 2.874999999999999778e-01
6.050000000000000933e-01 5.600000000000000533e-01 3.625000000000000444e-01
6.050000000000000933e-01 7.299999999999999822e-01 2.874999999999999778e-01
6.050000000000000933e-01 7.299999999999999822e-01 3.625000000000000444e-01
6.050000000000000933e-01 6.025000000000000355e-01 3.250000000000000111e-01
6.050000000000000933e-01 6.875000000000000000e-01 1.749999999999999889e-01
6.050000000000000933e-01 6.875000000000000000e-01 3.250000000000000111e-01
6.050000000000000933e-01 6.662500000000000089e-01 4.000000000000000222e-01
5.175000000000000711e-01 6.450000000000000178e-01 3.625000000000000444e-01
5.175000000000000711e-01 5.600000000000000533e-01 3.250000000000000111e-01
5.175000000000000711e-01 7.299999999999999822e-01 3.250000000000000111e-01
5.175000000000000711e-01 6.025000000000000355e-01 4.000000000000000222e-01
5.175000000000000711e-01 6.875000000000000000e-01 4.000000000000000222e-01
5.525000000000001021e-01 6.450000000000000178e-01 2.874999999999999778e-01
5.525000000000001021e-01 6.450000000000000178e-01 3.625000000000000444e-01
5.525000000000001021e-01 5.600000000000000533e-01 3.250000000000000111e-01
5.525000000000001021e-01 7.299999999999999822e-01 3.250000000000000111e-01
5.525000000000001021e-01 6.025000000000000355e-01 4.000000000000000222e-01
5.525000000000001021e-01 6.875000000000000000e-01 4.000000000000000222e-01
5.875000000000000222e-01 6.450000000000000178e-01 2.874999999999999778e-01
5.875000000000000222e-01 6.450000000000000178e-01 3.625000000000000444e-01
5.875000000000000222e-01 5.600000000000000533e-01 3.250000000000000111e-01
5.875000000000000222e-01 6.025000000000000355e-01 4.000000000000000222e-01
6.225000000000000533e-01 6.450000000000000178e-01 2.874999999999999778e-01
6.225000000000000533e-01 6.450000000000000178e-01 3.625000000000000444e-01
6.225000000000000533e-01 5.600000000000000533e-01 3.250000000000000111e-01
6.225000000000000533e-01 7.299999999999999822e-01 3.250000000000000111e-01
6.225000000000000533e-01 6.875000000000000000e-01 4.000000000000000222e-01
5.087500000000000355e-01 5.600000000000000533e-01 4.000000000000000222e-01
5.262500000000001066e-01 5.600000000000000533e-01 4.000000000000000222e-01
5.437500000000000666e-01 5.600000000000000533e-01 4.000000000000000222e-01
5.437500000000000666e-01 7.299999999999999822e-01 9.999999999999997780e-02
5.437500000000000666e-01 7.299999999999999822e-01 4.000000000000000222e-01
5.437500000000000666e-01 6.875000000000000000e-01 2.500000000000000000e-01
5.612500000000000266e-01 5.600000000000000533e-01 4.000000000000000222e-01
5.612500000000000266e-01 7.299999999999999822e-01 4.000000000000000222e-01
5.787500000000000977e-01 5.600000000000000533e-01 4.000000000000000222e-01
5.962500000000000577e-01 5.600000000000000533e-01 4.000000000000000222e-01
6.137500000000000178e-01 7.299999999999999822e-01 4.000000000000000222e-01
6.312500000000000888e-01 7.299999999999999822e-01 4.000000000000000222e-01
5.393750000000000488e-01 7.299999999999999822e-01 2.500000000000000000e-01
5.481250000000000844e-01 7.299999999999999822e-01 2.500000000000000000e-01
5.918750000000000400e-01 6.450000000000000178e-01 9.999999999999997780e-02
5.918750000000000400e-01 6.450000000000000178e-01 4.000000000000000222e-01
5.918750000000000400e-01 5.600000000000000533e-01 2.500000000000000000e-01
5.918750000000000400e-01 7.299999999999999822e-01 2.500000000000000000e-01
6.356250000000001066e-01 6.450000000000000178e-01 9.999999999999997780e-02
6.356250000000001066e-01 6.450000000000000178e-01 4.000000000000000222e-01
6.356250000000001066e-01 5.600000000000000533e-01 2.500000000000000000e-01
6.356250000000001066e-01 7.299999999999999822e-01 2.500000000000000000e-01
5.896875000000000311e-01 6.450000000000000178e-01 2.500000000000000000e-01
5.940625000000000488e-01 6.450000000000000178e-01 2.500000000000000000e-01
6.334375000000000977e-01 6.450000000000000178e-01 2.500000000000000000e-01
6.378125000000001155e-01 6.450000000000000178e-01 2.500000000000000000e-01
