5.800000000000000711e-01 6.500000000000000222e-01 3.794921875000000222e-01
5.800000000000000711e-01 6.500000000000000222e-01 3.822265625000000333e-01
5.800000000000000711e-01 6.500000000000000222e-01 3.849609375000000444e-01
5.800000000000000711e-01 6.500000000000000222e-01 3.876953125000000000e-01
5.800000000000000711e-01 6.500000000000000222e-01 3.565917968749999778e-01
5.800000000000000711e-01 6.500000000000000222e-01 3.572753906250000222e-01
5.800000000000000711e-01 6.500000000000000222e-01 3.579589843750000111e-01
5.800000000000000711e-01 6.500000000000000222e-01 3.586425781250000000e-01
5.800000000000000711e-01 6.500000000000000222e-01 3.593261718750000444e-01
5.800000000000000711e-01 6.500000000000000222e-01 3.600097656249999778e-01
5.800000000000000711e-01 6.500000000000000222e-01 3.606933593750000222e-01
5.800000000000000711e-01 6.500000000000000222e-01 3.613769531250000111e-01
5.800000000000000711e-01 6.500000000000000222e-01 3.894042968750000000e-01
5.800000000000000711e-01 6.500000000000000222e-01 3.900878906250000444e-01
5.800000000000000711e-01 6.500000000000000222e-01 3.907714843750000333e-01
5.800000000000000711e-01 6.500000000000000222e-01 3.914550781250000222e-01
5.800000000000000711e-01 6.500000000000000222e-01 3.948730468750000222e-01
5.800000000000000711e-01 6.500000000000000222e-01 3.955566406250000111e-01
5.800000000000000711e-01 6.500000000000000222e-01 3.962402343750000000e-01
5.800000000000000711e-01 6.500000000000000222e-01 3.969238281250000444e-01
5.800000000000000711e-01 5.600000000000000533e-01 3.569335937500000000e-01
5.800000000000000711e-01 5.600000000000000533e-01 3.583007812499999778e-01
5.800000000000000711e-01 5.600000000000000533e-01 3.596679687500000111e-01
5.800000000000000711e-01 5.600000000000000533e-01 3.610351562500000444e-01
5.800000000000000711e-01 5.600000000000000533e-01 3.788085937500000333e-01
5.800000000000000711e-01 5.600000000000000533e-01 3.801757812500000111e-01
5.800000000000000711e-01 5.600000000000000533e-01 3.815429687500000444e-01
5.800000000000000711e-01 5.600000000000000533e-01 3.829101562500000222e-01
5.800000000000000711e-01 5.600000000000000533e-01 3.842773437500000000e-01
5.800000000000000711e-01 5.600000000000000533e-01 3.856445312500000333e-01
5.800000000000000711e-01 5.600000000000000533e-01 3.870117187500000111e-01
5.800000000000000711e-01 5.600000000000000533e-01 3.883789062500000444e-01
5.800000000000000711e-01 5.600000000000000533e-01 3.897460937500000222e-01
5.800000000000000711e-01 5.600000000000000533e-01 3.911132812500000000e-01
5.800000000000000711e-01 5.600000000000000533e-01 3.952148437500000444e-01
5.800000000000000711e-01 5.600000000000000533e-01 3.965820312500000222e-01
5.800000000000000711e-01 7.399999999999999911e-01 3.808593750000000000e-01
5.800000000000000711e-01 7.399999999999999911e-01 3.863281250000000222e-01
5.800000000000000711e-01 7.399999999999999911e-01 3.569335937500000000e-01
5.800000000000000711e-01 7.399999999999999911e-01 3.583007812499999778e-01
5.800000000000000711e-01 7.399999999999999911e-01 3.596679687500000111e-01
5.800000000000000711e-01 7.399999999999999911e-01 3.610351562500000444e-01
5.800000000000000711e-01 7.399999999999999911e-01 3.897460937500000222e-01
5.800000000000000711e-01 7.399999999999999911e-01 3.911132812500000000e-01
5.800000000000000711e-01 7.399999999999999911e-01 3.952148437500000444e-01
5.800000000000000711e-01 7.399999999999999911e-01 3.965820312500000222e-01
5.800000000000000711e-01 6.049999999999999822e-01 3.808593750000000000e-01
5.800000000000000711e-01 6.049999999999999822e-01 3.740234375000000000e-01
5.800000000000000711e-01 6.049999999999999822e-01 3.767578125000000111e-01
5.800000000000000711e-01 6.950000000000000622e-01 3.617187499999999778e-01
5.800000000000000711e-01 6.950000000000000622e-01 3.835937500000000111e-01
5.800000000000000711e-01 6.950000000000000622e-01 3.931640625000000222e-01
5.800000000000000711e-01 5.825000000000000178e-01 3.972656250000000111e-01
5.800000000000000711e-01 6.275000000000000577e-01 3.699218750000000111e-01
5.800000000000000711e-01 6.275000000000000577e-01 3.753906250000000333e-01
5.800000000000000711e-01 6.275000000000000577e-01 3.972656250000000111e-01
5.800000000000000711e-01 6.724999999999999867e-01 3.234375000000000444e-01
5.800000000000000711e-01 6.724999999999999867e-01 3.453125000000000222e-01
5.800000000000000711e-01 6.724999999999999867e-01 3.699218750000000111e-01
5.800000000000000711e-01 7.175000000000000266e-01 3.835937500000000111e-01
5.800000000000000711e-01 7.175000000000000266e-01 3.945312500000000000e-01
5.800000000000000711e-01 7.175000000000000266e-01 3.699218750000000111e-01
5.800000000000000711e-01 5.712500000000000355e-01 3.671875000000000000e-01
5.800000000000000711e-01 5.712500000000000355e-01 3.890625000000000333e-01
5.800000000000000711e-01 6.162500000000000755e-01 3.726562500000000222e-01
5.800000000000000711e-01 6.387500000000000400e-01 3.726562500000000222e-01
5.800000000000000711e-01 6.612500000000000044e-01 3.343750000000000333e-01
5.800000000000000711e-01 6.612500000000000044e-01 3.781250000000000444e-01
5.800000000000000711e-01 6.837499999999999689e-01 3.781250000000000444e-01
5.800000000000000711e-01 7.062500000000000444e-01 3.890625000000000333e-01
5.800000000000000711e-01 7.287500000000000089e-01 3.781250000000000444e-01
5.800000000000000711e-01 7.287500000000000089e-01 3.890625000000000333e-01
5.800000000000000711e-01 5.656250000000000444e-01 3.562500000000000111e-01
5.800000000000000711e-01 5.768750000000000266e-01 3.562500000000000111e-01
5.800000000000000711e-01 6.106250000000000844e-01 3.343750000000000333e-01
5.800000000000000711e-01 6.106250000000000844e-01 3.781250000000000444e-01
5.800000000000000711e-01 6.556250000000000133e-01 3.562500000000000111e-01
5.800000000000000711e-01 6.668749999999999956e-01 3.562500000000000111e-01
5.800000000000000711e-01 6.893749999999999600e-01 3.562500000000000111e-01
5.800000000000000711e-01 7.118750000000000355e-01 4.999999999999998890e-02
5.800000000000000711e-01 5.628125000000000488e-01 3.781250000000000444e-01
5.800000000000000711e-01 5.684375000000000400e-01 3.781250000000000444e-01
5.800000000000000711e-01 5.740625000000000311e-01 3.781250000000000444e-01
5.800000000000000711e-01 5.796875000000000222e-01 3.781250000000000444e-01
5.800000000000000711e-01 6.078125000000000888e-01 2.250000000000000056e-01
5.800000000000000711e-01 6.528125000000000178e-01 3.125000000000000000e-01
5.800000000000000711e-01 6.584375000000000089e-01 3.125000000000000000e-01
5.800000000000000711e-01 6.640625000000000000e-01 3.125000000000000000e-01
5.800000000000000711e-01 6.696874999999999911e-01 3.125000000000000000e-01
5.800000000000000711e-01 7.090625000000000400e-01 2.250000000000000056e-01
5.800000000000000711e-01 7.146875000000000311e-01 2.250000000000000056e-01
5.800000000000000711e-01 5.951562500000000533e-01 4.000000000000000222e-01
5.800000000000000711e-01 5.979687500000000488e-01 4.000000000000000222e-01
5.800000000000000711e-01 6.007812500000000444e-01 3.125000000000000000e-01
5.800000000000000711e-01 6.035937500000000400e-01 3.125000000000000000e-01
5.800000000000000711e-01 6.064062500000000355e-01 4.000000000000000222e-01
5.800000000000000711e-01 6.092187500000000311e-01 4.000000000000000222e-01
5.800000000000000711e-01 6.120312500000000266e-01 4.000000000000000222e-01
5.800000000000000711e-01 6.289062500000000000e-01 3.125000000000000000e-01
5.800000000000000711e-01 6.317187499999999956e-01 3.125000000000000000e-01
5.800000000000000711e-01 6.345312499999999911e-01 3.125000000000000000e-01
5.800000000000000711e-01 6.014843750000000711e-01 2.250000000000000056e-01
5.800000000000000711e-01 6.028906250000000133e-01 2.250000000000000056e-01
5.800000000000000711e-01 6.042968750000000666e-01 2.250000000000000056e-01
5.800000000000000711e-01 6.310156250000000799e-01 2.250000000000000056e-01
5.800000000000000711e-01 6.324218750000000222e-01 2.250000000000000056e-01
5.800000000000000711e-01 6.338281250000000755e-01 2.250000000000000056e-01
5.800000000000000711e-01 6.352343750000000178e-01 2.250000000000000056e-01
5.800000000000000711e-01 6.011328125000000577e-01 4.000000000000000222e-01
5.800000000000000711e-01 6.018359375000000844e-01 4.000000000000000222e-01
5.800000000000000711e-01 6.025390625000000000e-01 4.000000000000000222e-01
5.800000000000000711e-01 6.032421875000000266e-01 4.000000000000000222e-01
5.800000000000000711e-01 6.039453125000000533e-01 4.000000000000000222e-01
5.800000000000000711e-01 6.046484375000000799e-01 4.000000000000000222e-01
5.800000000000000711e-01 6.306640625000000666e-01 4.000000000000000222e-01
5.800000000000000711e-01 6.313671874999999822e-01 4.000000000000000222e-01
5.800000000000000711e-01 6.320703125000000089e-01 4.000000000000000222e-01
5.800000000000000711e-01 6.327734375000000355e-01 4.000000000000000222e-01
5.800000000000000711e-01 6.334765625000000622e-01 4.000000000000000222e-01
5.800000000000000711e-01 6.341796874999999778e-01 4.000000000000000222e-01
5.800000000000000711e-01 6.348828125000000044e-01 4.000000000000000222e-01
5.800000000000000711e-01 6.355859375000000311e-01 4.000000000000000222e-01
5.000000000000000000e-01 6.500000000000000222e-01 3.569335937500000000e-01
5.000000000000000000e-01 6.500000000000000222e-01 3.583007812499999778e-01
5.000000000000000000e-01 6.500000000000000222e-01 3.596679687500000111e-01
5.000000000000000000e-01 6.500000000000000222e-01 3.610351562500000444e-01
5.000000000000000000e-01 6.500000000000000222e-01 3.897460937500000222e-01
5.000000000000000000e-01 6.500000000000000222e-01 3.911132812500000000e-01
5.000000000000000000e-01 6.500000000000000222e-01 3.952148437500000444e-01
5.000000000000000000e-01 6.500000000000000222e-01 3.965820312500000222e-01
5.000000000000000000e-01 5.600000000000000533e-01 3.945312500000000000e-01
5.000000000000000000e-01 5.600000000000000533e-01 3.576171875000000444e-01
5.000000000000000000e-01 5.600000000000000533e-01 3.603515625000000000e-01
5.000000000000000000e-01 5.600000000000000533e-01 3.740234375000000000e-01
5.000000000000000000e-01 5.600000000000000533e-01 3.767578125000000111e-01
5.000000000000000000e-01 5.600000000000000533e-01 3.794921875000000222e-01
5.000000000000000000e-01 5.600000000000000533e-01 3.822265625000000333e-01
5.000000000000000000e-01 5.600000000000000533e-01 3.849609375000000444e-01
5.000000000000000000e-01 5.600000000000000533e-01 3.876953125000000000e-01
5.000000000000000000e-01 7.399999999999999911e-01 3.945312500000000000e-01
5.000000000000000000e-01 7.399999999999999911e-01 3.576171875000000444e-01
5.000000000000000000e-01 7.399999999999999911e-01 3.603515625000000000e-01
5.000000000000000000e-01 7.399999999999999911e-01 3.794921875000000222e-01
5.000000000000000000e-01 7.399999999999999911e-01 3.822265625000000333e-01
5.000000000000000000e-01 7.399999999999999911e-01 3.931640625000000222e-01
5.000000000000000000e-01 6.049999999999999822e-01 3.808593750000000000e-01
5.000000000000000000e-01 6.049999999999999822e-01 3.863281250000000222e-01
5.000000000000000000e-01 6.049999999999999822e-01 3.972656250000000111e-01
5.000000000000000000e-01 6.950000000000000622e-01 3.234375000000000444e-01
5.000000000000000000e-01 6.950000000000000622e-01 3.699218750000000111e-01
5.000000000000000000e-01 6.950000000000000622e-01 3.808593750000000000e-01
5.000000000000000000e-01 6.950000000000000622e-01 3.863281250000000222e-01
5.000000000000000000e-01 5.825000000000000178e-01 3.125000000000000000e-01
5.000000000000000000e-01 5.825000000000000178e-01 3.671875000000000000e-01
5.000000000000000000e-01 6.275000000000000577e-01 3.726562500000000222e-01
5.000000000000000000e-01 6.275000000000000577e-01 3.835937500000000111e-01
5.000000000000000000e-01 6.275000000000000577e-01 3.945312500000000000e-01
5.000000000000000000e-01 6.724999999999999867e-01 3.179687500000000222e-01
5.000000000000000000e-01 6.724999999999999867e-01 3.289062500000000111e-01
5.000000000000000000e-01 6.724999999999999867e-01 3.617187499999999778e-01
5.000000000000000000e-01 6.724999999999999867e-01 3.726562500000000222e-01
5.000000000000000000e-01 7.175000000000000266e-01 3.890625000000000333e-01
5.000000000000000000e-01 5.712500000000000355e-01 3.562500000000000111e-01
5.000000000000000000e-01 5.937500000000000000e-01 3.562500000000000111e-01
5.000000000000000000e-01 6.162500000000000755e-01 3.890625000000000333e-01
5.000000000000000000e-01 6.387500000000000400e-01 3.890625000000000333e-01
5.000000000000000000e-01 6.612500000000000044e-01 3.671875000000000000e-01
5.000000000000000000e-01 6.612500000000000044e-01 3.890625000000000333e-01
5.000000000000000000e-01 6.837499999999999689e-01 2.687499999999999889e-01
5.000000000000000000e-01 6.837499999999999689e-01 3.343750000000000333e-01
5.000000000000000000e-01 6.837499999999999689e-01 3.781250000000000444e-01
5.000000000000000000e-01 6.837499999999999689e-01 3.671875000000000000e-01
5.000000000000000000e-01 7.062500000000000444e-01 4.000000000000000222e-01
5.000000000000000000e-01 7.287500000000000089e-01 3.562500000000000111e-01
5.000000000000000000e-01 5.656250000000000444e-01 3.781250000000000444e-01
5.000000000000000000e-01 5.768750000000000266e-01 3.781250000000000444e-01
5.000000000000000000e-01 6.556250000000000133e-01 3.343750000000000333e-01
5.000000000000000000e-01 6.556250000000000133e-01 3.781250000000000444e-01
5.000000000000000000e-01 6.668749999999999956e-01 3.343750000000000333e-01
5.000000000000000000e-01 6.668749999999999956e-01 3.781250000000000444e-01
5.000000000000000000e-01 6.893749999999999600e-01 3.125000000000000000e-01
5.000000000000000000e-01 7.118750000000000355e-01 2.250000000000000056e-01
5.000000000000000000e-01 7.231250000000000178e-01 3.781250000000000444e-01
5.000000000000000000e-01 7.343750000000000000e-01 3.781250000000000444e-01
5.000000000000000000e-01 5.853125000000000133e-01 4.000000000000000222e-01
5.000000000000000000e-01 5.965624999999999956e-01 3.125000000000000000e-01
5.000000000000000000e-01 6.134375000000000799e-01 3.125000000000000000e-01
5.000000000000000000e-01 6.415625000000000355e-01 4.000000000000000222e-01
5.000000000000000000e-01 6.471875000000000266e-01 4.000000000000000222e-01
5.000000000000000000e-01 6.809374999999999734e-01 4.000000000000000222e-01
5.000000000000000000e-01 6.865624999999999645e-01 3.562500000000000111e-01
5.000000000000000000e-01 6.921874999999999556e-01 3.562500000000000111e-01
5.000000000000000000e-01 5.951562500000000533e-01 2.250000000000000056e-01
5.000000000000000000e-01 5.979687500000000488e-01 2.250000000000000056e-01
5.000000000000000000e-01 6.092187500000000311e-01 2.250000000000000056e-01
5.000000000000000000e-01 6.120312500000000266e-01 2.250000000000000056e-01
5.000000000000000000e-01 6.289062500000000000e-01 2.250000000000000056e-01
5.000000000000000000e-01 6.317187499999999956e-01 2.250000000000000056e-01
5.000000000000000000e-01 6.345312499999999911e-01 2.250000000000000056e-01
5.000000000000000000e-01 6.373437499999999867e-01 2.250000000000000056e-01
5.000000000000000000e-01 5.944531250000000266e-01 4.000000000000000222e-01
5.000000000000000000e-01 5.958593750000000799e-01 4.000000000000000222e-01
5.000000000000000000e-01 5.972656250000000222e-01 4.000000000000000222e-01
5.000000000000000000e-01 5.986718750000000755e-01 4.000000000000000222e-01
5.000000000000000000e-01 6.014843750000000711e-01 4.000000000000000222e-01
5.000000000000000000e-01 6.028906250000000133e-01 4.000000000000000222e-01
5.000000000000000000e-01 6.042968750000000666e-01 4.000000000000000222e-01
5.000000000000000000e-01 6.085156250000000044e-01 4.000000000000000222e-01
5.000000000000000000e-01 6.099218750000000577e-01 4.000000000000000222e-01
5.000000000000000000e-01 6.113281250000000000e-01 4.000000000000000222e-01
5.000000000000000000e-01 6.127343750000000533e-01 4.000000000000000222e-01
5.000000000000000000e-01 6.310156250000000799e-01 4.000000000000000222e-01
5.000000000000000000e-01 6.324218750000000222e-01 4.000000000000000222e-01
5.000000000000000000e-01 6.338281250000000755e-01 4.000000000000000222e-01
5.000000000000000000e-01 6.352343750000000178e-01 4.000000000000000222e-01
5.000000000000000000e-01 6.366406250000000711e-01 4.000000000000000222e-01
5.000000000000000000e-01 6.380468750000000133e-01 4.000000000000000222e-01
6.600000000000001421e-01 6.500000000000000222e-01 3.569335937500000000e-01
6.600000000000001421e-01 6.500000000000000222e-01 3.583007812499999778e-01
6.600000000000001421e-01 6.500000000000000222e-01 3.596679687500000111e-01
6.600000000000001421e-01 6.500000000000000222e-01 3.610351562500000444e-01
6.600000000000001421e-01 6.500000000000000222e-01 3.760742187500000222e-01
6.600000000000001421e-01 6.500000000000000222e-01 3.774414062500000000e-01
6.600000000000001421e-01 6.500000000000000222e-01 3.788085937500000333e-01
6.600000000000001421e-01 6.500000000000000222e-01 3.801757812500000111e-01
6.600000000000001421e-01 6.500000000000000222e-01 3.815429687500000444e-01
6.600000000000001421e-01 6.500000000000000222e-01 3.829101562500000222e-01
6.600000000000001421e-01 6.500000000000000222e-01 3.897460937500000222e-01
6.600000000000001421e-01 6.500000000000000222e-01 3.911132812500000000e-01
6.600000000000001421e-01 6.500000000000000222e-01 3.952148437500000444e-01
6.600000000000001421e-01 6.500000000000000222e-01 3.965820312500000222e-01
6.600000000000001421e-01 5.600000000000000533e-01 3.945312500000000000e-01
6.600000000000001421e-01 5.600000000000000533e-01 3.576171875000000444e-01
6.600000000000001421e-01 5.600000000000000533e-01 3.603515625000000000e-01
6.600000000000001421e-01 5.600000000000000533e-01 3.630859375000000111e-01
6.600000000000001421e-01 5.600000000000000533e-01 3.658203125000000222e-01
6.600000000000001421e-01 5.600000000000000533e-01 3.685546874999999778e-01
6.600000000000001421e-01 5.600000000000000533e-01 3.712890625000000444e-01
6.600000000000001421e-01 5.600000000000000533e-01 3.740234375000000000e-01
6.600000000000001421e-01 5.600000000000000533e-01 3.767578125000000111e-01
6.600000000000001421e-01 5.600000000000000533e-01 3.794921875000000222e-01
6.600000000000001421e-01 5.600000000000000533e-01 3.822265625000000333e-01
6.600000000000001421e-01 5.600000000000000533e-01 3.849609375000000444e-01
6.600000000000001421e-01 5.600000000000000533e-01 3.876953125000000000e-01
6.600000000000001421e-01 5.600000000000000533e-01 3.904296875000000111e-01
6.600000000000001421e-01 7.399999999999999911e-01 3.863281250000000222e-01
6.600000000000001421e-01 7.399999999999999911e-01 3.603515625000000000e-01
6.600000000000001421e-01 7.399999999999999911e-01 3.685546874999999778e-01
6.600000000000001421e-01 7.399999999999999911e-01 3.712890625000000444e-01
6.600000000000001421e-01 7.399999999999999911e-01 3.767578125000000111e-01
6.600000000000001421e-01 7.399999999999999911e-01 3.794921875000000222e-01
6.600000000000001421e-01 7.399999999999999911e-01 3.822265625000000333e-01
6.600000000000001421e-01 7.399999999999999911e-01 3.904296875000000111e-01
6.600000000000001421e-01 7.399999999999999911e-01 3.931640625000000222e-01
6.600000000000001421e-01 6.049999999999999822e-01 3.644531250000000444e-01
6.600000000000001421e-01 6.049999999999999822e-01 3.699218750000000111e-01
6.600000000000001421e-01 6.049999999999999822e-01 3.753906250000000333e-01
6.600000000000001421e-01 6.049999999999999822e-01 3.808593750000000000e-01
6.600000000000001421e-01 6.049999999999999822e-01 3.863281250000000222e-01
6.600000000000001421e-01 6.049999999999999822e-01 3.917968750000000444e-01
6.600000000000001421e-01 6.049999999999999822e-01 3.972656250000000111e-01
6.600000000000001421e-01 6.950000000000000622e-01 3.398437500000000000e-01
6.600000000000001421e-01 6.950000000000000622e-01 3.507812500000000444e-01
6.600000000000001421e-01 6.950000000000000622e-01 3.589843750000000222e-01
6.600000000000001421e-01 6.950000000000000622e-01 3.644531250000000444e-01
6.600000000000001421e-01 6.950000000000000622e-01 3.699218750000000111e-01
6.600000000000001421e-01 6.950000000000000622e-01 3.808593750000000000e-01
6.600000000000001421e-01 6.950000000000000622e-01 3.863281250000000222e-01
6.600000000000001421e-01 6.950000000000000622e-01 3.917968750000000444e-01
6.600000000000001421e-01 5.825000000000000178e-01 3.343750000000000333e-01
6.600000000000001421e-01 5.825000000000000178e-01 3.726562500000000222e-01
6.600000000000001421e-01 5.825000000000000178e-01 3.835937500000000111e-01
6.600000000000001421e-01 6.275000000000000577e-01 3.617187499999999778e-01
6.600000000000001421e-01 6.275000000000000577e-01 3.726562500000000222e-01
6.600000000000001421e-01 6.275000000000000577e-01 3.835937500000000111e-01
6.600000000000001421e-01 6.724999999999999867e-01 3.617187499999999778e-01
6.600000000000001421e-01 6.724999999999999867e-01 3.726562500000000222e-01
6.600000000000001421e-01 6.724999999999999867e-01 3.835937500000000111e-01
6.600000000000001421e-01 7.175000000000000266e-01 3.617187499999999778e-01
6.600000000000001421e-01 7.175000000000000266e-01 3.835937500000000111e-01
6.600000000000001421e-01 5.712500000000000355e-01 3.562500000000000111e-01
6.600000000000001421e-01 5.937500000000000000e-01 3.562500000000000111e-01
6.600000000000001421e-01 6.162500000000000755e-01 3.671875000000000000e-01
6.600000000000001421e-01 6.387500000000000400e-01 3.671875000000000000e-01
6.600000000000001421e-01 6.612500000000000044e-01 3.562500000000000111e-01
6.600000000000001421e-01 6.612500000000000044e-01 3.453125000000000222e-01
6.600000000000001421e-01 6.612500000000000044e-01 3.671875000000000000e-01
6.600000000000001421e-01 6.837499999999999689e-01 3.562500000000000111e-01
6.600000000000001421e-01 6.837499999999999689e-01 3.453125000000000222e-01
6.600000000000001421e-01 6.837499999999999689e-01 3.671875000000000000e-01
6.600000000000001421e-01 7.287500000000000089e-01 3.562500000000000111e-01
6.600000000000001421e-01 5.656250000000000444e-01 3.781250000000000444e-01
6.600000000000001421e-01 5.768750000000000266e-01 3.781250000000000444e-01
6.600000000000001421e-01 6.106250000000000844e-01 3.125000000000000000e-01
6.600000000000001421e-01 6.218750000000000666e-01 3.125000000000000000e-01
6.600000000000001421e-01 6.556250000000000133e-01 2.687499999999999889e-01
6.600000000000001421e-01 6.556250000000000133e-01 3.562500000000000111e-01
6.600000000000001421e-01 6.668749999999999956e-01 2.687499999999999889e-01
6.600000000000001421e-01 6.668749999999999956e-01 3.562500000000000111e-01
6.600000000000001421e-01 5.965624999999999956e-01 3.125000000000000000e-01
6.600000000000001421e-01 6.021875000000000977e-01 3.125000000000000000e-01
6.600000000000001421e-01 6.078125000000000888e-01 4.000000000000000222e-01
6.600000000000001421e-01 6.190625000000000711e-01 3.562500000000000111e-01
6.600000000000001421e-01 6.246875000000000622e-01 3.562500000000000111e-01
6.600000000000001421e-01 6.303125000000000533e-01 3.125000000000000000e-01
6.600000000000001421e-01 6.359375000000000444e-01 3.125000000000000000e-01
6.600000000000001421e-01 6.528125000000000178e-01 4.000000000000000222e-01
6.600000000000001421e-01 6.584375000000000089e-01 4.000000000000000222e-01
6.600000000000001421e-01 6.640625000000000000e-01 4.000000000000000222e-01
6.600000000000001421e-01 6.696874999999999911e-01 4.000000000000000222e-01
6.600000000000001421e-01 7.090625000000000400e-01 2.250000000000000056e-01
6.600000000000001421e-01 6.007812500000000444e-01 2.250000000000000056e-01
6.600000000000001421e-01 6.289062500000000000e-01 2.250000000000000056e-01
6.600000000000001421e-01 6.317187499999999956e-01 2.250000000000000056e-01
6.600000000000001421e-01 6.373437499999999867e-01 2.250000000000000056e-01
6.600000000000001421e-01 6.514062500000000755e-01 3.125000000000000000e-01
6.600000000000001421e-01 6.542187500000000711e-01 3.125000000000000000e-01
6.600000000000001421e-01 6.570312500000000666e-01 3.125000000000000000e-01
6.600000000000001421e-01 6.598437500000000622e-01 3.125000000000000000e-01
6.600000000000001421e-01 6.626562500000000577e-01 3.125000000000000000e-01
6.600000000000001421e-01 6.654687500000000533e-01 3.125000000000000000e-01
6.600000000000001421e-01 6.682812500000000488e-01 3.125000000000000000e-01
6.600000000000001421e-01 6.710937500000000444e-01 3.125000000000000000e-01
6.600000000000001421e-01 6.014843750000000711e-01 4.000000000000000222e-01
6.600000000000001421e-01 6.028906250000000133e-01 4.000000000000000222e-01
6.600000000000001421e-01 6.042968750000000666e-01 4.000000000000000222e-01
6.600000000000001421e-01 6.310156250000000799e-01 4.000000000000000222e-01
6.600000000000001421e-01 6.324218750000000222e-01 4.000000000000000222e-01
6.600000000000001421e-01 6.338281250000000755e-01 4.000000000000000222e-01
6.600000000000001421e-01 6.352343750000000178e-01 4.000000000000000222e-01
6.600000000000001421e-01 6.366406250000000711e-01 4.000000000000000222e-01
6.600000000000001421e-01 6.380468750000000133e-01 4.000000000000000222e-01
5.400000000000000355e-01 6.500000000000000222e-01 3.343750000000000333e-01
5.400000000000000355e-01 6.500000000000000222e-01 3.699218750000000111e-01
5.400000000000000355e-01 6.500000000000000222e-01 3.753906250000000333e-01
5.400000000000000355e-01 6.500000000000000222e-01 3.808593750000000000e-01
5.400000000000000355e-01 6.500000000000000222e-01 3.863281250000000222e-01
5.400000000000000355e-01 6.500000000000000222e-01 3.917968750000000444e-01
5.400000000000000355e-01 6.500000000000000222e-01 3.576171875000000444e-01
5.400000000000000355e-01 6.500000000000000222e-01 3.603515625000000000e-01
5.400000000000000355e-01 6.500000000000000222e-01 3.958984375000000333e-01
5.400000000000000355e-01 6.500000000000000222e-01 3.986328125000000444e-01
5.400000000000000355e-01 5.600000000000000533e-01 3.808593750000000000e-01
5.400000000000000355e-01 5.600000000000000533e-01 3.863281250000000222e-01
5.400000000000000355e-01 5.600000000000000533e-01 3.972656250000000111e-01
5.400000000000000355e-01 7.399999999999999911e-01 3.917968750000000444e-01
5.400000000000000355e-01 7.399999999999999911e-01 3.972656250000000111e-01
5.400000000000000355e-01 6.049999999999999822e-01 3.671875000000000000e-01
5.400000000000000355e-01 6.049999999999999822e-01 3.835937500000000111e-01
5.400000000000000355e-01 6.049999999999999822e-01 3.945312500000000000e-01
5.400000000000000355e-01 6.950000000000000622e-01 3.835937500000000111e-01
5.400000000000000355e-01 6.950000000000000622e-01 3.945312500000000000e-01
5.400000000000000355e-01 5.825000000000000178e-01 3.562500000000000111e-01
5.400000000000000355e-01 5.825000000000000178e-01 3.890625000000000333e-01
5.400000000000000355e-01 6.275000000000000577e-01 3.890625000000000333e-01
5.400000000000000355e-01 6.724999999999999867e-01 3.343750000000000333e-01
5.400000000000000355e-01 6.724999999999999867e-01 3.671875000000000000e-01
5.400000000000000355e-01 6.724999999999999867e-01 3.890625000000000333e-01
5.400000000000000355e-01 7.175000000000000266e-01 3.562500000000000111e-01
5.400000000000000355e-01 7.175000000000000266e-01 3.890625000000000333e-01
5.400000000000000355e-01 5.712500000000000355e-01 3.781250000000000444e-01
5.400000000000000355e-01 5.937500000000000000e-01 3.781250000000000444e-01
5.400000000000000355e-01 6.612500000000000044e-01 3.562500000000000111e-01
5.400000000000000355e-01 6.612500000000000044e-01 3.781250000000000444e-01
5.400000000000000355e-01 6.837499999999999689e-01 3.562500000000000111e-01
5.400000000000000355e-01 6.837499999999999689e-01 3.781250000000000444e-01
5.400000000000000355e-01 7.062500000000000444e-01 3.781250000000000444e-01
5.400000000000000355e-01 7.287500000000000089e-01 3.781250000000000444e-01
5.400000000000000355e-01 5.768750000000000266e-01 4.000000000000000222e-01
5.400000000000000355e-01 5.881250000000000089e-01 3.125000000000000000e-01
5.400000000000000355e-01 5.993749999999999911e-01 3.125000000000000000e-01
5.400000000000000355e-01 6.331250000000000488e-01 3.125000000000000000e-01
5.400000000000000355e-01 6.443750000000000311e-01 3.125000000000000000e-01
5.400000000000000355e-01 7.118750000000000355e-01 4.000000000000000222e-01
5.400000000000000355e-01 5.853125000000000133e-01 2.250000000000000056e-01
5.400000000000000355e-01 5.965624999999999956e-01 2.250000000000000056e-01
5.400000000000000355e-01 6.021875000000000977e-01 2.250000000000000056e-01
5.400000000000000355e-01 6.134375000000000799e-01 4.000000000000000222e-01
5.400000000000000355e-01 6.303125000000000533e-01 2.250000000000000056e-01
5.400000000000000355e-01 6.359375000000000444e-01 2.250000000000000056e-01
5.400000000000000355e-01 6.415625000000000355e-01 2.250000000000000056e-01
5.400000000000000355e-01 6.471875000000000266e-01 2.250000000000000056e-01
5.400000000000000355e-01 6.809374999999999734e-01 2.250000000000000056e-01
5.400000000000000355e-01 5.839062500000000711e-01 4.000000000000000222e-01
5.400000000000000355e-01 5.867187500000000666e-01 4.000000000000000222e-01
5.400000000000000355e-01 6.289062500000000000e-01 4.000000000000000222e-01
5.400000000000000355e-01 6.317187499999999956e-01 4.000000000000000222e-01
5.400000000000000355e-01 6.345312499999999911e-01 4.000000000000000222e-01
5.400000000000000355e-01 6.373437499999999867e-01 4.000000000000000222e-01
5.400000000000000355e-01 6.401562499999999822e-01 4.000000000000000222e-01
5.400000000000000355e-01 6.429687499999999778e-01 4.000000000000000222e-01
5.400000000000000355e-01 6.457812499999999734e-01 4.000000000000000222e-01
5.400000000000000355e-01 6.485937499999999689e-01 4.000000000000000222e-01
5.400000000000000355e-01 6.795312500000000311e-01 4.000000000000000222e-01
5.400000000000000355e-01 6.823437500000000266e-01 4.000000000000000222e-01
6.200000000000001066e-01 6.500000000000000222e-01 3.617187499999999778e-01
6.200000000000001066e-01 6.500000000000000222e-01 3.945312500000000000e-01
6.200000000000001066e-01 6.500000000000000222e-01 3.863281250000000222e-01
6.200000000000001066e-01 6.500000000000000222e-01 3.603515625000000000e-01
6.200000000000001066e-01 6.500000000000000222e-01 3.767578125000000111e-01
6.200000000000001066e-01 6.500000000000000222e-01 3.904296875000000111e-01
6.200000000000001066e-01 5.600000000000000533e-01 3.589843750000000222e-01
6.200000000000001066e-01 5.600000000000000533e-01 3.644531250000000444e-01
6.200000000000001066e-01 5.600000000000000533e-01 3.808593750000000000e-01
6.200000000000001066e-01 5.600000000000000533e-01 3.863281250000000222e-01
6.200000000000001066e-01 7.399999999999999911e-01 3.234375000000000444e-01
6.200000000000001066e-01 7.399999999999999911e-01 3.453125000000000222e-01
6.200000000000001066e-01 7.399999999999999911e-01 3.589843750000000222e-01
6.200000000000001066e-01 7.399999999999999911e-01 3.644531250000000444e-01
6.200000000000001066e-01 7.399999999999999911e-01 3.699218750000000111e-01
6.200000000000001066e-01 7.399999999999999911e-01 3.753906250000000333e-01
6.200000000000001066e-01 7.399999999999999911e-01 3.808593750000000000e-01
6.200000000000001066e-01 7.399999999999999911e-01 3.863281250000000222e-01
6.200000000000001066e-01 7.399999999999999911e-01 3.917968750000000444e-01
6.200000000000001066e-01 7.399999999999999911e-01 3.972656250000000111e-01
6.200000000000001066e-01 6.049999999999999822e-01 3.671875000000000000e-01
6.200000000000001066e-01 6.049999999999999822e-01 3.890625000000000333e-01
6.200000000000001066e-01 6.049999999999999822e-01 3.726562500000000222e-01
6.200000000000001066e-01 6.049999999999999822e-01 3.835937500000000111e-01
6.200000000000001066e-01 6.049999999999999822e-01 3.945312500000000000e-01
6.200000000000001066e-01 6.950000000000000622e-01 2.468750000000000111e-01
6.200000000000001066e-01 6.950000000000000622e-01 2.906250000000000222e-01
6.200000000000001066e-01 6.950000000000000622e-01 3.453125000000000222e-01
6.200000000000001066e-01 6.950000000000000622e-01 3.617187499999999778e-01
6.200000000000001066e-01 6.950000000000000622e-01 3.726562500000000222e-01
6.200000000000001066e-01 6.950000000000000622e-01 3.835937500000000111e-01
6.200000000000001066e-01 5.825000000000000178e-01 3.562500000000000111e-01
6.200000000000001066e-01 6.275000000000000577e-01 3.671875000000000000e-01
6.200000000000001066e-01 6.724999999999999867e-01 2.468750000000000111e-01
6.200000000000001066e-01 6.724999999999999867e-01 2.906250000000000222e-01
6.200000000000001066e-01 6.724999999999999867e-01 3.671875000000000000e-01
6.200000000000001066e-01 6.724999999999999867e-01 3.890625000000000333e-01
6.200000000000001066e-01 7.175000000000000266e-01 2.687499999999999889e-01
6.200000000000001066e-01 7.175000000000000266e-01 3.671875000000000000e-01
6.200000000000001066e-01 5.712500000000000355e-01 3.781250000000000444e-01
6.200000000000001066e-01 6.162500000000000755e-01 4.000000000000000222e-01
6.200000000000001066e-01 6.612500000000000044e-01 2.250000000000000056e-01
6.200000000000001066e-01 7.062500000000000444e-01 3.125000000000000000e-01
6.200000000000001066e-01 6.106250000000000844e-01 2.250000000000000056e-01
6.200000000000001066e-01 6.218750000000000666e-01 3.562500000000000111e-01
6.200000000000001066e-01 6.331250000000000488e-01 3.125000000000000000e-01
6.200000000000001066e-01 6.556250000000000133e-01 3.125000000000000000e-01
6.200000000000001066e-01 6.668749999999999956e-01 3.125000000000000000e-01
6.200000000000001066e-01 7.118750000000000355e-01 4.999999999999998890e-02
6.200000000000001066e-01 7.118750000000000355e-01 4.000000000000000222e-01
6.200000000000001066e-01 6.021875000000000977e-01 2.250000000000000056e-01
6.200000000000001066e-01 6.359375000000000444e-01 2.250000000000000056e-01
6.200000000000001066e-01 7.090625000000000400e-01 4.000000000000000222e-01
6.200000000000001066e-01 6.007812500000000444e-01 4.000000000000000222e-01
6.200000000000001066e-01 6.289062500000000000e-01 4.000000000000000222e-01
6.200000000000001066e-01 6.373437499999999867e-01 4.000000000000000222e-01
5.200000000000000178e-01 6.500000000000000222e-01 3.234375000000000444e-01
5.200000000000000178e-01 6.500000000000000222e-01 3.453125000000000222e-01
5.200000000000000178e-01 6.500000000000000222e-01 3.671875000000000000e-01
5.200000000000000178e-01 6.500000000000000222e-01 3.945312500000000000e-01
5.200000000000000178e-01 6.500000000000000222e-01 3.808593750000000000e-01
5.200000000000000178e-01 6.500000000000000222e-01 3.863281250000000222e-01
5.200000000000000178e-01 6.500000000000000222e-01 3.972656250000000111e-01
5.200000000000000178e-01 5.600000000000000533e-01 3.125000000000000000e-01
5.200000000000000178e-01 5.600000000000000533e-01 3.343750000000000333e-01
5.200000000000000178e-01 5.600000000000000533e-01 3.671875000000000000e-01
5.200000000000000178e-01 5.600000000000000533e-01 3.835937500000000111e-01
5.200000000000000178e-01 5.600000000000000533e-01 3.945312500000000000e-01
5.200000000000000178e-01 7.399999999999999911e-01 3.835937500000000111e-01
5.200000000000000178e-01 7.399999999999999911e-01 3.945312500000000000e-01
5.200000000000000178e-01 6.049999999999999822e-01 3.125000000000000000e-01
5.200000000000000178e-01 6.049999999999999822e-01 3.562500000000000111e-01
5.200000000000000178e-01 6.049999999999999822e-01 3.781250000000000444e-01
5.200000000000000178e-01 6.049999999999999822e-01 3.890625000000000333e-01
5.200000000000000178e-01 6.950000000000000622e-01 3.781250000000000444e-01
5.200000000000000178e-01 6.950000000000000622e-01 3.890625000000000333e-01
5.200000000000000178e-01 5.825000000000000178e-01 2.250000000000000056e-01
5.200000000000000178e-01 5.825000000000000178e-01 3.781250000000000444e-01
5.200000000000000178e-01 6.724999999999999867e-01 3.125000000000000000e-01
5.200000000000000178e-01 6.724999999999999867e-01 3.781250000000000444e-01
5.200000000000000178e-01 7.175000000000000266e-01 3.125000000000000000e-01
5.200000000000000178e-01 7.175000000000000266e-01 3.781250000000000444e-01
5.200000000000000178e-01 5.712500000000000355e-01 4.000000000000000222e-01
5.200000000000000178e-01 5.937500000000000000e-01 3.125000000000000000e-01
5.200000000000000178e-01 6.162500000000000755e-01 3.125000000000000000e-01
5.200000000000000178e-01 6.837499999999999689e-01 3.125000000000000000e-01
5.200000000000000178e-01 5.881250000000000089e-01 2.250000000000000056e-01
5.200000000000000178e-01 6.331250000000000488e-01 2.250000000000000056e-01
5.200000000000000178e-01 6.443750000000000311e-01 2.250000000000000056e-01
5.200000000000000178e-01 5.965624999999999956e-01 4.000000000000000222e-01
5.200000000000000178e-01 6.021875000000000977e-01 4.000000000000000222e-01
5.200000000000000178e-01 6.415625000000000355e-01 4.000000000000000222e-01
5.200000000000000178e-01 6.471875000000000266e-01 4.000000000000000222e-01
5.600000000000000533e-01 6.500000000000000222e-01 3.671875000000000000e-01
5.600000000000000533e-01 6.500000000000000222e-01 3.945312500000000000e-01
5.600000000000000533e-01 6.500000000000000222e-01 3.972656250000000111e-01
5.600000000000000533e-01 5.600000000000000533e-01 3.671875000000000000e-01
5.600000000000000533e-01 5.600000000000000533e-01 3.835937500000000111e-01
5.600000000000000533e-01 5.600000000000000533e-01 3.945312500000000000e-01
5.600000000000000533e-01 7.399999999999999911e-01 3.671875000000000000e-01
5.600000000000000533e-01 7.399999999999999911e-01 3.835937500000000111e-01
5.600000000000000533e-01 7.399999999999999911e-01 3.945312500000000000e-01
5.600000000000000533e-01 6.049999999999999822e-01 3.781250000000000444e-01
5.600000000000000533e-01 6.049999999999999822e-01 3.890625000000000333e-01
5.600000000000000533e-01 6.950000000000000622e-01 3.781250000000000444e-01
5.600000000000000533e-01 6.950000000000000622e-01 3.890625000000000333e-01
5.600000000000000533e-01 5.825000000000000178e-01 3.781250000000000444e-01
5.600000000000000533e-01 6.724999999999999867e-01 3.781250000000000444e-01
5.600000000000000533e-01 7.175000000000000266e-01 3.781250000000000444e-01
5.600000000000000533e-01 5.712500000000000355e-01 3.125000000000000000e-01
5.600000000000000533e-01 5.937500000000000000e-01 3.125000000000000000e-01
5.600000000000000533e-01 6.162500000000000755e-01 3.125000000000000000e-01
5.600000000000000533e-01 6.387500000000000400e-01 3.125000000000000000e-01
5.600000000000000533e-01 6.837499999999999689e-01 3.125000000000000000e-01
5.600000000000000533e-01 5.768750000000000266e-01 2.250000000000000056e-01
5.600000000000000533e-01 5.881250000000000089e-01 2.250000000000000056e-01
5.600000000000000533e-01 5.993749999999999911e-01 2.250000000000000056e-01
5.600000000000000533e-01 6.106250000000000844e-01 2.250000000000000056e-01
5.600000000000000533e-01 6.218750000000000666e-01 2.250000000000000056e-01
5.600000000000000533e-01 6.331250000000000488e-01 2.250000000000000056e-01
5.600000000000000533e-01 6.443750000000000311e-01 2.250000000000000056e-01
5.600000000000000533e-01 5.740625000000000311e-01 4.000000000000000222e-01
5.600000000000000533e-01 5.796875000000000222e-01 4.000000000000000222e-01
5.600000000000000533e-01 5.853125000000000133e-01 4.000000000000000222e-01
5.600000000000000533e-01 5.909375000000000044e-01 4.000000000000000222e-01
5.600000000000000533e-01 5.965624999999999956e-01 4.000000000000000222e-01
5.600000000000000533e-01 6.021875000000000977e-01 4.000000000000000222e-01
5.600000000000000533e-01 6.190625000000000711e-01 4.000000000000000222e-01
5.600000000000000533e-01 6.246875000000000622e-01 4.000000000000000222e-01
6.000000000000000888e-01 6.500000000000000222e-01 3.671875000000000000e-01
6.000000000000000888e-01 6.500000000000000222e-01 3.890625000000000333e-01
6.000000000000000888e-01 5.600000000000000533e-01 3.890625000000000333e-01
6.000000000000000888e-01 5.600000000000000533e-01 3.617187499999999778e-01
6.000000000000000888e-01 5.600000000000000533e-01 3.726562500000000222e-01
6.000000000000000888e-01 5.600000000000000533e-01 3.835937500000000111e-01
6.000000000000000888e-01 7.399999999999999911e-01 3.617187499999999778e-01
6.000000000000000888e-01 7.399999999999999911e-01 3.726562500000000222e-01
6.000000000000000888e-01 7.399999999999999911e-01 3.835937500000000111e-01
6.000000000000000888e-01 7.399999999999999911e-01 3.945312500000000000e-01
6.000000000000000888e-01 6.049999999999999822e-01 3.562500000000000111e-01
6.000000000000000888e-01 6.950000000000000622e-01 3.125000000000000000e-01
6.000000000000000888e-01 6.950000000000000622e-01 3.781250000000000444e-01
6.000000000000000888e-01 5.825000000000000178e-01 3.781250000000000444e-01
6.000000000000000888e-01 6.724999999999999867e-01 2.687499999999999889e-01
6.000000000000000888e-01 6.387500000000000400e-01 4.000000000000000222e-01
6.000000000000000888e-01 6.612500000000000044e-01 4.000000000000000222e-01
6.000000000000000888e-01 6.106250000000000844e-01 4.000000000000000222e-01
6.000000000000000888e-01 6.331250000000000488e-01 2.250000000000000056e-01
6.000000000000000888e-01 6.556250000000000133e-01 3.125000000000000000e-01
6.000000000000000888e-01 6.668749999999999956e-01 3.125000000000000000e-01
6.000000000000000888e-01 6.359375000000000444e-01 4.000000000000000222e-01
6.400000000000001243e-01 6.500000000000000222e-01 3.234375000000000444e-01
6.400000000000001243e-01 6.500000000000000222e-01 3.453125000000000222e-01
6.400000000000001243e-01 6.500000000000000222e-01 3.671875000000000000e-01
6.400000000000001243e-01 6.500000000000000222e-01 3.890625000000000333e-01
6.400000000000001243e-01 5.600000000000000533e-01 3.125000000000000000e-01
6.400000000000001243e-01 5.600000000000000533e-01 3.890625000000000333e-01
6.400000000000001243e-01 5.600000000000000533e-01 3.835937500000000111e-01
6.400000000000001243e-01 7.399999999999999911e-01 3.398437500000000000e-01
6.400000000000001243e-01 7.399999999999999911e-01 3.507812500000000444e-01
6.400000000000001243e-01 7.399999999999999911e-01 3.617187499999999778e-01
6.400000000000001243e-01 7.399999999999999911e-01 3.726562500000000222e-01
6.400000000000001243e-01 7.399999999999999911e-01 3.835937500000000111e-01
6.400000000000001243e-01 7.399999999999999911e-01 3.945312500000000000e-01
6.400000000000001243e-01 6.049999999999999822e-01 3.562500000000000111e-01
6.400000000000001243e-01 6.950000000000000622e-01 1.593749999999999889e-01
6.400000000000001243e-01 6.950000000000000622e-01 3.343750000000000333e-01
6.400000000000001243e-01 6.950000000000000622e-01 3.781250000000000444e-01
6.400000000000001243e-01 5.825000000000000178e-01 3.781250000000000444e-01
6.400000000000001243e-01 6.724999999999999867e-01 2.468750000000000111e-01
6.400000000000001243e-01 6.724999999999999867e-01 2.906250000000000222e-01
6.400000000000001243e-01 7.175000000000000266e-01 2.250000000000000056e-01
6.400000000000001243e-01 7.175000000000000266e-01 2.468750000000000111e-01
6.400000000000001243e-01 7.175000000000000266e-01 2.906250000000000222e-01
6.400000000000001243e-01 5.937500000000000000e-01 3.125000000000000000e-01
6.400000000000001243e-01 6.387500000000000400e-01 4.000000000000000222e-01
6.400000000000001243e-01 6.612500000000000044e-01 4.000000000000000222e-01
6.400000000000001243e-01 6.612500000000000044e-01 2.687499999999999889e-01
6.400000000000001243e-01 6.837499999999999689e-01 2.687499999999999889e-01
6.400000000000001243e-01 7.062500000000000444e-01 4.000000000000000222e-01
6.400000000000001243e-01 7.062500000000000444e-01 2.687499999999999889e-01
6.400000000000001243e-01 7.287500000000000089e-01 2.687499999999999889e-01
6.400000000000001243e-01 5.881250000000000089e-01 4.000000000000000222e-01
6.400000000000001243e-01 5.993749999999999911e-01 4.000000000000000222e-01
6.400000000000001243e-01 6.106250000000000844e-01 4.000000000000000222e-01
6.400000000000001243e-01 6.331250000000000488e-01 2.250000000000000056e-01
6.400000000000001243e-01 7.006250000000000533e-01 3.125000000000000000e-01
6.400000000000001243e-01 7.118750000000000355e-01 3.125000000000000000e-01
6.400000000000001243e-01 6.359375000000000444e-01 4.000000000000000222e-01
5.100000000000000089e-01 6.500000000000000222e-01 3.125000000000000000e-01
5.100000000000000089e-01 6.500000000000000222e-01 3.781250000000000444e-01
5.100000000000000089e-01 6.500000000000000222e-01 3.890625000000000333e-01
5.100000000000000089e-01 5.600000000000000533e-01 3.562500000000000111e-01
5.100000000000000089e-01 7.399999999999999911e-01 3.890625000000000333e-01
5.100000000000000089e-01 5.825000000000000178e-01 4.000000000000000222e-01
5.100000000000000089e-01 5.937500000000000000e-01 2.250000000000000056e-01
5.100000000000000089e-01 6.162500000000000755e-01 2.250000000000000056e-01
5.100000000000000089e-01 5.881250000000000089e-01 4.000000000000000222e-01
5.100000000000000089e-01 6.106250000000000844e-01 4.000000000000000222e-01
5.100000000000000089e-01 6.218750000000000666e-01 4.000000000000000222e-01
5.100000000000000089e-01 6.331250000000000488e-01 4.000000000000000222e-01
5.100000000000000089e-01 6.443750000000000311e-01 4.000000000000000222e-01
5.300000000000000266e-01 6.500000000000000222e-01 3.343750000000000333e-01
5.300000000000000266e-01 6.500000000000000222e-01 3.781250000000000444e-01
5.300000000000000266e-01 6.500000000000000222e-01 3.890625000000000333e-01
5.300000000000000266e-01 5.600000000000000533e-01 3.562500000000000111e-01
5.300000000000000266e-01 7.399999999999999911e-01 3.343750000000000333e-01
5.300000000000000266e-01 7.399999999999999911e-01 3.671875000000000000e-01
5.300000000000000266e-01 7.399999999999999911e-01 3.890625000000000333e-01
5.300000000000000266e-01 6.950000000000000622e-01 2.687499999999999889e-01
5.300000000000000266e-01 6.950000000000000622e-01 3.562500000000000111e-01
5.300000000000000266e-01 5.825000000000000178e-01 3.125000000000000000e-01
5.300000000000000266e-01 6.275000000000000577e-01 3.125000000000000000e-01
5.300000000000000266e-01 6.724999999999999867e-01 4.000000000000000222e-01
5.300000000000000266e-01 7.175000000000000266e-01 4.000000000000000222e-01
5.300000000000000266e-01 5.937500000000000000e-01 2.250000000000000056e-01
5.300000000000000266e-01 6.162500000000000755e-01 2.250000000000000056e-01
5.300000000000000266e-01 6.387500000000000400e-01 2.250000000000000056e-01
5.300000000000000266e-01 6.612500000000000044e-01 3.125000000000000000e-01
5.300000000000000266e-01 6.837499999999999689e-01 3.125000000000000000e-01
5.300000000000000266e-01 5.881250000000000089e-01 4.000000000000000222e-01
5.300000000000000266e-01 5.993749999999999911e-01 4.000000000000000222e-01
5.300000000000000266e-01 6.106250000000000844e-01 4.000000000000000222e-01
5.300000000000000266e-01 6.218750000000000666e-01 4.000000000000000222e-01
5.300000000000000266e-01 6.331250000000000488e-01 4.000000000000000222e-01
5.300000000000000266e-01 6.443750000000000311e-01 4.000000000000000222e-01
5.500000000000000444e-01 6.500000000000000222e-01 3.781250000000000444e-01
5.500000000000000444e-01 5.600000000000000533e-01 3.562500000000000111e-01
5.500000000000000444e-01 5.600000000000000533e-01 3.890625000000000333e-01
5.500000000000000444e-01 7.399999999999999911e-01 3.890625000000000333e-01
5.500000000000000444e-01 6.275000000000000577e-01 3.125000000000000000e-01
5.500000000000000444e-01 5.712500000000000355e-01 4.000000000000000222e-01
5.500000000000000444e-01 5.937500000000000000e-01 2.250000000000000056e-01
5.500000000000000444e-01 6.162500000000000755e-01 2.250000000000000056e-01
5.500000000000000444e-01 6.387500000000000400e-01 2.250000000000000056e-01
5.500000000000000444e-01 5.881250000000000089e-01 4.000000000000000222e-01
5.500000000000000444e-01 5.993749999999999911e-01 4.000000000000000222e-01
5.500000000000000444e-01 6.106250000000000844e-01 4.000000000000000222e-01
5.500000000000000444e-01 6.218750000000000666e-01 4.000000000000000222e-01
5.500000000000000444e-01 6.331250000000000488e-01 4.000000000000000222e-01
5.500000000000000444e-01 6.443750000000000311e-01 4.000000000000000222e-01
5.700000000000000622e-01 6.500000000000000222e-01 3.781250000000000444e-01
5.700000000000000622e-01 5.600000000000000533e-01 3.562500000000000111e-01
5.700000000000000622e-01 5.600000000000000533e-01 3.890625000000000333e-01
5.700000000000000622e-01 7.399999999999999911e-01 3.562500000000000111e-01
5.700000000000000622e-01 7.399999999999999911e-01 3.890625000000000333e-01
5.700000000000000622e-01 5.825000000000000178e-01 3.125000000000000000e-01
5.700000000000000622e-01 6.275000000000000577e-01 3.125000000000000000e-01
5.700000000000000622e-01 6.162500000000000755e-01 2.250000000000000056e-01
5.700000000000000622e-01 6.387500000000000400e-01 2.250000000000000056e-01
5.700000000000000622e-01 5.993749999999999911e-01 4.000000000000000222e-01
5.700000000000000622e-01 6.106250000000000844e-01 4.000000000000000222e-01
5.700000000000000622e-01 6.218750000000000666e-01 4.000000000000000222e-01
5.700000000000000622e-01 6.331250000000000488e-01 4.000000000000000222e-01
5.700000000000000622e-01 6.443750000000000311e-01 4.000000000000000222e-01
5.900000000000000799e-01 6.500000000000000222e-01 3.125000000000000000e-01
5.900000000000000799e-01 6.500000000000000222e-01 3.781250000000000444e-01
5.900000000000000799e-01 5.600000000000000533e-01 3.562500000000000111e-01
5.900000000000000799e-01 7.399999999999999911e-01 3.671875000000000000e-01
5.900000000000000799e-01 7.399999999999999911e-01 3.890625000000000333e-01
5.900000000000000799e-01 6.049999999999999822e-01 3.781250000000000444e-01
5.900000000000000799e-01 6.950000000000000622e-01 3.562500000000000111e-01
5.900000000000000799e-01 6.331250000000000488e-01 4.000000000000000222e-01
6.100000000000000977e-01 6.500000000000000222e-01 3.343750000000000333e-01
6.100000000000000977e-01 6.500000000000000222e-01 3.781250000000000444e-01
6.100000000000000977e-01 7.399999999999999911e-01 3.234375000000000444e-01
6.100000000000000977e-01 7.399999999999999911e-01 3.453125000000000222e-01
6.100000000000000977e-01 7.399999999999999911e-01 3.671875000000000000e-01
6.100000000000000977e-01 7.399999999999999911e-01 3.890625000000000333e-01
6.100000000000000977e-01 6.049999999999999822e-01 3.781250000000000444e-01
6.100000000000000977e-01 6.950000000000000622e-01 2.687499999999999889e-01
6.100000000000000977e-01 7.175000000000000266e-01 3.125000000000000000e-01
6.100000000000000977e-01 6.331250000000000488e-01 4.000000000000000222e-01
6.300000000000001155e-01 6.500000000000000222e-01 3.781250000000000444e-01
6.300000000000001155e-01 5.600000000000000533e-01 3.562500000000000111e-01
6.300000000000001155e-01 7.399999999999999911e-01 1.593749999999999889e-01
6.300000000000001155e-01 7.399999999999999911e-01 3.671875000000000000e-01
6.300000000000001155e-01 7.399999999999999911e-01 3.890625000000000333e-01
6.300000000000001155e-01 5.825000000000000178e-01 4.000000000000000222e-01
6.300000000000001155e-01 7.175000000000000266e-01 2.250000000000000056e-01
6.300000000000001155e-01 5.937500000000000000e-01 2.250000000000000056e-01
6.300000000000001155e-01 7.062500000000000444e-01 4.000000000000000222e-01
6.300000000000001155e-01 7.287500000000000089e-01 4.000000000000000222e-01
6.300000000000001155e-01 6.331250000000000488e-01 4.000000000000000222e-01
6.500000000000001332e-01 6.500000000000000222e-01 3.781250000000000444e-01
6.500000000000001332e-01 5.600000000000000533e-01 3.562500000000000111e-01
6.500000000000001332e-01 7.399999999999999911e-01 1.593749999999999889e-01
6.500000000000001332e-01 7.399999999999999911e-01 3.671875000000000000e-01
6.500000000000001332e-01 7.399999999999999911e-01 3.890625000000000333e-01
6.500000000000001332e-01 5.937500000000000000e-01 2.250000000000000056e-01
6.500000000000001332e-01 6.331250000000000488e-01 4.000000000000000222e-01
5.050000000000001155e-01 6.500000000000000222e-01 3.562500000000000111e-01
5.050000000000001155e-01 5.600000000000000533e-01 3.781250000000000444e-01
5.050000000000001155e-01 6.049999999999999822e-01 4.000000000000000222e-01
5.050000000000001155e-01 6.275000000000000577e-01 2.250000000000000056e-01
5.150000000000000133e-01 6.500000000000000222e-01 3.562500000000000111e-01
5.150000000000000133e-01 5.600000000000000533e-01 3.781250000000000444e-01
5.150000000000000133e-01 6.049999999999999822e-01 4.000000000000000222e-01
5.150000000000000133e-01 6.275000000000000577e-01 2.250000000000000056e-01
5.250000000000000222e-01 6.500000000000000222e-01 3.562500000000000111e-01
5.250000000000000222e-01 7.399999999999999911e-01 3.562500000000000111e-01
5.250000000000000222e-01 6.049999999999999822e-01 3.125000000000000000e-01
5.250000000000000222e-01 5.825000000000000178e-01 2.250000000000000056e-01
5.250000000000000222e-01 6.275000000000000577e-01 2.250000000000000056e-01
5.250000000000000222e-01 6.724999999999999867e-01 2.250000000000000056e-01
5.250000000000000222e-01 5.712500000000000355e-01 4.000000000000000222e-01
5.250000000000000222e-01 5.937500000000000000e-01 4.000000000000000222e-01
5.250000000000000222e-01 6.162500000000000755e-01 4.000000000000000222e-01
5.250000000000000222e-01 6.387500000000000400e-01 4.000000000000000222e-01
5.250000000000000222e-01 6.612500000000000044e-01 4.000000000000000222e-01
5.250000000000000222e-01 6.837499999999999689e-01 4.000000000000000222e-01
5.350000000000000311e-01 6.500000000000000222e-01 3.562500000000000111e-01
5.350000000000000311e-01 7.399999999999999911e-01 3.562500000000000111e-01
5.350000000000000311e-01 6.049999999999999822e-01 3.125000000000000000e-01
5.350000000000000311e-01 5.825000000000000178e-01 2.250000000000000056e-01
5.350000000000000311e-01 6.275000000000000577e-01 2.250000000000000056e-01
5.350000000000000311e-01 5.712500000000000355e-01 4.000000000000000222e-01
5.350000000000000311e-01 5.937500000000000000e-01 4.000000000000000222e-01
5.350000000000000311e-01 6.162500000000000755e-01 4.000000000000000222e-01
5.350000000000000311e-01 6.387500000000000400e-01 4.000000000000000222e-01
5.450000000000000400e-01 6.500000000000000222e-01 3.125000000000000000e-01
5.450000000000000400e-01 6.500000000000000222e-01 3.890625000000000333e-01
5.450000000000000400e-01 5.600000000000000533e-01 3.781250000000000444e-01
5.450000000000000400e-01 5.937500000000000000e-01 4.000000000000000222e-01
5.450000000000000400e-01 6.162500000000000755e-01 4.000000000000000222e-01
5.450000000000000400e-01 6.387500000000000400e-01 4.000000000000000222e-01
5.550000000000000488e-01 6.500000000000000222e-01 3.890625000000000333e-01
5.550000000000000488e-01 5.600000000000000533e-01 3.781250000000000444e-01
5.550000000000000488e-01 6.950000000000000622e-01 2.250000000000000056e-01
5.550000000000000488e-01 6.724999999999999867e-01 4.000000000000000222e-01
5.550000000000000488e-01 7.175000000000000266e-01 4.000000000000000222e-01
5.550000000000000488e-01 5.937500000000000000e-01 4.000000000000000222e-01
5.550000000000000488e-01 6.162500000000000755e-01 4.000000000000000222e-01
5.550000000000000488e-01 6.387500000000000400e-01 4.000000000000000222e-01
5.650000000000000577e-01 5.600000000000000533e-01 3.781250000000000444e-01
5.650000000000000577e-01 6.049999999999999822e-01 3.125000000000000000e-01
5.650000000000000577e-01 5.825000000000000178e-01 2.250000000000000056e-01
5.650000000000000577e-01 6.275000000000000577e-01 2.250000000000000056e-01
5.650000000000000577e-01 5.712500000000000355e-01 4.000000000000000222e-01
5.650000000000000577e-01 5.937500000000000000e-01 4.000000000000000222e-01
5.650000000000000577e-01 6.162500000000000755e-01 4.000000000000000222e-01
5.650000000000000577e-01 6.387500000000000400e-01 4.000000000000000222e-01
5.750000000000000666e-01 5.600000000000000533e-01 3.781250000000000444e-01
5.750000000000000666e-01 6.162500000000000755e-01 4.000000000000000222e-01
5.750000000000000666e-01 6.387500000000000400e-01 4.000000000000000222e-01
5.850000000000000755e-01 6.500000000000000222e-01 3.562500000000000111e-01
5.850000000000000755e-01 7.399999999999999911e-01 3.781250000000000444e-01
5.950000000000000844e-01 6.500000000000000222e-01 3.562500000000000111e-01
5.950000000000000844e-01 7.399999999999999911e-01 3.125000000000000000e-01
5.950000000000000844e-01 7.399999999999999911e-01 3.781250000000000444e-01
6.050000000000000933e-01 7.399999999999999911e-01 3.343750000000000333e-01
6.050000000000000933e-01 7.399999999999999911e-01 3.781250000000000444e-01
6.150000000000001021e-01 6.500000000000000222e-01 3.562500000000000111e-01
6.150000000000001021e-01 7.399999999999999911e-01 3.125000000000000000e-01
6.150000000000001021e-01 7.399999999999999911e-01 3.343750000000000333e-01
6.150000000000001021e-01 7.399999999999999911e-01 3.781250000000000444e-01
6.250000000000001110e-01 6.500000000000000222e-01 2.687499999999999889e-01
6.250000000000001110e-01 6.500000000000000222e-01 3.562500000000000111e-01
6.250000000000001110e-01 5.600000000000000533e-01 3.125000000000000000e-01
6.250000000000001110e-01 5.600000000000000533e-01 3.781250000000000444e-01
6.250000000000001110e-01 7.399999999999999911e-01 3.781250000000000444e-01
6.250000000000001110e-01 7.175000000000000266e-01 4.000000000000000222e-01
6.250000000000001110e-01 5.937500000000000000e-01 4.000000000000000222e-01
6.350000000000001199e-01 6.500000000000000222e-01 3.562500000000000111e-01
6.350000000000001199e-01 5.600000000000000533e-01 3.781250000000000444e-01
6.350000000000001199e-01 7.399999999999999911e-01 3.781250000000000444e-01
6.350000000000001199e-01 5.937500000000000000e-01 4.000000000000000222e-01
6.450000000000001288e-01 6.500000000000000222e-01 3.125000000000000000e-01
6.450000000000001288e-01 5.600000000000000533e-01 3.781250000000000444e-01
6.450000000000001288e-01 7.399999999999999911e-01 2.687499999999999889e-01
6.450000000000001288e-01 7.399999999999999911e-01 3.781250000000000444e-01
6.450000000000001288e-01 5.937500000000000000e-01 4.000000000000000222e-01
6.550000000000000266e-01 6.500000000000000222e-01 3.125000000000000000e-01
6.550000000000000266e-01 5.600000000000000533e-01 3.781250000000000444e-01
6.550000000000000266e-01 7.399999999999999911e-01 3.781250000000000444e-01
6.550000000000000266e-01 5.937500000000000000e-01 4.000000000000000222e-01
5.025000000000000577e-01 6.275000000000000577e-01 4.000000000000000222e-01
5.075000000000000622e-01 6.275000000000000577e-01 4.000000000000000222e-01
5.125000000000000666e-01 6.275000000000000577e-01 4.000000000000000222e-01
5.175000000000000711e-01 6.275000000000000577e-01 4.000000000000000222e-01
5.225000000000000755e-01 6.500000000000000222e-01 2.687499999999999889e-01
5.225000000000000755e-01 6.500000000000000222e-01 3.562500000000000111e-01
5.225000000000000755e-01 5.600000000000000533e-01 3.125000000000000000e-01
5.225000000000000755e-01 7.399999999999999911e-01 3.125000000000000000e-01
5.225000000000000755e-01 6.049999999999999822e-01 2.250000000000000056e-01
5.225000000000000755e-01 5.825000000000000178e-01 4.000000000000000222e-01
5.225000000000000755e-01 6.275000000000000577e-01 4.000000000000000222e-01
5.275000000000000799e-01 5.825000000000000178e-01 4.000000000000000222e-01
5.275000000000000799e-01 6.275000000000000577e-01 4.000000000000000222e-01
5.325000000000000844e-01 5.600000000000000533e-01 3.125000000000000000e-01
5.325000000000000844e-01 7.399999999999999911e-01 3.125000000000000000e-01
5.325000000000000844e-01 6.275000000000000577e-01 4.000000000000000222e-01
5.375000000000000888e-01 7.399999999999999911e-01 3.125000000000000000e-01
5.375000000000000888e-01 6.049999999999999822e-01 2.250000000000000056e-01
5.375000000000000888e-01 5.825000000000000178e-01 4.000000000000000222e-01
5.375000000000000888e-01 6.275000000000000577e-01 4.000000000000000222e-01
5.425000000000000933e-01 6.500000000000000222e-01 2.250000000000000056e-01
5.425000000000000933e-01 5.600000000000000533e-01 4.000000000000000222e-01
5.425000000000000933e-01 7.399999999999999911e-01 2.250000000000000056e-01
5.425000000000000933e-01 7.399999999999999911e-01 3.125000000000000000e-01
5.425000000000000933e-01 6.950000000000000622e-01 4.000000000000000222e-01
5.475000000000000977e-01 7.399999999999999911e-01 2.250000000000000056e-01
5.475000000000000977e-01 7.399999999999999911e-01 3.125000000000000000e-01
5.475000000000000977e-01 6.950000000000000622e-01 4.000000000000000222e-01
5.525000000000001021e-01 6.950000000000000622e-01 4.000000000000000222e-01
5.575000000000001066e-01 6.950000000000000622e-01 4.000000000000000222e-01
5.625000000000001110e-01 5.825000000000000178e-01 4.000000000000000222e-01
5.675000000000001155e-01 5.825000000000000178e-01 4.000000000000000222e-01
5.925000000000000266e-01 7.399999999999999911e-01 3.562500000000000111e-01
5.975000000000000311e-01 7.399999999999999911e-01 3.562500000000000111e-01
6.125000000000000444e-01 7.399999999999999911e-01 3.562500000000000111e-01
6.175000000000000488e-01 7.399999999999999911e-01 3.562500000000000111e-01
6.225000000000000533e-01 6.500000000000000222e-01 2.250000000000000056e-01
6.225000000000000533e-01 6.500000000000000222e-01 3.125000000000000000e-01
6.225000000000000533e-01 5.600000000000000533e-01 4.000000000000000222e-01
6.225000000000000533e-01 7.399999999999999911e-01 4.999999999999998890e-02
6.225000000000000533e-01 6.950000000000000622e-01 4.000000000000000222e-01
6.275000000000000577e-01 6.500000000000000222e-01 2.250000000000000056e-01
6.275000000000000577e-01 6.500000000000000222e-01 3.125000000000000000e-01
6.275000000000000577e-01 5.600000000000000533e-01 4.000000000000000222e-01
6.275000000000000577e-01 6.950000000000000622e-01 4.000000000000000222e-01
6.325000000000000622e-01 7.399999999999999911e-01 3.562500000000000111e-01
6.325000000000000622e-01 6.950000000000000622e-01 4.000000000000000222e-01
6.375000000000000666e-01 6.500000000000000222e-01 3.125000000000000000e-01
6.375000000000000666e-01 7.399999999999999911e-01 2.687499999999999889e-01
6.375000000000000666e-01 7.399999999999999911e-01 3.562500000000000111e-01
6.375000000000000666e-01 6.950000000000000622e-01 4.000000000000000222e-01
6.425000000000000711e-01 7.399999999999999911e-01 3.125000000000000000e-01
6.425000000000000711e-01 6.950000000000000622e-01 4.000000000000000222e-01
6.475000000000000755e-01 7.399999999999999911e-01 3.125000000000000000e-01
6.475000000000000755e-01 6.950000000000000622e-01 4.000000000000000222e-01
5.212500000000001021e-01 6.500000000000000222e-01 3.125000000000000000e-01
5.212500000000001021e-01 5.600000000000000533e-01 2.250000000000000056e-01
5.212500000000001021e-01 7.399999999999999911e-01 2.250000000000000056e-01
5.212500000000001021e-01 6.049999999999999822e-01 4.000000000000000222e-01
5.212500000000001021e-01 6.950000000000000622e-01 4.000000000000000222e-01
5.237500000000000488e-01 6.500000000000000222e-01 3.125000000000000000e-01
5.237500000000000488e-01 5.600000000000000533e-01 2.250000000000000056e-01
5.237500000000000488e-01 6.049999999999999822e-01 4.000000000000000222e-01
5.337500000000000577e-01 6.500000000000000222e-01 3.125000000000000000e-01
5.337500000000000577e-01 5.600000000000000533e-01 2.250000000000000056e-01
5.337500000000000577e-01 7.399999999999999911e-01 2.250000000000000056e-01
5.337500000000000577e-01 6.049999999999999822e-01 4.000000000000000222e-01
5.337500000000000577e-01 6.950000000000000622e-01 4.000000000000000222e-01
5.387500000000000622e-01 6.500000000000000222e-01 3.125000000000000000e-01
5.387500000000000622e-01 5.600000000000000533e-01 2.250000000000000056e-01
5.387500000000000622e-01 7.399999999999999911e-01 2.250000000000000056e-01
5.387500000000000622e-01 6.049999999999999822e-01 4.000000000000000222e-01
5.387500000000000622e-01 6.950000000000000622e-01 4.000000000000000222e-01
5.412500000000000089e-01 6.500000000000000222e-01 4.000000000000000222e-01
5.437500000000000666e-01 6.500000000000000222e-01 4.000000000000000222e-01
6.212500000000000799e-01 6.500000000000000222e-01 4.000000000000000222e-01
6.212500000000000799e-01 7.399999999999999911e-01 2.250000000000000056e-01
6.237500000000000266e-01 6.500000000000000222e-01 4.000000000000000222e-01
6.237500000000000266e-01 7.399999999999999911e-01 2.250000000000000056e-01
6.262500000000000844e-01 6.500000000000000222e-01 4.000000000000000222e-01
6.287500000000000311e-01 6.500000000000000222e-01 4.000000000000000222e-01
6.312500000000000888e-01 6.500000000000000222e-01 4.000000000000000222e-01
6.312500000000000888e-01 7.399999999999999911e-01 2.250000000000000056e-01
6.362500000000000933e-01 7.399999999999999911e-01 3.125000000000000000e-01
6.387500000000000400e-01 6.500000000000000222e-01 4.000000000000000222e-01
6.387500000000000400e-01 7.399999999999999911e-01 2.250000000000000056e-01
6.387500000000000400e-01 7.399999999999999911e-01 3.125000000000000000e-01
6.412500000000000977e-01 6.500000000000000222e-01 4.000000000000000222e-01
6.412500000000000977e-01 7.399999999999999911e-01 2.250000000000000056e-01
6.487500000000000488e-01 6.500000000000000222e-01 4.000000000000000222e-01
6.487500000000000488e-01 7.399999999999999911e-01 2.250000000000000056e-01
5.206250000000001155e-01 6.500000000000000222e-01 2.250000000000000056e-01
5.206250000000001155e-01 5.600000000000000533e-01 4.000000000000000222e-01
5.206250000000001155e-01 7.399999999999999911e-01 4.000000000000000222e-01
5.218750000000000888e-01 6.500000000000000222e-01 2.250000000000000056e-01
5.218750000000000888e-01 5.600000000000000533e-01 4.000000000000000222e-01
5.218750000000000888e-01 7.399999999999999911e-01 4.000000000000000222e-01
5.231250000000000622e-01 6.500000000000000222e-01 2.250000000000000056e-01
5.231250000000000622e-01 5.600000000000000533e-01 4.000000000000000222e-01
5.231250000000000622e-01 7.399999999999999911e-01 4.000000000000000222e-01
5.243750000000000355e-01 6.500000000000000222e-01 2.250000000000000056e-01
5.243750000000000355e-01 5.600000000000000533e-01 4.000000000000000222e-01
5.243750000000000355e-01 7.399999999999999911e-01 4.000000000000000222e-01
5.331250000000000711e-01 6.500000000000000222e-01 2.250000000000000056e-01
5.331250000000000711e-01 5.600000000000000533e-01 4.000000000000000222e-01
5.331250000000000711e-01 7.399999999999999911e-01 4.000000000000000222e-01
5.343750000000000444e-01 6.500000000000000222e-01 2.250000000000000056e-01
5.343750000000000444e-01 5.600000000000000533e-01 4.000000000000000222e-01
5.343750000000000444e-01 7.399999999999999911e-01 4.000000000000000222e-01
5.381250000000000755e-01 5.600000000000000533e-01 4.000000000000000222e-01
5.381250000000000755e-01 7.399999999999999911e-01 4.000000000000000222e-01
5.393750000000000488e-01 6.500000000000000222e-01 2.250000000000000056e-01
5.393750000000000488e-01 5.600000000000000533e-01 4.000000000000000222e-01
5.393750000000000488e-01 7.399999999999999911e-01 4.000000000000000222e-01
6.206250000000000933e-01 7.399999999999999911e-01 4.000000000000000222e-01
6.218750000000000666e-01 7.399999999999999911e-01 4.000000000000000222e-01
6.306250000000001021e-01 7.399999999999999911e-01 4.000000000000000222e-01
6.318750000000000755e-01 7.399999999999999911e-01 4.000000000000000222e-01
6.381250000000000533e-01 7.399999999999999911e-01 4.000000000000000222e-01
6.393750000000000266e-01 7.399999999999999911e-01 4.000000000000000222e-01
6.406250000000001110e-01 7.399999999999999911e-01 4.000000000000000222e-01
6.418750000000000844e-01 7.399999999999999911e-01 4.000000000000000222e-01
6.481250000000000622e-01 7.399999999999999911e-01 4.000000000000000222e-01
6.493750000000000355e-01 7.399999999999999911e-01 4.000000000000000222e-01
5.203125000000000666e-01 6.500000000000000222e-01 4.000000000000000222e-01
5.209375000000000533e-01 6.500000000000000222e-01 4.000000000000000222e-01
5.215625000000000400e-01 6.500000000000000222e-01 4.000000000000000222e-01
5.221875000000000266e-01 6.500000000000000222e-01 4.000000000000000222e-01
5.228125000000000133e-01 6.500000000000000222e-01 4.000000000000000222e-01
5.234375000000001110e-01 6.500000000000000222e-01 4.000000000000000222e-01
5.240625000000000977e-01 6.500000000000000222e-01 4.000000000000000222e-01
5.246875000000000844e-01 6.500000000000000222e-01 4.000000000000000222e-01
5.328125000000000222e-01 6.500000000000000222e-01 4.000000000000000222e-01
5.334375000000000089e-01 6.500000000000000222e-01 4.000000000000000222e-01
5.340625000000001066e-01 6.500000000000000222e-01 4.000000000000000222e-01
5.346875000000000933e-01 6.500000000000000222e-01 4.000000000000000222e-01
5.390625000000001110e-01 6.500000000000000222e-01 4.000000000000000222e-01
5.396875000000000977e-01 6.500000000000000222e-01 4.000000000000000222e-01
