5.800000000000000711e-01 6.500000000000000222e-01 3.371093750000000444e-01
5.800000000000000711e-01 6.500000000000000222e-01 3.425781250000000111e-01
5.800000000000000711e-01 6.500000000000000222e-01 3.535156250000000000e-01
5.800000000000000711e-01 5.600000000000000533e-01 3.822265625000000333e-01
5.800000000000000711e-01 7.399999999999999911e-01 2.742187500000000111e-01
5.800000000000000711e-01 7.399999999999999911e-01 3.835937500000000111e-01
5.800000000000000711e-01 7.399999999999999911e-01 3.357421875000000111e-01
5.800000000000000711e-01 7.399999999999999911e-01 3.384765625000000222e-01
5.800000000000000711e-01 7.399999999999999911e-01 3.412109375000000333e-01
5.800000000000000711e-01 7.399999999999999911e-01 3.439453125000000444e-01
5.800000000000000711e-01 7.399999999999999911e-01 3.521484375000000222e-01
5.800000000000000711e-01 7.399999999999999911e-01 3.548828124999999778e-01
5.800000000000000711e-01 6.049999999999999822e-01 3.815429687500000444e-01
5.800000000000000711e-01 6.049999999999999822e-01 3.829101562500000222e-01
5.800000000000000711e-01 6.950000000000000622e-01 3.343750000000000333e-01
5.800000000000000711e-01 6.950000000000000622e-01 3.398437500000000000e-01
5.800000000000000711e-01 6.950000000000000622e-01 2.988281250000000000e-01
5.800000000000000711e-01 6.950000000000000622e-01 3.097656250000000444e-01
5.800000000000000711e-01 5.825000000000000178e-01 3.808593750000000000e-01
5.800000000000000711e-01 6.275000000000000577e-01 3.808593750000000000e-01
5.800000000000000711e-01 6.724999999999999867e-01 2.468750000000000111e-01
5.800000000000000711e-01 6.724999999999999867e-01 3.343750000000000333e-01
5.800000000000000711e-01 6.724999999999999867e-01 3.781250000000000444e-01
5.800000000000000711e-01 6.724999999999999867e-01 5.546874999999998335e-02
5.800000000000000711e-01 6.612500000000000044e-01 2.687499999999999889e-01
5.800000000000000711e-01 6.612500000000000044e-01 3.562500000000000111e-01
5.800000000000000711e-01 6.612500000000000044e-01 2.906250000000000222e-01
5.800000000000000711e-01 6.837499999999999689e-01 3.234375000000000444e-01
5.800000000000000711e-01 6.837499999999999689e-01 3.453125000000000222e-01
5.800000000000000711e-01 6.837499999999999689e-01 3.890625000000000333e-01
5.800000000000000711e-01 6.331250000000000488e-01 3.125000000000000000e-01
5.800000000000000711e-01 6.443750000000000311e-01 3.343750000000000333e-01
5.800000000000000711e-01 6.781249999999999778e-01 3.562500000000000111e-01
5.800000000000000711e-01 6.893749999999999600e-01 3.562500000000000111e-01
5.800000000000000711e-01 6.721484374999999734e-01 2.250000000000000056e-01
5.000000000000000000e-01 6.500000000000000222e-01 2.742187500000000111e-01
5.000000000000000000e-01 6.500000000000000222e-01 2.851562500000000000e-01
5.000000000000000000e-01 6.500000000000000222e-01 3.070312500000000333e-01
5.000000000000000000e-01 6.500000000000000222e-01 3.316406250000000222e-01
5.000000000000000000e-01 5.600000000000000533e-01 3.808593750000000000e-01
5.000000000000000000e-01 7.399999999999999911e-01 2.714843750000000000e-01
5.000000000000000000e-01 7.399999999999999911e-01 2.769531250000000222e-01
5.000000000000000000e-01 7.399999999999999911e-01 2.988281250000000000e-01
5.000000000000000000e-01 7.399999999999999911e-01 3.042968750000000222e-01
5.000000000000000000e-01 7.399999999999999911e-01 3.097656250000000444e-01
5.000000000000000000e-01 7.399999999999999911e-01 3.371093750000000444e-01
5.000000000000000000e-01 7.399999999999999911e-01 3.425781250000000111e-01
5.000000000000000000e-01 7.399999999999999911e-01 3.535156250000000000e-01
5.000000000000000000e-01 6.049999999999999822e-01 3.822265625000000333e-01
5.000000000000000000e-01 6.950000000000000622e-01 3.453125000000000222e-01
5.000000000000000000e-01 6.950000000000000622e-01 2.974609375000000222e-01
5.000000000000000000e-01 6.950000000000000622e-01 3.001953125000000333e-01
5.000000000000000000e-01 6.950000000000000622e-01 3.083984375000000111e-01
5.000000000000000000e-01 6.950000000000000622e-01 3.111328125000000222e-01
5.000000000000000000e-01 6.275000000000000577e-01 3.671875000000000000e-01
5.000000000000000000e-01 6.724999999999999867e-01 2.960937500000000444e-01
5.000000000000000000e-01 6.724999999999999867e-01 3.070312500000000333e-01
5.000000000000000000e-01 7.175000000000000266e-01 3.015625000000000111e-01
5.000000000000000000e-01 7.175000000000000266e-01 2.960937500000000444e-01
5.000000000000000000e-01 7.175000000000000266e-01 3.070312500000000333e-01
5.000000000000000000e-01 6.612500000000000044e-01 2.687499999999999889e-01
5.000000000000000000e-01 6.837499999999999689e-01 3.343750000000000333e-01
5.000000000000000000e-01 6.837499999999999689e-01 2.796875000000000333e-01
5.000000000000000000e-01 6.837499999999999689e-01 3.015625000000000111e-01
5.000000000000000000e-01 7.287500000000000089e-01 3.125000000000000000e-01
5.000000000000000000e-01 6.331250000000000488e-01 4.000000000000000222e-01
5.000000000000000000e-01 6.443750000000000311e-01 3.234375000000000444e-01
5.000000000000000000e-01 6.556250000000000133e-01 2.906250000000000222e-01
5.000000000000000000e-01 6.668749999999999956e-01 2.906250000000000222e-01
5.000000000000000000e-01 6.303125000000000533e-01 3.125000000000000000e-01
5.000000000000000000e-01 6.359375000000000444e-01 3.125000000000000000e-01
5.000000000000000000e-01 6.721484374999999734e-01 4.999999999999998890e-02
5.000000000000000000e-01 6.721484374999999734e-01 4.000000000000000222e-01
5.000000000000000000e-01 6.719726562500000222e-01 2.250000000000000056e-01
5.000000000000000000e-01 6.723242187500000355e-01 2.250000000000000056e-01
6.600000000000001421e-01 6.500000000000000222e-01 3.835937500000000111e-01
6.600000000000001421e-01 6.500000000000000222e-01 3.548828124999999778e-01
6.600000000000001421e-01 5.600000000000000533e-01 3.808593750000000000e-01
6.600000000000001421e-01 7.399999999999999911e-01 3.371093750000000444e-01
6.600000000000001421e-01 7.399999999999999911e-01 3.425781250000000111e-01
6.600000000000001421e-01 7.399999999999999911e-01 3.808593750000000000e-01
6.600000000000001421e-01 7.399999999999999911e-01 3.863281250000000222e-01
6.600000000000001421e-01 7.399999999999999911e-01 3.917968750000000444e-01
6.600000000000001421e-01 7.399999999999999911e-01 3.541992187500000444e-01
6.600000000000001421e-01 7.399999999999999911e-01 3.555664062500000222e-01
6.600000000000001421e-01 6.049999999999999822e-01 3.822265625000000333e-01
6.600000000000001421e-01 6.950000000000000622e-01 2.468750000000000111e-01
6.600000000000001421e-01 6.950000000000000622e-01 3.453125000000000222e-01
6.600000000000001421e-01 6.950000000000000622e-01 3.890625000000000333e-01
6.600000000000001421e-01 6.950000000000000622e-01 5.546874999999998335e-02
6.600000000000001421e-01 5.825000000000000178e-01 2.687499999999999889e-01
6.600000000000001421e-01 6.275000000000000577e-01 3.234375000000000444e-01
6.600000000000001421e-01 6.724999999999999867e-01 2.359374999999999944e-01
6.600000000000001421e-01 6.724999999999999867e-01 2.578125000000000000e-01
6.600000000000001421e-01 6.724999999999999867e-01 2.796875000000000333e-01
6.600000000000001421e-01 6.724999999999999867e-01 3.015625000000000111e-01
6.600000000000001421e-01 6.724999999999999867e-01 3.234375000000000444e-01
6.600000000000001421e-01 6.724999999999999867e-01 3.453125000000000222e-01
6.600000000000001421e-01 6.724999999999999867e-01 3.671875000000000000e-01
6.600000000000001421e-01 6.724999999999999867e-01 3.890625000000000333e-01
6.600000000000001421e-01 6.724999999999999867e-01 5.273437500000000000e-02
6.600000000000001421e-01 6.724999999999999867e-01 5.820312499999999445e-02
6.600000000000001421e-01 5.937500000000000000e-01 2.468750000000000111e-01
6.600000000000001421e-01 5.937500000000000000e-01 2.906250000000000222e-01
6.600000000000001421e-01 6.162500000000000755e-01 3.343750000000000333e-01
6.600000000000001421e-01 6.612500000000000044e-01 2.468750000000000111e-01
6.600000000000001421e-01 6.612500000000000044e-01 2.906250000000000222e-01
6.600000000000001421e-01 6.612500000000000044e-01 3.343750000000000333e-01
6.600000000000001421e-01 6.612500000000000044e-01 3.781250000000000444e-01
6.600000000000001421e-01 6.612500000000000044e-01 6.093749999999997780e-02
6.600000000000001421e-01 6.837499999999999689e-01 6.093749999999997780e-02
6.600000000000001421e-01 6.837499999999999689e-01 3.398437500000000000e-01
6.600000000000001421e-01 6.837499999999999689e-01 3.507812500000000444e-01
6.600000000000001421e-01 6.837499999999999689e-01 3.835937500000000111e-01
6.600000000000001421e-01 6.837499999999999689e-01 3.945312500000000000e-01
6.600000000000001421e-01 6.443750000000000311e-01 3.234375000000000444e-01
6.600000000000001421e-01 6.556250000000000133e-01 2.687499999999999889e-01
6.600000000000001421e-01 6.556250000000000133e-01 3.562500000000000111e-01
6.600000000000001421e-01 6.668749999999999956e-01 2.687499999999999889e-01
6.600000000000001421e-01 6.668749999999999956e-01 3.562500000000000111e-01
6.600000000000001421e-01 6.781249999999999778e-01 3.125000000000000000e-01
6.600000000000001421e-01 6.893749999999999600e-01 3.125000000000000000e-01
6.600000000000001421e-01 6.753124999999999822e-01 3.562500000000000111e-01
6.600000000000001421e-01 6.809374999999999734e-01 3.562500000000000111e-01
6.600000000000001421e-01 6.865624999999999645e-01 3.562500000000000111e-01
6.600000000000001421e-01 6.921874999999999556e-01 3.562500000000000111e-01
6.600000000000001421e-01 7.048437499999999911e-01 3.125000000000000000e-01
5.400000000000000355e-01 6.500000000000000222e-01 2.714843750000000000e-01
5.400000000000000355e-01 6.500000000000000222e-01 2.769531250000000222e-01
5.400000000000000355e-01 6.500000000000000222e-01 2.824218749999999889e-01
5.400000000000000355e-01 6.500000000000000222e-01 2.878906250000000111e-01
5.400000000000000355e-01 6.500000000000000222e-01 3.042968750000000222e-01
5.400000000000000355e-01 6.500000000000000222e-01 3.097656250000000444e-01
5.400000000000000355e-01 6.500000000000000222e-01 3.302734375000000444e-01
5.400000000000000355e-01 6.500000000000000222e-01 3.330078125000000000e-01
5.400000000000000355e-01 5.600000000000000533e-01 3.316406250000000222e-01
5.400000000000000355e-01 7.399999999999999911e-01 3.316406250000000222e-01
5.400000000000000355e-01 7.399999999999999911e-01 2.701171875000000222e-01
5.400000000000000355e-01 7.399999999999999911e-01 2.728515625000000333e-01
5.400000000000000355e-01 7.399999999999999911e-01 3.029296875000000444e-01
5.400000000000000355e-01 7.399999999999999911e-01 3.056640625000000000e-01
5.400000000000000355e-01 7.399999999999999911e-01 3.083984375000000111e-01
5.400000000000000355e-01 7.399999999999999911e-01 3.111328125000000222e-01
5.400000000000000355e-01 6.049999999999999822e-01 3.671875000000000000e-01
5.400000000000000355e-01 6.049999999999999822e-01 3.808593750000000000e-01
5.400000000000000355e-01 6.950000000000000622e-01 2.796875000000000333e-01
5.400000000000000355e-01 6.950000000000000622e-01 3.015625000000000111e-01
5.400000000000000355e-01 6.950000000000000622e-01 2.960937500000000444e-01
5.400000000000000355e-01 6.950000000000000622e-01 3.070312500000000333e-01
5.400000000000000355e-01 6.275000000000000577e-01 3.617187499999999778e-01
5.400000000000000355e-01 6.275000000000000577e-01 3.726562500000000222e-01
5.400000000000000355e-01 6.162500000000000755e-01 3.781250000000000444e-01
5.400000000000000355e-01 6.387500000000000400e-01 3.781250000000000444e-01
5.400000000000000355e-01 6.612500000000000044e-01 4.000000000000000222e-01
5.400000000000000355e-01 6.837499999999999689e-01 2.906250000000000222e-01
5.400000000000000355e-01 7.287500000000000089e-01 4.000000000000000222e-01
5.400000000000000355e-01 6.556250000000000133e-01 3.125000000000000000e-01
5.400000000000000355e-01 6.668749999999999956e-01 3.125000000000000000e-01
5.400000000000000355e-01 6.893749999999999600e-01 3.125000000000000000e-01
5.400000000000000355e-01 7.231250000000000178e-01 3.125000000000000000e-01
5.400000000000000355e-01 7.343750000000000000e-01 3.125000000000000000e-01
6.200000000000001066e-01 6.500000000000000222e-01 3.917968750000000444e-01
6.200000000000001066e-01 7.399999999999999911e-01 3.904296875000000111e-01
6.200000000000001066e-01 7.399999999999999911e-01 3.931640625000000222e-01
6.200000000000001066e-01 6.049999999999999822e-01 3.808593750000000000e-01
6.200000000000001066e-01 6.950000000000000622e-01 3.343750000000000333e-01
6.200000000000001066e-01 6.950000000000000622e-01 3.945312500000000000e-01
6.200000000000001066e-01 6.275000000000000577e-01 2.468750000000000111e-01
6.200000000000001066e-01 6.275000000000000577e-01 3.343750000000000333e-01
6.200000000000001066e-01 6.275000000000000577e-01 3.781250000000000444e-01
6.200000000000001066e-01 6.724999999999999867e-01 2.687499999999999889e-01
6.200000000000001066e-01 6.724999999999999867e-01 3.562500000000000111e-01
6.200000000000001066e-01 6.724999999999999867e-01 2.906250000000000222e-01
6.200000000000001066e-01 6.724999999999999867e-01 6.093749999999997780e-02
6.200000000000001066e-01 6.724999999999999867e-01 3.453125000000000222e-01
6.200000000000001066e-01 6.724999999999999867e-01 3.890625000000000333e-01
6.200000000000001066e-01 7.175000000000000266e-01 3.453125000000000222e-01
6.200000000000001066e-01 7.175000000000000266e-01 3.890625000000000333e-01
6.200000000000001066e-01 5.937500000000000000e-01 2.687499999999999889e-01
6.200000000000001066e-01 6.162500000000000755e-01 3.234375000000000444e-01
6.200000000000001066e-01 6.162500000000000755e-01 3.453125000000000222e-01
6.200000000000001066e-01 6.162500000000000755e-01 3.671875000000000000e-01
6.200000000000001066e-01 6.162500000000000755e-01 3.890625000000000333e-01
6.200000000000001066e-01 6.387500000000000400e-01 3.453125000000000222e-01
6.200000000000001066e-01 6.837499999999999689e-01 2.468750000000000111e-01
6.200000000000001066e-01 6.837499999999999689e-01 3.343750000000000333e-01
6.200000000000001066e-01 6.837499999999999689e-01 3.781250000000000444e-01
6.200000000000001066e-01 7.048437499999999911e-01 4.000000000000000222e-01
5.200000000000000178e-01 6.500000000000000222e-01 2.796875000000000333e-01
5.200000000000000178e-01 6.500000000000000222e-01 3.015625000000000111e-01
5.200000000000000178e-01 6.500000000000000222e-01 3.453125000000000222e-01
5.200000000000000178e-01 5.600000000000000533e-01 3.343750000000000333e-01
5.200000000000000178e-01 7.399999999999999911e-01 2.796875000000000333e-01
5.200000000000000178e-01 7.399999999999999911e-01 3.015625000000000111e-01
5.200000000000000178e-01 7.399999999999999911e-01 3.453125000000000222e-01
5.200000000000000178e-01 7.399999999999999911e-01 3.179687500000000222e-01
5.200000000000000178e-01 7.399999999999999911e-01 3.289062500000000111e-01
5.200000000000000178e-01 6.950000000000000622e-01 3.343750000000000333e-01
5.200000000000000178e-01 6.950000000000000622e-01 3.781250000000000444e-01
5.200000000000000178e-01 6.950000000000000622e-01 2.742187500000000111e-01
5.200000000000000178e-01 6.950000000000000622e-01 2.851562500000000000e-01
5.200000000000000178e-01 6.950000000000000622e-01 2.960937500000000444e-01
5.200000000000000178e-01 6.950000000000000622e-01 3.070312500000000333e-01
5.200000000000000178e-01 6.162500000000000755e-01 2.250000000000000056e-01
5.200000000000000178e-01 6.162500000000000755e-01 2.687499999999999889e-01
5.200000000000000178e-01 6.162500000000000755e-01 3.562500000000000111e-01
5.200000000000000178e-01 6.387500000000000400e-01 4.000000000000000222e-01
5.200000000000000178e-01 6.612500000000000044e-01 2.250000000000000056e-01
5.200000000000000178e-01 6.837499999999999689e-01 2.687499999999999889e-01
5.200000000000000178e-01 6.837499999999999689e-01 3.562500000000000111e-01
5.200000000000000178e-01 7.062500000000000444e-01 3.562500000000000111e-01
5.200000000000000178e-01 7.287500000000000089e-01 4.000000000000000222e-01
5.200000000000000178e-01 6.106250000000000844e-01 4.000000000000000222e-01
5.200000000000000178e-01 6.218750000000000666e-01 4.000000000000000222e-01
5.200000000000000178e-01 6.331250000000000488e-01 3.125000000000000000e-01
5.200000000000000178e-01 6.443750000000000311e-01 3.125000000000000000e-01
5.200000000000000178e-01 6.556250000000000133e-01 4.000000000000000222e-01
5.200000000000000178e-01 6.668749999999999956e-01 4.000000000000000222e-01
5.200000000000000178e-01 6.893749999999999600e-01 4.000000000000000222e-01
5.200000000000000178e-01 6.528125000000000178e-01 3.125000000000000000e-01
5.200000000000000178e-01 6.584375000000000089e-01 3.125000000000000000e-01
5.200000000000000178e-01 6.865624999999999645e-01 3.125000000000000000e-01
5.200000000000000178e-01 6.921874999999999556e-01 3.125000000000000000e-01
5.600000000000000533e-01 6.500000000000000222e-01 2.796875000000000333e-01
5.600000000000000533e-01 6.500000000000000222e-01 3.015625000000000111e-01
5.600000000000000533e-01 6.387500000000000400e-01 4.000000000000000222e-01
5.600000000000000533e-01 6.612500000000000044e-01 3.125000000000000000e-01
5.600000000000000533e-01 6.331250000000000488e-01 3.125000000000000000e-01
5.600000000000000533e-01 6.443750000000000311e-01 3.125000000000000000e-01
6.000000000000000888e-01 7.399999999999999911e-01 3.945312500000000000e-01
6.000000000000000888e-01 6.162500000000000755e-01 2.250000000000000056e-01
6.000000000000000888e-01 6.162500000000000755e-01 3.343750000000000333e-01
6.000000000000000888e-01 6.162500000000000755e-01 3.781250000000000444e-01
6.000000000000000888e-01 6.387500000000000400e-01 3.562500000000000111e-01
6.400000000000001243e-01 7.399999999999999911e-01 3.945312500000000000e-01
6.400000000000001243e-01 6.049999999999999822e-01 2.468750000000000111e-01
6.400000000000001243e-01 6.275000000000000577e-01 3.562500000000000111e-01
6.400000000000001243e-01 6.275000000000000577e-01 2.359374999999999944e-01
6.400000000000001243e-01 6.275000000000000577e-01 2.578125000000000000e-01
6.400000000000001243e-01 6.162500000000000755e-01 2.250000000000000056e-01
6.400000000000001243e-01 6.162500000000000755e-01 2.687499999999999889e-01
6.400000000000001243e-01 6.162500000000000755e-01 3.343750000000000333e-01
6.400000000000001243e-01 6.162500000000000755e-01 3.781250000000000444e-01
6.400000000000001243e-01 6.387500000000000400e-01 3.125000000000000000e-01
6.400000000000001243e-01 6.387500000000000400e-01 2.687499999999999889e-01
5.100000000000000089e-01 6.500000000000000222e-01 3.343750000000000333e-01
5.100000000000000089e-01 7.399999999999999911e-01 3.343750000000000333e-01
5.100000000000000089e-01 7.399999999999999911e-01 3.234375000000000444e-01
5.100000000000000089e-01 6.950000000000000622e-01 3.562500000000000111e-01
5.100000000000000089e-01 6.162500000000000755e-01 4.000000000000000222e-01
5.100000000000000089e-01 6.387500000000000400e-01 3.125000000000000000e-01
5.100000000000000089e-01 7.287500000000000089e-01 3.125000000000000000e-01
5.300000000000000266e-01 6.500000000000000222e-01 3.343750000000000333e-01
5.300000000000000266e-01 7.399999999999999911e-01 3.125000000000000000e-01
5.300000000000000266e-01 7.399999999999999911e-01 3.343750000000000333e-01
5.300000000000000266e-01 7.399999999999999911e-01 3.234375000000000444e-01
5.300000000000000266e-01 6.950000000000000622e-01 4.000000000000000222e-01
5.300000000000000266e-01 6.950000000000000622e-01 3.562500000000000111e-01
5.300000000000000266e-01 6.162500000000000755e-01 2.250000000000000056e-01
5.300000000000000266e-01 6.387500000000000400e-01 3.125000000000000000e-01
5.300000000000000266e-01 7.287500000000000089e-01 3.125000000000000000e-01
5.500000000000000444e-01 7.399999999999999911e-01 3.562500000000000111e-01
5.500000000000000444e-01 6.950000000000000622e-01 4.000000000000000222e-01
5.500000000000000444e-01 6.950000000000000622e-01 3.125000000000000000e-01
5.700000000000000622e-01 7.399999999999999911e-01 3.562500000000000111e-01
5.700000000000000622e-01 6.950000000000000622e-01 3.125000000000000000e-01
5.900000000000000799e-01 6.162500000000000755e-01 4.000000000000000222e-01
6.100000000000000977e-01 5.712500000000000355e-01 3.125000000000000000e-01
6.300000000000001155e-01 6.500000000000000222e-01 3.343750000000000333e-01
6.300000000000001155e-01 6.500000000000000222e-01 3.781250000000000444e-01
6.300000000000001155e-01 6.275000000000000577e-01 2.250000000000000056e-01
6.300000000000001155e-01 6.275000000000000577e-01 3.125000000000000000e-01
6.300000000000001155e-01 6.162500000000000755e-01 4.000000000000000222e-01
6.500000000000001332e-01 6.275000000000000577e-01 2.250000000000000056e-01
6.500000000000001332e-01 6.275000000000000577e-01 3.125000000000000000e-01
6.500000000000001332e-01 6.162500000000000755e-01 4.000000000000000222e-01
5.150000000000000133e-01 6.049999999999999822e-01 4.000000000000000222e-01
5.250000000000000222e-01 7.399999999999999911e-01 2.687499999999999889e-01
5.250000000000000222e-01 6.950000000000000622e-01 3.125000000000000000e-01
5.250000000000000222e-01 6.275000000000000577e-01 3.125000000000000000e-01
5.250000000000000222e-01 6.162500000000000755e-01 2.250000000000000056e-01
5.250000000000000222e-01 6.387500000000000400e-01 2.250000000000000056e-01
5.250000000000000222e-01 6.106250000000000844e-01 4.000000000000000222e-01
5.250000000000000222e-01 6.218750000000000666e-01 4.000000000000000222e-01
5.250000000000000222e-01 6.331250000000000488e-01 4.000000000000000222e-01
5.250000000000000222e-01 6.443750000000000311e-01 4.000000000000000222e-01
5.350000000000000311e-01 7.399999999999999911e-01 2.687499999999999889e-01
5.350000000000000311e-01 6.950000000000000622e-01 3.125000000000000000e-01
5.350000000000000311e-01 6.275000000000000577e-01 3.125000000000000000e-01
5.350000000000000311e-01 6.162500000000000755e-01 2.250000000000000056e-01
5.350000000000000311e-01 6.387500000000000400e-01 2.250000000000000056e-01
5.350000000000000311e-01 6.106250000000000844e-01 4.000000000000000222e-01
5.350000000000000311e-01 6.218750000000000666e-01 4.000000000000000222e-01
5.350000000000000311e-01 6.331250000000000488e-01 4.000000000000000222e-01
5.350000000000000311e-01 6.443750000000000311e-01 4.000000000000000222e-01
5.450000000000000400e-01 7.399999999999999911e-01 4.000000000000000222e-01
5.550000000000000488e-01 6.500000000000000222e-01 3.125000000000000000e-01
5.550000000000000488e-01 7.399999999999999911e-01 4.000000000000000222e-01
5.750000000000000666e-01 6.500000000000000222e-01 3.125000000000000000e-01
5.750000000000000666e-01 7.399999999999999911e-01 4.000000000000000222e-01
5.850000000000000755e-01 6.049999999999999822e-01 3.125000000000000000e-01
6.050000000000000933e-01 5.712500000000000355e-01 2.250000000000000056e-01
6.050000000000000933e-01 5.656250000000000444e-01 4.000000000000000222e-01
6.050000000000000933e-01 5.768750000000000266e-01 4.000000000000000222e-01
6.150000000000001021e-01 5.712500000000000355e-01 2.250000000000000056e-01
6.250000000000001110e-01 5.600000000000000533e-01 3.125000000000000000e-01
6.250000000000001110e-01 6.275000000000000577e-01 4.000000000000000222e-01
6.350000000000001199e-01 5.600000000000000533e-01 3.125000000000000000e-01
6.350000000000001199e-01 6.275000000000000577e-01 2.250000000000000056e-01
6.350000000000001199e-01 6.162500000000000755e-01 4.000000000000000222e-01
6.350000000000001199e-01 6.387500000000000400e-01 4.000000000000000222e-01
6.450000000000001288e-01 6.275000000000000577e-01 4.000000000000000222e-01
6.550000000000000266e-01 6.275000000000000577e-01 4.000000000000000222e-01
5.025000000000000577e-01 6.500000000000000222e-01 3.125000000000000000e-01
5.025000000000000577e-01 6.049999999999999822e-01 2.250000000000000056e-01
5.025000000000000577e-01 5.825000000000000178e-01 4.000000000000000222e-01
5.025000000000000577e-01 6.275000000000000577e-01 4.000000000000000222e-01
5.125000000000000666e-01 6.500000000000000222e-01 3.125000000000000000e-01
5.125000000000000666e-01 5.600000000000000533e-01 3.125000000000000000e-01
5.125000000000000666e-01 6.049999999999999822e-01 2.250000000000000056e-01
5.125000000000000666e-01 5.825000000000000178e-01 4.000000000000000222e-01
5.125000000000000666e-01 6.275000000000000577e-01 4.000000000000000222e-01
5.175000000000000711e-01 6.500000000000000222e-01 3.125000000000000000e-01
5.225000000000000755e-01 6.049999999999999822e-01 4.000000000000000222e-01
5.225000000000000755e-01 6.950000000000000622e-01 2.687499999999999889e-01
5.225000000000000755e-01 6.275000000000000577e-01 2.250000000000000056e-01
5.225000000000000755e-01 6.387500000000000400e-01 4.000000000000000222e-01
5.275000000000000799e-01 6.049999999999999822e-01 4.000000000000000222e-01
5.275000000000000799e-01 6.950000000000000622e-01 2.687499999999999889e-01
5.275000000000000799e-01 6.275000000000000577e-01 2.250000000000000056e-01
5.275000000000000799e-01 6.387500000000000400e-01 4.000000000000000222e-01
5.325000000000000844e-01 6.049999999999999822e-01 4.000000000000000222e-01
5.325000000000000844e-01 6.950000000000000622e-01 2.687499999999999889e-01
5.325000000000000844e-01 6.275000000000000577e-01 2.250000000000000056e-01
5.325000000000000844e-01 6.162500000000000755e-01 4.000000000000000222e-01
5.325000000000000844e-01 6.387500000000000400e-01 4.000000000000000222e-01
5.375000000000000888e-01 6.049999999999999822e-01 4.000000000000000222e-01
5.375000000000000888e-01 6.950000000000000622e-01 2.687499999999999889e-01
5.375000000000000888e-01 6.275000000000000577e-01 2.250000000000000056e-01
5.375000000000000888e-01 6.162500000000000755e-01 4.000000000000000222e-01
5.375000000000000888e-01 6.387500000000000400e-01 4.000000000000000222e-01
5.525000000000001021e-01 7.399999999999999911e-01 3.125000000000000000e-01
5.575000000000001066e-01 7.399999999999999911e-01 3.125000000000000000e-01
5.725000000000001199e-01 7.399999999999999911e-01 3.125000000000000000e-01
5.775000000000001243e-01 7.399999999999999911e-01 3.125000000000000000e-01
6.025000000000000355e-01 5.712500000000000355e-01 4.000000000000000222e-01
6.075000000000000400e-01 5.712500000000000355e-01 4.000000000000000222e-01
6.125000000000000444e-01 5.712500000000000355e-01 4.000000000000000222e-01
6.175000000000000488e-01 5.712500000000000355e-01 4.000000000000000222e-01
6.225000000000000533e-01 5.600000000000000533e-01 2.250000000000000056e-01
6.325000000000000622e-01 6.049999999999999822e-01 3.125000000000000000e-01
6.325000000000000622e-01 5.825000000000000178e-01 4.000000000000000222e-01
6.325000000000000622e-01 6.275000000000000577e-01 4.000000000000000222e-01
6.375000000000000666e-01 6.049999999999999822e-01 3.125000000000000000e-01
6.375000000000000666e-01 5.825000000000000178e-01 4.000000000000000222e-01
6.375000000000000666e-01 6.275000000000000577e-01 4.000000000000000222e-01
5.012500000000000844e-01 6.500000000000000222e-01 2.250000000000000056e-01
5.012500000000000844e-01 7.399999999999999911e-01 4.000000000000000222e-01
5.012500000000000844e-01 6.049999999999999822e-01 4.000000000000000222e-01
5.037500000000000311e-01 6.500000000000000222e-01 2.250000000000000056e-01
5.037500000000000311e-01 5.600000000000000533e-01 2.250000000000000056e-01
5.037500000000000311e-01 7.399999999999999911e-01 4.000000000000000222e-01
5.037500000000000311e-01 6.049999999999999822e-01 4.000000000000000222e-01
5.112500000000000933e-01 6.500000000000000222e-01 2.250000000000000056e-01
5.112500000000000933e-01 5.600000000000000533e-01 4.000000000000000222e-01
5.112500000000000933e-01 7.399999999999999911e-01 4.000000000000000222e-01
5.137500000000000400e-01 6.500000000000000222e-01 2.250000000000000056e-01
5.137500000000000400e-01 5.600000000000000533e-01 4.000000000000000222e-01
5.137500000000000400e-01 7.399999999999999911e-01 4.000000000000000222e-01
5.162500000000000977e-01 6.500000000000000222e-01 2.250000000000000056e-01
5.162500000000000977e-01 5.600000000000000533e-01 4.000000000000000222e-01
5.162500000000000977e-01 7.399999999999999911e-01 4.000000000000000222e-01
5.212500000000001021e-01 6.275000000000000577e-01 4.000000000000000222e-01
5.237500000000000488e-01 6.275000000000000577e-01 4.000000000000000222e-01
5.262500000000001066e-01 6.275000000000000577e-01 4.000000000000000222e-01
5.287500000000000533e-01 6.275000000000000577e-01 4.000000000000000222e-01
5.312500000000001110e-01 6.275000000000000577e-01 4.000000000000000222e-01
5.337500000000000577e-01 6.275000000000000577e-01 4.000000000000000222e-01
5.362500000000001155e-01 6.275000000000000577e-01 4.000000000000000222e-01
5.387500000000000622e-01 6.275000000000000577e-01 4.000000000000000222e-01
5.812500000000000444e-01 5.600000000000000533e-01 3.125000000000000000e-01
5.812500000000000444e-01 6.049999999999999822e-01 4.000000000000000222e-01
6.187500000000001332e-01 6.950000000000000622e-01 4.000000000000000222e-01
6.212500000000000799e-01 5.600000000000000533e-01 4.000000000000000222e-01
6.212500000000000799e-01 7.399999999999999911e-01 3.125000000000000000e-01
6.212500000000000799e-01 6.950000000000000622e-01 4.000000000000000222e-01
6.237500000000000266e-01 5.600000000000000533e-01 4.000000000000000222e-01
6.237500000000000266e-01 7.399999999999999911e-01 3.125000000000000000e-01
6.237500000000000266e-01 6.950000000000000622e-01 4.000000000000000222e-01
6.287500000000000311e-01 6.950000000000000622e-01 4.000000000000000222e-01
6.312500000000000888e-01 7.399999999999999911e-01 3.125000000000000000e-01
6.312500000000000888e-01 6.950000000000000622e-01 4.000000000000000222e-01
6.337500000000000355e-01 5.600000000000000533e-01 4.000000000000000222e-01
6.337500000000000355e-01 6.049999999999999822e-01 2.250000000000000056e-01
6.412500000000000977e-01 5.600000000000000533e-01 3.125000000000000000e-01
6.412500000000000977e-01 6.049999999999999822e-01 4.000000000000000222e-01
6.587500000000000577e-01 5.600000000000000533e-01 3.125000000000000000e-01
6.587500000000000577e-01 6.049999999999999822e-01 4.000000000000000222e-01
5.006250000000000977e-01 6.500000000000000222e-01 4.000000000000000222e-01
5.018750000000000711e-01 6.500000000000000222e-01 4.000000000000000222e-01
5.031250000000000444e-01 6.500000000000000222e-01 4.000000000000000222e-01
5.043750000000000178e-01 6.500000000000000222e-01 4.000000000000000222e-01
5.106250000000001066e-01 6.500000000000000222e-01 4.000000000000000222e-01
5.118750000000000799e-01 6.500000000000000222e-01 4.000000000000000222e-01
5.131250000000000533e-01 6.500000000000000222e-01 4.000000000000000222e-01
5.143750000000000266e-01 6.500000000000000222e-01 4.000000000000000222e-01
5.156250000000000000e-01 6.500000000000000222e-01 4.000000000000000222e-01
5.168750000000000844e-01 6.500000000000000222e-01 4.000000000000000222e-01
5.806250000000000577e-01 6.500000000000000222e-01 4.000000000000000222e-01
5.806250000000000577e-01 5.600000000000000533e-01 2.250000000000000056e-01
5.818750000000000311e-01 6.500000000000000222e-01 4.000000000000000222e-01
5.818750000000000311e-01 5.600000000000000533e-01 2.250000000000000056e-01
6.218750000000000666e-01 6.500000000000000222e-01 4.000000000000000222e-01
6.218750000000000666e-01 7.399999999999999911e-01 2.250000000000000056e-01
6.293750000000001288e-01 6.500000000000000222e-01 4.000000000000000222e-01
6.293750000000001288e-01 7.399999999999999911e-01 2.250000000000000056e-01
6.381250000000000533e-01 6.500000000000000222e-01 4.000000000000000222e-01
6.381250000000000533e-01 7.399999999999999911e-01 2.250000000000000056e-01
6.393750000000000266e-01 6.500000000000000222e-01 4.000000000000000222e-01
6.393750000000000266e-01 7.399999999999999911e-01 2.250000000000000056e-01
6.456250000000001155e-01 6.500000000000000222e-01 4.000000000000000222e-01
6.456250000000001155e-01 5.600000000000000533e-01 2.250000000000000056e-01
6.468750000000000888e-01 6.500000000000000222e-01 4.000000000000000222e-01
6.468750000000000888e-01 5.600000000000000533e-01 2.250000000000000056e-01
6.581250000000000711e-01 6.500000000000000222e-01 4.000000000000000222e-01
6.581250000000000711e-01 5.600000000000000533e-01 2.250000000000000056e-01
6.593750000000000444e-01 6.500000000000000222e-01 4.000000000000000222e-01
6.593750000000000444e-01 5.600000000000000533e-01 2.250000000000000056e-01
5.803125000000001199e-01 5.600000000000000533e-01 4.000000000000000222e-01
5.809375000000001066e-01 5.600000000000000533e-01 4.000000000000000222e-01
5.815625000000000933e-01 5.600000000000000533e-01 4.000000000000000222e-01
5.821875000000000799e-01 5.600000000000000533e-01 4.000000000000000222e-01
6.215625000000001288e-01 7.399999999999999911e-01 4.000000000000000222e-01
6.221875000000001155e-01 7.399999999999999911e-01 4.000000000000000222e-01
6.290625000000000799e-01 7.399999999999999911e-01 4.000000000000000222e-01
6.296875000000000666e-01 7.399999999999999911e-01 4.000000000000000222e-01
6.378125000000001155e-01 7.399999999999999911e-01 4.000000000000000222e-01
6.384375000000001021e-01 7.399999999999999911e-01 4.000000000000000222e-01
6.390625000000000888e-01 7.399999999999999911e-01 4.000000000000000222e-01
6.396875000000000755e-01 7.399999999999999911e-01 4.000000000000000222e-01
6.453125000000000666e-01 5.600000000000000533e-01 4.000000000000000222e-01
6.459375000000000533e-01 5.600000000000000533e-01 4.000000000000000222e-01
6.465625000000000400e-01 5.600000000000000533e-01 4.000000000000000222e-01
6.471875000000000266e-01 5.600000000000000533e-01 4.000000000000000222e-01
6.578125000000001332e-01 5.600000000000000533e-01 4.000000000000000222e-01
6.584375000000001199e-01 5.600000000000000533e-01 4.000000000000000222e-01
6.590625000000001066e-01 5.600000000000000533e-01 4.000000000000000222e-01
6.596875000000000933e-01 5.600000000000000533e-01 4.000000000000000222e-01
