5.800000000000000711e-01 6.500000000000000222e-01 3.453125000000000222e-01
5.800000000000000711e-01 5.600000000000000533e-01 3.835937500000000111e-01
5.800000000000000711e-01 7.399999999999999911e-01 3.398437500000000000e-01
5.800000000000000711e-01 7.399999999999999911e-01 3.507812500000000444e-01
5.800000000000000711e-01 6.049999999999999822e-01 3.808593750000000000e-01
5.800000000000000711e-01 6.049999999999999822e-01 3.863281250000000222e-01
5.800000000000000711e-01 6.950000000000000622e-01 3.015625000000000111e-01
5.800000000000000711e-01 6.724999999999999867e-01 7.187499999999999445e-02
5.800000000000000711e-01 6.724999999999999867e-01 1.156249999999999917e-01
5.800000000000000711e-01 6.724999999999999867e-01 2.906250000000000222e-01
5.800000000000000711e-01 7.175000000000000266e-01 2.906250000000000222e-01
5.800000000000000711e-01 5.937500000000000000e-01 3.125000000000000000e-01
5.800000000000000711e-01 6.162500000000000755e-01 3.671875000000000000e-01
5.800000000000000711e-01 6.162500000000000755e-01 3.890625000000000333e-01
5.800000000000000711e-01 6.387500000000000400e-01 2.687499999999999889e-01
5.800000000000000711e-01 6.387500000000000400e-01 3.234375000000000444e-01
5.800000000000000711e-01 6.387500000000000400e-01 3.453125000000000222e-01
5.800000000000000711e-01 6.837499999999999689e-01 2.687499999999999889e-01
5.800000000000000711e-01 6.837499999999999689e-01 3.562500000000000111e-01
5.800000000000000711e-01 6.781249999999999778e-01 3.125000000000000000e-01
5.800000000000000711e-01 6.078125000000000888e-01 3.125000000000000000e-01
5.800000000000000711e-01 7.034375000000000488e-01 4.000000000000000222e-01
5.800000000000000711e-01 6.710937500000000444e-01 2.250000000000000056e-01
5.000000000000000000e-01 5.600000000000000533e-01 2.796875000000000333e-01
5.000000000000000000e-01 5.600000000000000533e-01 3.015625000000000111e-01
5.000000000000000000e-01 7.399999999999999911e-01 2.796875000000000333e-01
5.000000000000000000e-01 7.399999999999999911e-01 3.015625000000000111e-01
5.000000000000000000e-01 7.399999999999999911e-01 3.453125000000000222e-01
5.000000000000000000e-01 6.049999999999999822e-01 3.835937500000000111e-01
5.000000000000000000e-01 6.950000000000000622e-01 2.960937500000000444e-01
5.000000000000000000e-01 6.950000000000000622e-01 3.070312500000000333e-01
5.000000000000000000e-01 6.275000000000000577e-01 3.234375000000000444e-01
5.000000000000000000e-01 6.275000000000000577e-01 3.453125000000000222e-01
5.000000000000000000e-01 5.712500000000000355e-01 2.250000000000000056e-01
5.000000000000000000e-01 6.162500000000000755e-01 3.125000000000000000e-01
5.000000000000000000e-01 6.162500000000000755e-01 3.343750000000000333e-01
5.000000000000000000e-01 6.162500000000000755e-01 3.781250000000000444e-01
5.000000000000000000e-01 6.387500000000000400e-01 3.125000000000000000e-01
5.000000000000000000e-01 6.387500000000000400e-01 3.343750000000000333e-01
5.000000000000000000e-01 6.781249999999999778e-01 2.687499999999999889e-01
5.000000000000000000e-01 6.781249999999999778e-01 3.562500000000000111e-01
5.000000000000000000e-01 6.078125000000000888e-01 2.250000000000000056e-01
5.000000000000000000e-01 7.034375000000000488e-01 2.250000000000000056e-01
5.000000000000000000e-01 6.064062500000000355e-01 4.000000000000000222e-01
5.000000000000000000e-01 6.092187500000000311e-01 4.000000000000000222e-01
5.000000000000000000e-01 6.710937500000000444e-01 4.999999999999998890e-02
5.000000000000000000e-01 6.710937500000000444e-01 4.000000000000000222e-01
5.000000000000000000e-01 7.020312499999999956e-01 4.000000000000000222e-01
5.000000000000000000e-01 7.048437499999999911e-01 4.000000000000000222e-01
5.000000000000000000e-01 6.703906250000000178e-01 2.250000000000000056e-01
5.000000000000000000e-01 6.717968750000000711e-01 2.250000000000000056e-01
6.600000000000001421e-01 6.500000000000000222e-01 3.507812500000000444e-01
6.600000000000001421e-01 7.399999999999999911e-01 3.890625000000000333e-01
6.600000000000001421e-01 7.399999999999999911e-01 3.480468750000000333e-01
6.600000000000001421e-01 7.399999999999999911e-01 3.535156250000000000e-01
6.600000000000001421e-01 6.049999999999999822e-01 3.835937500000000111e-01
6.600000000000001421e-01 6.950000000000000622e-01 7.187499999999999445e-02
6.600000000000001421e-01 6.950000000000000622e-01 1.156249999999999917e-01
6.600000000000001421e-01 6.950000000000000622e-01 2.906250000000000222e-01
6.600000000000001421e-01 6.724999999999999867e-01 2.687499999999999889e-01
6.600000000000001421e-01 6.724999999999999867e-01 3.562500000000000111e-01
6.600000000000001421e-01 6.724999999999999867e-01 6.093749999999997780e-02
6.600000000000001421e-01 6.724999999999999867e-01 8.281249999999998335e-02
6.600000000000001421e-01 6.724999999999999867e-01 1.046874999999999889e-01
6.600000000000001421e-01 6.724999999999999867e-01 1.265624999999999944e-01
6.600000000000001421e-01 5.937500000000000000e-01 2.687499999999999889e-01
6.600000000000001421e-01 5.937500000000000000e-01 3.562500000000000111e-01
6.600000000000001421e-01 6.162500000000000755e-01 3.781250000000000444e-01
6.600000000000001421e-01 6.387500000000000400e-01 2.468750000000000111e-01
6.600000000000001421e-01 6.387500000000000400e-01 2.906250000000000222e-01
6.600000000000001421e-01 6.387500000000000400e-01 3.343750000000000333e-01
6.600000000000001421e-01 6.612500000000000044e-01 3.125000000000000000e-01
6.600000000000001421e-01 6.612500000000000044e-01 9.375000000000000000e-02
6.600000000000001421e-01 6.612500000000000044e-01 1.812499999999999944e-01
6.600000000000001421e-01 6.837499999999999689e-01 9.375000000000000000e-02
6.600000000000001421e-01 6.837499999999999689e-01 1.812499999999999944e-01
6.600000000000001421e-01 6.837499999999999689e-01 2.468750000000000111e-01
6.600000000000001421e-01 6.837499999999999689e-01 2.906250000000000222e-01
6.600000000000001421e-01 6.837499999999999689e-01 3.343750000000000333e-01
6.600000000000001421e-01 6.837499999999999689e-01 3.781250000000000444e-01
6.600000000000001421e-01 5.881250000000000089e-01 3.125000000000000000e-01
6.600000000000001421e-01 6.331250000000000488e-01 2.687499999999999889e-01
6.600000000000001421e-01 6.443750000000000311e-01 2.687499999999999889e-01
6.600000000000001421e-01 7.034375000000000488e-01 2.250000000000000056e-01
6.600000000000001421e-01 7.020312499999999956e-01 4.000000000000000222e-01
6.600000000000001421e-01 7.048437499999999911e-01 4.000000000000000222e-01
5.400000000000000355e-01 6.500000000000000222e-01 2.796875000000000333e-01
5.400000000000000355e-01 6.500000000000000222e-01 3.015625000000000111e-01
5.400000000000000355e-01 6.500000000000000222e-01 3.453125000000000222e-01
5.400000000000000355e-01 6.500000000000000222e-01 3.179687500000000222e-01
5.400000000000000355e-01 6.500000000000000222e-01 3.289062500000000111e-01
5.400000000000000355e-01 5.600000000000000533e-01 3.234375000000000444e-01
5.400000000000000355e-01 5.600000000000000533e-01 2.742187500000000111e-01
5.400000000000000355e-01 5.600000000000000533e-01 2.851562500000000000e-01
5.400000000000000355e-01 5.600000000000000533e-01 2.960937500000000444e-01
5.400000000000000355e-01 5.600000000000000533e-01 3.070312500000000333e-01
5.400000000000000355e-01 7.399999999999999911e-01 2.742187500000000111e-01
5.400000000000000355e-01 7.399999999999999911e-01 2.851562500000000000e-01
5.400000000000000355e-01 7.399999999999999911e-01 2.960937500000000444e-01
5.400000000000000355e-01 7.399999999999999911e-01 3.070312500000000333e-01
5.400000000000000355e-01 6.950000000000000622e-01 3.562500000000000111e-01
5.400000000000000355e-01 6.275000000000000577e-01 3.343750000000000333e-01
5.400000000000000355e-01 6.275000000000000577e-01 3.781250000000000444e-01
5.400000000000000355e-01 7.175000000000000266e-01 3.125000000000000000e-01
5.400000000000000355e-01 5.712500000000000355e-01 3.125000000000000000e-01
5.400000000000000355e-01 6.162500000000000755e-01 4.000000000000000222e-01
5.400000000000000355e-01 6.162500000000000755e-01 3.562500000000000111e-01
5.400000000000000355e-01 6.387500000000000400e-01 4.000000000000000222e-01
5.400000000000000355e-01 6.387500000000000400e-01 3.562500000000000111e-01
5.400000000000000355e-01 6.837499999999999689e-01 2.687499999999999889e-01
5.400000000000000355e-01 6.837499999999999689e-01 3.562500000000000111e-01
5.400000000000000355e-01 6.331250000000000488e-01 3.125000000000000000e-01
5.400000000000000355e-01 6.443750000000000311e-01 3.125000000000000000e-01
5.400000000000000355e-01 6.078125000000000888e-01 4.000000000000000222e-01
5.400000000000000355e-01 6.696874999999999911e-01 2.250000000000000056e-01
6.200000000000001066e-01 6.500000000000000222e-01 3.234375000000000444e-01
6.200000000000001066e-01 6.500000000000000222e-01 3.453125000000000222e-01
6.200000000000001066e-01 6.500000000000000222e-01 3.890625000000000333e-01
6.200000000000001066e-01 5.600000000000000533e-01 3.343750000000000333e-01
6.200000000000001066e-01 7.399999999999999911e-01 3.179687500000000222e-01
6.200000000000001066e-01 7.399999999999999911e-01 3.289062500000000111e-01
6.200000000000001066e-01 7.399999999999999911e-01 3.835937500000000111e-01
6.200000000000001066e-01 7.399999999999999911e-01 3.945312500000000000e-01
6.200000000000001066e-01 6.950000000000000622e-01 3.781250000000000444e-01
6.200000000000001066e-01 6.724999999999999867e-01 3.125000000000000000e-01
6.200000000000001066e-01 6.724999999999999867e-01 9.375000000000000000e-02
6.200000000000001066e-01 6.724999999999999867e-01 1.812499999999999944e-01
6.200000000000001066e-01 6.162500000000000755e-01 2.687499999999999889e-01
6.200000000000001066e-01 6.162500000000000755e-01 3.562500000000000111e-01
6.200000000000001066e-01 7.287500000000000089e-01 3.125000000000000000e-01
6.200000000000001066e-01 5.881250000000000089e-01 4.000000000000000222e-01
6.200000000000001066e-01 6.781249999999999778e-01 2.250000000000000056e-01
6.200000000000001066e-01 6.753124999999999822e-01 4.000000000000000222e-01
6.200000000000001066e-01 6.809374999999999734e-01 4.000000000000000222e-01
5.200000000000000178e-01 6.500000000000000222e-01 2.906250000000000222e-01
5.200000000000000178e-01 6.500000000000000222e-01 3.234375000000000444e-01
5.200000000000000178e-01 6.950000000000000622e-01 2.468750000000000111e-01
5.200000000000000178e-01 6.950000000000000622e-01 2.906250000000000222e-01
5.200000000000000178e-01 6.275000000000000577e-01 3.125000000000000000e-01
5.200000000000000178e-01 6.724999999999999867e-01 4.000000000000000222e-01
5.200000000000000178e-01 6.724999999999999867e-01 2.687499999999999889e-01
5.200000000000000178e-01 7.175000000000000266e-01 2.687499999999999889e-01
5.200000000000000178e-01 6.612500000000000044e-01 3.125000000000000000e-01
5.200000000000000178e-01 6.837499999999999689e-01 3.125000000000000000e-01
5.600000000000000533e-01 6.500000000000000222e-01 2.906250000000000222e-01
5.600000000000000533e-01 6.500000000000000222e-01 3.234375000000000444e-01
5.600000000000000533e-01 7.399999999999999911e-01 3.562500000000000111e-01
5.600000000000000533e-01 6.049999999999999822e-01 3.343750000000000333e-01
5.600000000000000533e-01 6.049999999999999822e-01 3.781250000000000444e-01
5.600000000000000533e-01 6.950000000000000622e-01 3.125000000000000000e-01
5.600000000000000533e-01 5.825000000000000178e-01 3.562500000000000111e-01
5.600000000000000533e-01 6.275000000000000577e-01 3.562500000000000111e-01
5.600000000000000533e-01 6.724999999999999867e-01 4.000000000000000222e-01
5.600000000000000533e-01 6.837499999999999689e-01 3.125000000000000000e-01
6.000000000000000888e-01 6.500000000000000222e-01 3.343750000000000333e-01
6.000000000000000888e-01 7.399999999999999911e-01 3.234375000000000444e-01
6.000000000000000888e-01 7.399999999999999911e-01 3.453125000000000222e-01
6.000000000000000888e-01 6.950000000000000622e-01 3.562500000000000111e-01
6.000000000000000888e-01 5.825000000000000178e-01 3.125000000000000000e-01
6.000000000000000888e-01 6.275000000000000577e-01 2.687499999999999889e-01
6.000000000000000888e-01 6.275000000000000577e-01 3.562500000000000111e-01
6.000000000000000888e-01 5.937500000000000000e-01 2.250000000000000056e-01
6.000000000000000888e-01 6.162500000000000755e-01 3.125000000000000000e-01
6.000000000000000888e-01 6.387500000000000400e-01 3.125000000000000000e-01
6.000000000000000888e-01 7.287500000000000089e-01 2.250000000000000056e-01
6.000000000000000888e-01 5.881250000000000089e-01 4.000000000000000222e-01
6.000000000000000888e-01 5.993749999999999911e-01 4.000000000000000222e-01
6.400000000000001243e-01 6.500000000000000222e-01 3.343750000000000333e-01
6.400000000000001243e-01 6.500000000000000222e-01 3.781250000000000444e-01
6.400000000000001243e-01 5.600000000000000533e-01 3.562500000000000111e-01
6.400000000000001243e-01 7.399999999999999911e-01 3.234375000000000444e-01
6.400000000000001243e-01 7.399999999999999911e-01 3.453125000000000222e-01
6.400000000000001243e-01 6.275000000000000577e-01 4.000000000000000222e-01
6.400000000000001243e-01 6.275000000000000577e-01 2.687499999999999889e-01
6.400000000000001243e-01 6.162500000000000755e-01 3.125000000000000000e-01
6.400000000000001243e-01 6.387500000000000400e-01 2.250000000000000056e-01
6.400000000000001243e-01 7.287500000000000089e-01 2.250000000000000056e-01
5.100000000000000089e-01 6.950000000000000622e-01 2.687499999999999889e-01
5.100000000000000089e-01 6.724999999999999867e-01 3.125000000000000000e-01
5.300000000000000266e-01 6.049999999999999822e-01 3.125000000000000000e-01
5.300000000000000266e-01 6.950000000000000622e-01 2.687499999999999889e-01
5.300000000000000266e-01 6.275000000000000577e-01 2.250000000000000056e-01
5.300000000000000266e-01 6.724999999999999867e-01 3.125000000000000000e-01
5.300000000000000266e-01 6.162500000000000755e-01 4.000000000000000222e-01
5.300000000000000266e-01 6.387500000000000400e-01 4.000000000000000222e-01
5.500000000000000444e-01 7.399999999999999911e-01 3.125000000000000000e-01
5.500000000000000444e-01 7.399999999999999911e-01 2.687499999999999889e-01
5.700000000000000622e-01 7.399999999999999911e-01 3.125000000000000000e-01
5.700000000000000622e-01 7.399999999999999911e-01 2.687499999999999889e-01
5.900000000000000799e-01 5.937500000000000000e-01 4.000000000000000222e-01
6.100000000000000977e-01 6.049999999999999822e-01 3.125000000000000000e-01
6.100000000000000977e-01 5.825000000000000178e-01 2.250000000000000056e-01
6.100000000000000977e-01 6.275000000000000577e-01 2.250000000000000056e-01
6.100000000000000977e-01 5.712500000000000355e-01 4.000000000000000222e-01
6.100000000000000977e-01 5.937500000000000000e-01 4.000000000000000222e-01
6.100000000000000977e-01 6.162500000000000755e-01 4.000000000000000222e-01
6.100000000000000977e-01 6.387500000000000400e-01 4.000000000000000222e-01
6.300000000000001155e-01 6.500000000000000222e-01 3.562500000000000111e-01
6.300000000000001155e-01 6.049999999999999822e-01 3.125000000000000000e-01
6.300000000000001155e-01 6.387500000000000400e-01 4.000000000000000222e-01
6.300000000000001155e-01 7.287500000000000089e-01 4.000000000000000222e-01
6.500000000000001332e-01 6.500000000000000222e-01 3.562500000000000111e-01
6.500000000000001332e-01 6.387500000000000400e-01 4.000000000000000222e-01
6.500000000000001332e-01 7.287500000000000089e-01 4.000000000000000222e-01
5.050000000000001155e-01 5.600000000000000533e-01 3.125000000000000000e-01
5.050000000000001155e-01 6.049999999999999822e-01 4.000000000000000222e-01
5.150000000000000133e-01 6.500000000000000222e-01 2.250000000000000056e-01
5.150000000000000133e-01 7.399999999999999911e-01 4.000000000000000222e-01
5.250000000000000222e-01 6.275000000000000577e-01 4.000000000000000222e-01
5.350000000000000311e-01 6.275000000000000577e-01 4.000000000000000222e-01
5.850000000000000755e-01 5.600000000000000533e-01 3.125000000000000000e-01
5.850000000000000755e-01 6.049999999999999822e-01 4.000000000000000222e-01
5.950000000000000844e-01 5.600000000000000533e-01 3.125000000000000000e-01
6.050000000000000933e-01 5.825000000000000178e-01 4.000000000000000222e-01
6.150000000000001021e-01 7.399999999999999911e-01 3.125000000000000000e-01
6.150000000000001021e-01 6.950000000000000622e-01 4.000000000000000222e-01
6.150000000000001021e-01 5.825000000000000178e-01 4.000000000000000222e-01
6.250000000000001110e-01 5.600000000000000533e-01 4.000000000000000222e-01
6.250000000000001110e-01 7.399999999999999911e-01 3.125000000000000000e-01
6.250000000000001110e-01 6.049999999999999822e-01 2.250000000000000056e-01
6.250000000000001110e-01 6.950000000000000622e-01 4.000000000000000222e-01
6.350000000000001199e-01 5.600000000000000533e-01 4.000000000000000222e-01
6.350000000000001199e-01 7.399999999999999911e-01 3.125000000000000000e-01
6.350000000000001199e-01 6.049999999999999822e-01 2.250000000000000056e-01
6.350000000000001199e-01 6.950000000000000622e-01 4.000000000000000222e-01
6.450000000000001288e-01 5.600000000000000533e-01 3.125000000000000000e-01
6.450000000000001288e-01 7.399999999999999911e-01 3.125000000000000000e-01
6.450000000000001288e-01 6.950000000000000622e-01 4.000000000000000222e-01
6.550000000000000266e-01 5.600000000000000533e-01 3.125000000000000000e-01
5.025000000000000577e-01 6.500000000000000222e-01 4.000000000000000222e-01
5.025000000000000577e-01 5.600000000000000533e-01 2.250000000000000056e-01
5.125000000000000666e-01 6.500000000000000222e-01 4.000000000000000222e-01
5.175000000000000711e-01 6.500000000000000222e-01 4.000000000000000222e-01
5.825000000000000178e-01 6.500000000000000222e-01 4.000000000000000222e-01
5.825000000000000178e-01 5.600000000000000533e-01 2.250000000000000056e-01
5.875000000000000222e-01 6.500000000000000222e-01 4.000000000000000222e-01
5.875000000000000222e-01 5.600000000000000533e-01 2.250000000000000056e-01
6.125000000000000444e-01 6.500000000000000222e-01 4.000000000000000222e-01
6.125000000000000444e-01 7.399999999999999911e-01 2.250000000000000056e-01
6.175000000000000488e-01 6.500000000000000222e-01 4.000000000000000222e-01
6.175000000000000488e-01 7.399999999999999911e-01 2.250000000000000056e-01
6.225000000000000533e-01 6.500000000000000222e-01 4.000000000000000222e-01
6.225000000000000533e-01 7.399999999999999911e-01 2.250000000000000056e-01
6.275000000000000577e-01 6.500000000000000222e-01 4.000000000000000222e-01
6.275000000000000577e-01 7.399999999999999911e-01 2.250000000000000056e-01
6.325000000000000622e-01 6.500000000000000222e-01 4.000000000000000222e-01
6.325000000000000622e-01 7.399999999999999911e-01 2.250000000000000056e-01
6.325000000000000622e-01 6.049999999999999822e-01 4.000000000000000222e-01
6.375000000000000666e-01 6.500000000000000222e-01 4.000000000000000222e-01
6.375000000000000666e-01 7.399999999999999911e-01 2.250000000000000056e-01
6.375000000000000666e-01 6.049999999999999822e-01 4.000000000000000222e-01
6.425000000000000711e-01 6.500000000000000222e-01 4.000000000000000222e-01
6.425000000000000711e-01 5.600000000000000533e-01 2.250000000000000056e-01
6.475000000000000755e-01 6.500000000000000222e-01 4.000000000000000222e-01
6.475000000000000755e-01 5.600000000000000533e-01 2.250000000000000056e-01
6.575000000000000844e-01 6.500000000000000222e-01 4.000000000000000222e-01
6.575000000000000844e-01 5.600000000000000533e-01 2.250000000000000056e-01
5.012500000000000844e-01 5.600000000000000533e-01 4.000000000000000222e-01
5.037500000000000311e-01 5.600000000000000533e-01 4.000000000000000222e-01
5.812500000000000444e-01 5.600000000000000533e-01 4.000000000000000222e-01
5.837500000000001021e-01 5.600000000000000533e-01 4.000000000000000222e-01
5.862500000000000488e-01 5.600000000000000533e-01 4.000000000000000222e-01
5.887500000000001066e-01 5.600000000000000533e-01 4.000000000000000222e-01
6.112500000000000711e-01 7.399999999999999911e-01 4.000000000000000222e-01
6.137500000000001288e-01 7.399999999999999911e-01 4.000000000000000222e-01
6.162500000000000755e-01 7.399999999999999911e-01 4.000000000000000222e-01
6.187500000000001332e-01 7.399999999999999911e-01 4.000000000000000222e-01
6.212500000000000799e-01 7.399999999999999911e-01 4.000000000000000222e-01
6.237500000000000266e-01 7.399999999999999911e-01 4.000000000000000222e-01
6.262500000000000844e-01 7.399999999999999911e-01 4.000000000000000222e-01
6.287500000000000311e-01 7.399999999999999911e-01 4.000000000000000222e-01
6.312500000000000888e-01 7.399999999999999911e-01 4.000000000000000222e-01
6.337500000000000355e-01 7.399999999999999911e-01 4.000000000000000222e-01
6.362500000000000933e-01 7.399999999999999911e-01 4.000000000000000222e-01
6.387500000000000400e-01 7.399999999999999911e-01 4.000000000000000222e-01
6.412500000000000977e-01 5.600000000000000533e-01 4.000000000000000222e-01
6.437500000000000444e-01 5.600000000000000533e-01 4.000000000000000222e-01
6.462500000000001021e-01 5.600000000000000533e-01 4.000000000000000222e-01
6.487500000000000488e-01 5.600000000000000533e-01 4.000000000000000222e-01
6.562500000000001110e-01 5.600000000000000533e-01 4.000000000000000222e-01
6.587500000000000577e-01 5.600000000000000533e-01 4.000000000000000222e-01
