5.700000000000000622e-01 6.450000000000000178e-01 3.824218750000000222e-01
5.700000000000000622e-01 6.450000000000000178e-01 3.847656250000000000e-01
5.700000000000000622e-01 6.450000000000000178e-01 3.964843750000000000e-01
5.700000000000000622e-01 6.450000000000000178e-01 3.988281250000000333e-01
5.700000000000000622e-01 5.600000000000000533e-01 3.835937500000000111e-01
5.700000000000000622e-01 5.600000000000000533e-01 3.976562500000000444e-01
5.700000000000000622e-01 7.299999999999999822e-01 3.835937500000000111e-01
5.700000000000000622e-01 7.299999999999999822e-01 3.976562500000000444e-01
5.700000000000000622e-01 6.875000000000000000e-01 3.812500000000000333e-01
5.700000000000000622e-01 7.246874999999999289e-01 3.250000000000000111e-01
5.700000000000000622e-01 6.463281250000000311e-01 4.000000000000000222e-01
5.700000000000000622e-01 7.090820312500000222e-01 4.000000000000000222e-01
5.700000000000000622e-01 7.097460937499999734e-01 4.000000000000000222e-01
5.700000000000000622e-01 7.117382812499999378e-01 4.000000000000000222e-01
5.700000000000000622e-01 7.124023437500000000e-01 4.000000000000000222e-01
5.700000000000000622e-01 7.130664062499999512e-01 4.000000000000000222e-01
5.700000000000000622e-01 7.137304687500000133e-01 4.000000000000000222e-01
5.000000000000000000e-01 5.600000000000000533e-01 3.976562500000000444e-01
5.000000000000000000e-01 7.299999999999999822e-01 3.976562500000000444e-01
5.000000000000000000e-01 7.087499999999999911e-01 3.812500000000000333e-01
5.000000000000000000e-01 6.768750000000000044e-01 4.000000000000000222e-01
5.000000000000000000e-01 7.034374999999999378e-01 4.000000000000000222e-01
5.000000000000000000e-01 7.153906249999999467e-01 4.000000000000000222e-01
5.000000000000000000e-01 7.180468749999999734e-01 4.000000000000000222e-01
5.000000000000000000e-01 7.094140625000000533e-01 3.250000000000000111e-01
5.000000000000000000e-01 7.120703124999999689e-01 3.250000000000000111e-01
5.000000000000000000e-01 7.090820312500000222e-01 2.500000000000000000e-01
5.000000000000000000e-01 7.097460937499999734e-01 2.500000000000000000e-01
5.000000000000000000e-01 7.117382812499999378e-01 2.500000000000000000e-01
5.000000000000000000e-01 7.124023437500000000e-01 2.500000000000000000e-01
5.000000000000000000e-01 7.130664062499999512e-01 2.500000000000000000e-01
5.000000000000000000e-01 7.137304687500000133e-01 2.500000000000000000e-01
5.000000000000000000e-01 7.089160156249999512e-01 4.000000000000000222e-01
5.000000000000000000e-01 7.092480468749999822e-01 4.000000000000000222e-01
5.000000000000000000e-01 7.095800781250000133e-01 4.000000000000000222e-01
5.000000000000000000e-01 7.099121093750000444e-01 4.000000000000000222e-01
5.000000000000000000e-01 7.115722656249999778e-01 4.000000000000000222e-01
5.000000000000000000e-01 7.119042968750000089e-01 4.000000000000000222e-01
5.000000000000000000e-01 7.122363281249999289e-01 4.000000000000000222e-01
5.000000000000000000e-01 7.125683593749999600e-01 4.000000000000000222e-01
5.000000000000000000e-01 7.129003906249999911e-01 4.000000000000000222e-01
5.000000000000000000e-01 7.132324218750000222e-01 4.000000000000000222e-01
5.000000000000000000e-01 7.135644531249999423e-01 4.000000000000000222e-01
5.000000000000000000e-01 7.138964843749999734e-01 4.000000000000000222e-01
6.400000000000001243e-01 6.450000000000000178e-01 3.835937500000000111e-01
6.400000000000001243e-01 6.450000000000000178e-01 3.976562500000000444e-01
6.400000000000001243e-01 6.875000000000000000e-01 3.718750000000000111e-01
6.400000000000001243e-01 6.875000000000000000e-01 3.906250000000000000e-01
6.400000000000001243e-01 7.087499999999999911e-01 3.718750000000000111e-01
6.400000000000001243e-01 7.087499999999999911e-01 3.906250000000000000e-01
6.400000000000001243e-01 7.193749999999999867e-01 3.343749999999999778e-01
6.400000000000001243e-01 7.246874999999999289e-01 3.437500000000000000e-01
6.400000000000001243e-01 5.945312500000000666e-01 4.000000000000000222e-01
6.400000000000001243e-01 5.998437500000000089e-01 4.000000000000000222e-01
6.400000000000001243e-01 6.476562500000000444e-01 3.250000000000000111e-01
6.400000000000001243e-01 7.114062500000000178e-01 3.250000000000000111e-01
6.400000000000001243e-01 7.220312500000000133e-01 4.000000000000000222e-01
6.400000000000001243e-01 7.273437499999999556e-01 4.000000000000000222e-01
6.400000000000001243e-01 6.463281250000000311e-01 2.500000000000000000e-01
6.400000000000001243e-01 7.021093750000000355e-01 3.250000000000000111e-01
6.400000000000001243e-01 7.100781250000000044e-01 2.500000000000000000e-01
6.400000000000001243e-01 7.127343750000000311e-01 2.500000000000000000e-01
6.400000000000001243e-01 7.207031250000000000e-01 3.250000000000000111e-01
6.400000000000001243e-01 6.456640624999999689e-01 4.000000000000000222e-01
6.400000000000001243e-01 6.469921874999999822e-01 4.000000000000000222e-01
6.400000000000001243e-01 6.483203124999999956e-01 4.000000000000000222e-01
6.400000000000001243e-01 6.496484375000000089e-01 4.000000000000000222e-01
6.400000000000001243e-01 7.094140625000000533e-01 4.000000000000000222e-01
6.400000000000001243e-01 7.107421874999999556e-01 4.000000000000000222e-01
6.400000000000001243e-01 7.120703124999999689e-01 4.000000000000000222e-01
6.400000000000001243e-01 7.133984374999999822e-01 4.000000000000000222e-01
5.350000000000000311e-01 6.450000000000000178e-01 3.835937500000000111e-01
5.350000000000000311e-01 6.450000000000000178e-01 3.976562500000000444e-01
5.350000000000000311e-01 6.768750000000000044e-01 2.500000000000000000e-01
5.350000000000000311e-01 6.715625000000000622e-01 4.000000000000000222e-01
5.350000000000000311e-01 6.821874999999999467e-01 4.000000000000000222e-01
5.350000000000000311e-01 6.928125000000000533e-01 4.000000000000000222e-01
5.350000000000000311e-01 7.034374999999999378e-01 3.250000000000000111e-01
5.350000000000000311e-01 7.060937499999999645e-01 4.000000000000000222e-01
5.350000000000000311e-01 7.114062500000000178e-01 3.250000000000000111e-01
5.350000000000000311e-01 7.167187499999999600e-01 3.250000000000000111e-01
5.350000000000000311e-01 7.100781250000000044e-01 2.500000000000000000e-01
5.350000000000000311e-01 7.127343750000000311e-01 2.500000000000000000e-01
5.350000000000000311e-01 7.153906249999999467e-01 2.500000000000000000e-01
5.350000000000000311e-01 7.180468749999999734e-01 2.500000000000000000e-01
5.350000000000000311e-01 7.094140625000000533e-01 4.000000000000000222e-01
5.350000000000000311e-01 7.107421874999999556e-01 4.000000000000000222e-01
5.350000000000000311e-01 7.120703124999999689e-01 4.000000000000000222e-01
5.350000000000000311e-01 7.133984374999999822e-01 4.000000000000000222e-01
5.350000000000000311e-01 7.147265624999999956e-01 4.000000000000000222e-01
5.350000000000000311e-01 7.160546875000000089e-01 4.000000000000000222e-01
5.350000000000000311e-01 7.173828125000000222e-01 4.000000000000000222e-01
5.350000000000000311e-01 7.187109375000000355e-01 4.000000000000000222e-01
6.050000000000000933e-01 7.299999999999999822e-01 3.718750000000000111e-01
6.050000000000000933e-01 7.299999999999999822e-01 3.906250000000000000e-01
6.050000000000000933e-01 6.875000000000000000e-01 3.671875000000000000e-01
6.050000000000000933e-01 6.875000000000000000e-01 3.765625000000000222e-01
6.050000000000000933e-01 6.875000000000000000e-01 3.859375000000000444e-01
6.050000000000000933e-01 6.875000000000000000e-01 3.953125000000000111e-01
6.050000000000000933e-01 6.662500000000000089e-01 3.812500000000000333e-01
6.050000000000000933e-01 7.087499999999999911e-01 3.343749999999999778e-01
6.050000000000000933e-01 6.981249999999999956e-01 2.687499999999999889e-01
6.050000000000000933e-01 6.981249999999999956e-01 3.718750000000000111e-01
6.050000000000000933e-01 6.981249999999999956e-01 3.906250000000000000e-01
6.050000000000000933e-01 7.193749999999999867e-01 1.749999999999999889e-01
6.050000000000000933e-01 7.193749999999999867e-01 3.296875000000000222e-01
6.050000000000000933e-01 7.193749999999999867e-01 3.390625000000000444e-01
6.050000000000000933e-01 6.609374999999999556e-01 3.250000000000000111e-01
6.050000000000000933e-01 6.928125000000000533e-01 3.437500000000000000e-01
6.050000000000000933e-01 6.928125000000000533e-01 3.812500000000000333e-01
6.050000000000000933e-01 7.140625000000000444e-01 4.000000000000000222e-01
6.050000000000000933e-01 7.246874999999999289e-01 9.999999999999997780e-02
6.050000000000000933e-01 7.246874999999999289e-01 2.874999999999999778e-01
6.050000000000000933e-01 7.246874999999999289e-01 3.343749999999999778e-01
6.050000000000000933e-01 7.246874999999999289e-01 3.531250000000000222e-01
6.050000000000000933e-01 5.839062500000000711e-01 3.250000000000000111e-01
6.050000000000000933e-01 5.945312500000000666e-01 2.500000000000000000e-01
6.050000000000000933e-01 5.998437500000000089e-01 2.500000000000000000e-01
6.050000000000000933e-01 6.476562500000000444e-01 2.874999999999999778e-01
6.050000000000000933e-01 6.476562500000000444e-01 3.625000000000000444e-01
6.050000000000000933e-01 7.167187499999999600e-01 2.500000000000000000e-01
6.050000000000000933e-01 7.220312500000000133e-01 3.437500000000000000e-01
6.050000000000000933e-01 7.273437499999999556e-01 3.437500000000000000e-01
6.050000000000000933e-01 5.932031250000000533e-01 4.000000000000000222e-01
6.050000000000000933e-01 5.958593750000000799e-01 4.000000000000000222e-01
6.050000000000000933e-01 5.985156249999999956e-01 4.000000000000000222e-01
6.050000000000000933e-01 6.011718750000000222e-01 4.000000000000000222e-01
6.050000000000000933e-01 6.463281250000000311e-01 3.250000000000000111e-01
6.050000000000000933e-01 6.489843750000000577e-01 3.250000000000000111e-01
6.050000000000000933e-01 6.596093750000000533e-01 4.000000000000000222e-01
6.050000000000000933e-01 6.622656249999999689e-01 4.000000000000000222e-01
6.050000000000000933e-01 6.649218749999999956e-01 4.000000000000000222e-01
6.050000000000000933e-01 7.021093750000000355e-01 4.000000000000000222e-01
6.050000000000000933e-01 7.100781250000000044e-01 4.000000000000000222e-01
6.050000000000000933e-01 7.180468749999999734e-01 4.000000000000000222e-01
6.050000000000000933e-01 7.207031250000000000e-01 4.000000000000000222e-01
6.050000000000000933e-01 6.456640624999999689e-01 2.500000000000000000e-01
6.050000000000000933e-01 6.469921874999999822e-01 2.500000000000000000e-01
6.050000000000000933e-01 6.483203124999999956e-01 2.500000000000000000e-01
6.050000000000000933e-01 6.496484375000000089e-01 2.500000000000000000e-01
6.050000000000000933e-01 7.014453124999999734e-01 3.250000000000000111e-01
6.050000000000000933e-01 7.027734374999999867e-01 3.250000000000000111e-01
6.050000000000000933e-01 7.200390624999999378e-01 3.250000000000000111e-01
6.050000000000000933e-01 7.213671874999999512e-01 3.250000000000000111e-01
6.050000000000000933e-01 6.453320312500000488e-01 4.000000000000000222e-01
6.050000000000000933e-01 6.459960937500000000e-01 4.000000000000000222e-01
6.050000000000000933e-01 6.466601562500000622e-01 4.000000000000000222e-01
6.050000000000000933e-01 6.473242187500000133e-01 4.000000000000000222e-01
6.050000000000000933e-01 6.479882812499999645e-01 4.000000000000000222e-01
6.050000000000000933e-01 6.486523437500000266e-01 4.000000000000000222e-01
6.050000000000000933e-01 6.493164062499999778e-01 4.000000000000000222e-01
6.050000000000000933e-01 6.499804687500000400e-01 4.000000000000000222e-01
5.175000000000000711e-01 7.299999999999999822e-01 3.812500000000000333e-01
5.175000000000000711e-01 6.875000000000000000e-01 3.906250000000000000e-01
5.175000000000000711e-01 6.556250000000000133e-01 2.500000000000000000e-01
5.175000000000000711e-01 6.768750000000000044e-01 2.500000000000000000e-01
5.175000000000000711e-01 6.715625000000000622e-01 4.000000000000000222e-01
5.175000000000000711e-01 6.928125000000000533e-01 3.250000000000000111e-01
5.175000000000000711e-01 7.060937499999999645e-01 2.500000000000000000e-01
5.175000000000000711e-01 7.114062500000000178e-01 2.500000000000000000e-01
5.175000000000000711e-01 7.220312500000000133e-01 4.000000000000000222e-01
5.175000000000000711e-01 7.273437499999999556e-01 4.000000000000000222e-01
5.175000000000000711e-01 7.047656249999999512e-01 4.000000000000000222e-01
5.175000000000000711e-01 7.074218749999999778e-01 4.000000000000000222e-01
5.175000000000000711e-01 7.100781250000000044e-01 4.000000000000000222e-01
5.175000000000000711e-01 7.127343750000000311e-01 4.000000000000000222e-01
5.525000000000001021e-01 7.114062500000000178e-01 2.500000000000000000e-01
5.525000000000001021e-01 7.167187499999999600e-01 2.500000000000000000e-01
5.525000000000001021e-01 7.100781250000000044e-01 4.000000000000000222e-01
5.525000000000001021e-01 7.127343750000000311e-01 4.000000000000000222e-01
5.525000000000001021e-01 7.153906249999999467e-01 4.000000000000000222e-01
5.525000000000001021e-01 7.180468749999999734e-01 4.000000000000000222e-01
5.875000000000000222e-01 6.875000000000000000e-01 3.812500000000000333e-01
5.875000000000000222e-01 7.087499999999999911e-01 2.687499999999999889e-01
5.875000000000000222e-01 6.981249999999999956e-01 2.593750000000000222e-01
5.875000000000000222e-01 6.981249999999999956e-01 2.781250000000000111e-01
5.875000000000000222e-01 7.193749999999999867e-01 3.437500000000000000e-01
5.875000000000000222e-01 6.928125000000000533e-01 2.500000000000000000e-01
5.875000000000000222e-01 6.928125000000000533e-01 3.625000000000000444e-01
5.875000000000000222e-01 7.246874999999999289e-01 2.500000000000000000e-01
5.875000000000000222e-01 7.246874999999999289e-01 4.000000000000000222e-01
5.875000000000000222e-01 5.839062500000000711e-01 3.250000000000000111e-01
5.875000000000000222e-01 6.476562500000000444e-01 2.500000000000000000e-01
5.875000000000000222e-01 6.463281250000000311e-01 4.000000000000000222e-01
5.875000000000000222e-01 6.489843750000000577e-01 4.000000000000000222e-01
6.225000000000000533e-01 6.875000000000000000e-01 3.812500000000000333e-01
6.225000000000000533e-01 7.087499999999999911e-01 1.749999999999999889e-01
6.225000000000000533e-01 5.918750000000000400e-01 4.000000000000000222e-01
6.225000000000000533e-01 6.981249999999999956e-01 9.999999999999997780e-02
6.225000000000000533e-01 7.193749999999999867e-01 1.374999999999999833e-01
6.225000000000000533e-01 7.193749999999999867e-01 2.124999999999999944e-01
6.225000000000000533e-01 7.193749999999999867e-01 3.437500000000000000e-01
6.225000000000000533e-01 5.865625000000000977e-01 4.000000000000000222e-01
6.225000000000000533e-01 5.971874999999999822e-01 2.500000000000000000e-01
6.225000000000000533e-01 6.503125000000000711e-01 2.874999999999999778e-01
6.225000000000000533e-01 6.503125000000000711e-01 3.625000000000000444e-01
6.225000000000000533e-01 6.928125000000000533e-01 3.250000000000000111e-01
6.225000000000000533e-01 6.928125000000000533e-01 3.625000000000000444e-01
6.225000000000000533e-01 7.246874999999999289e-01 2.500000000000000000e-01
6.225000000000000533e-01 5.839062500000000711e-01 2.500000000000000000e-01
6.225000000000000533e-01 6.476562500000000444e-01 2.500000000000000000e-01
6.225000000000000533e-01 6.476562500000000444e-01 3.250000000000000111e-01
6.225000000000000533e-01 6.529687499999999867e-01 3.250000000000000111e-01
6.225000000000000533e-01 6.582812500000000400e-01 3.250000000000000111e-01
6.225000000000000533e-01 6.635937499999999822e-01 3.250000000000000111e-01
6.225000000000000533e-01 6.463281250000000311e-01 4.000000000000000222e-01
6.225000000000000533e-01 6.489843750000000577e-01 4.000000000000000222e-01
6.225000000000000533e-01 6.596093750000000533e-01 2.500000000000000000e-01
6.225000000000000533e-01 6.622656249999999689e-01 2.500000000000000000e-01
6.225000000000000533e-01 6.649218749999999956e-01 2.500000000000000000e-01
6.225000000000000533e-01 7.100781250000000044e-01 2.500000000000000000e-01
6.225000000000000533e-01 7.180468749999999734e-01 2.500000000000000000e-01
6.225000000000000533e-01 6.589453124999999911e-01 4.000000000000000222e-01
6.225000000000000533e-01 6.602734375000000044e-01 4.000000000000000222e-01
6.225000000000000533e-01 6.616015625000000178e-01 4.000000000000000222e-01
6.225000000000000533e-01 6.629296875000000311e-01 4.000000000000000222e-01
6.225000000000000533e-01 6.642578125000000444e-01 4.000000000000000222e-01
6.225000000000000533e-01 6.655859375000000577e-01 4.000000000000000222e-01
6.225000000000000533e-01 7.094140625000000533e-01 4.000000000000000222e-01
6.225000000000000533e-01 7.107421874999999556e-01 4.000000000000000222e-01
6.225000000000000533e-01 7.173828125000000222e-01 4.000000000000000222e-01
6.225000000000000533e-01 7.187109375000000355e-01 4.000000000000000222e-01
5.087500000000000355e-01 7.299999999999999822e-01 4.000000000000000222e-01
5.087500000000000355e-01 7.299999999999999822e-01 3.906250000000000000e-01
5.087500000000000355e-01 6.875000000000000000e-01 2.500000000000000000e-01
5.087500000000000355e-01 7.087499999999999911e-01 3.250000000000000111e-01
5.087500000000000355e-01 6.556250000000000133e-01 4.000000000000000222e-01
5.087500000000000355e-01 6.768750000000000044e-01 4.000000000000000222e-01
5.087500000000000355e-01 6.981249999999999956e-01 4.000000000000000222e-01
5.087500000000000355e-01 7.193749999999999867e-01 3.250000000000000111e-01
5.087500000000000355e-01 7.246874999999999289e-01 4.000000000000000222e-01
5.087500000000000355e-01 7.114062500000000178e-01 4.000000000000000222e-01
5.262500000000001066e-01 7.299999999999999822e-01 3.906250000000000000e-01
5.262500000000001066e-01 7.087499999999999911e-01 2.874999999999999778e-01
5.262500000000001066e-01 7.087499999999999911e-01 3.625000000000000444e-01
5.262500000000001066e-01 6.981249999999999956e-01 3.250000000000000111e-01
5.262500000000001066e-01 6.715625000000000622e-01 2.500000000000000000e-01
5.262500000000001066e-01 6.689062500000000355e-01 4.000000000000000222e-01
5.262500000000001066e-01 6.742187499999999778e-01 4.000000000000000222e-01
5.262500000000001066e-01 7.114062500000000178e-01 4.000000000000000222e-01
5.262500000000001066e-01 7.220312500000000133e-01 2.500000000000000000e-01
5.262500000000001066e-01 7.273437499999999556e-01 2.500000000000000000e-01
5.262500000000001066e-01 7.207031250000000000e-01 4.000000000000000222e-01
5.262500000000001066e-01 7.233593750000000266e-01 4.000000000000000222e-01
5.262500000000001066e-01 7.260156249999999423e-01 4.000000000000000222e-01
5.262500000000001066e-01 7.286718749999999689e-01 4.000000000000000222e-01
5.437500000000000666e-01 6.875000000000000000e-01 2.500000000000000000e-01
5.437500000000000666e-01 7.193749999999999867e-01 3.250000000000000111e-01
5.437500000000000666e-01 7.140625000000000444e-01 2.500000000000000000e-01
5.437500000000000666e-01 7.246874999999999289e-01 4.000000000000000222e-01
5.437500000000000666e-01 7.114062500000000178e-01 4.000000000000000222e-01
5.437500000000000666e-01 7.167187499999999600e-01 4.000000000000000222e-01
5.612500000000000266e-01 7.114062500000000178e-01 4.000000000000000222e-01
5.612500000000000266e-01 7.167187499999999600e-01 4.000000000000000222e-01
5.787500000000000977e-01 5.706250000000000488e-01 4.000000000000000222e-01
5.787500000000000977e-01 5.759374999999999911e-01 2.500000000000000000e-01
5.787500000000000977e-01 6.928125000000000533e-01 4.000000000000000222e-01
5.787500000000000977e-01 5.839062500000000711e-01 2.500000000000000000e-01
5.787500000000000977e-01 6.476562500000000444e-01 4.000000000000000222e-01
5.962500000000000577e-01 6.450000000000000178e-01 3.812500000000000333e-01
5.962500000000000577e-01 7.299999999999999822e-01 9.999999999999997780e-02
5.962500000000000577e-01 6.875000000000000000e-01 1.749999999999999889e-01
5.962500000000000577e-01 6.928125000000000533e-01 4.000000000000000222e-01
5.962500000000000577e-01 6.476562500000000444e-01 4.000000000000000222e-01
6.137500000000000178e-01 7.087499999999999911e-01 3.812500000000000333e-01
6.137500000000000178e-01 5.971874999999999822e-01 4.000000000000000222e-01
6.137500000000000178e-01 6.503125000000000711e-01 3.250000000000000111e-01
6.137500000000000178e-01 6.928125000000000533e-01 9.999999999999997780e-02
6.137500000000000178e-01 6.928125000000000533e-01 4.000000000000000222e-01
6.137500000000000178e-01 6.476562500000000444e-01 4.000000000000000222e-01
6.137500000000000178e-01 6.582812500000000400e-01 4.000000000000000222e-01
6.137500000000000178e-01 6.635937499999999822e-01 4.000000000000000222e-01
6.137500000000000178e-01 6.901562500000000266e-01 2.500000000000000000e-01
6.137500000000000178e-01 6.954687499999999689e-01 2.500000000000000000e-01
6.312500000000000888e-01 7.087499999999999911e-01 3.812500000000000333e-01
6.312500000000000888e-01 5.971874999999999822e-01 4.000000000000000222e-01
6.312500000000000888e-01 6.503125000000000711e-01 3.250000000000000111e-01
6.312500000000000888e-01 6.928125000000000533e-01 4.000000000000000222e-01
6.312500000000000888e-01 6.476562500000000444e-01 4.000000000000000222e-01
6.312500000000000888e-01 6.582812500000000400e-01 4.000000000000000222e-01
6.312500000000000888e-01 6.635937499999999822e-01 4.000000000000000222e-01
5.043750000000000178e-01 6.875000000000000000e-01 4.000000000000000222e-01
5.043750000000000178e-01 7.087499999999999911e-01 2.500000000000000000e-01
5.043750000000000178e-01 7.193749999999999867e-01 3.250000000000000111e-01
5.043750000000000178e-01 7.140625000000000444e-01 4.000000000000000222e-01
5.043750000000000178e-01 7.246874999999999289e-01 4.000000000000000222e-01
5.131250000000000533e-01 6.875000000000000000e-01 4.000000000000000222e-01
5.131250000000000533e-01 7.087499999999999911e-01 2.500000000000000000e-01
5.218750000000000888e-01 7.087499999999999911e-01 3.250000000000000111e-01
5.218750000000000888e-01 6.556250000000000133e-01 2.500000000000000000e-01
5.306250000000000133e-01 7.087499999999999911e-01 3.250000000000000111e-01
5.306250000000000133e-01 6.981249999999999956e-01 2.500000000000000000e-01
5.306250000000000133e-01 6.928125000000000533e-01 4.000000000000000222e-01
5.306250000000000133e-01 7.034374999999999378e-01 4.000000000000000222e-01
5.393750000000000488e-01 6.875000000000000000e-01 4.000000000000000222e-01
5.393750000000000488e-01 7.087499999999999911e-01 2.500000000000000000e-01
5.393750000000000488e-01 7.140625000000000444e-01 4.000000000000000222e-01
5.481250000000000844e-01 6.875000000000000000e-01 4.000000000000000222e-01
5.481250000000000844e-01 7.087499999999999911e-01 2.500000000000000000e-01
5.481250000000000844e-01 7.140625000000000444e-01 4.000000000000000222e-01
5.743750000000000799e-01 5.759374999999999911e-01 4.000000000000000222e-01
5.743750000000000799e-01 5.839062500000000711e-01 4.000000000000000222e-01
5.831250000000001155e-01 5.759374999999999911e-01 4.000000000000000222e-01
5.831250000000001155e-01 5.839062500000000711e-01 4.000000000000000222e-01
5.918750000000000400e-01 5.600000000000000533e-01 2.500000000000000000e-01
5.918750000000000400e-01 5.706250000000000488e-01 3.250000000000000111e-01
5.918750000000000400e-01 5.653125000000001066e-01 2.500000000000000000e-01
6.006250000000000755e-01 5.600000000000000533e-01 3.812500000000000333e-01
6.006250000000000755e-01 7.299999999999999822e-01 2.500000000000000000e-01
6.006250000000000755e-01 6.025000000000000355e-01 3.250000000000000111e-01
6.006250000000000755e-01 6.875000000000000000e-01 9.999999999999997780e-02
6.006250000000000755e-01 6.875000000000000000e-01 3.812500000000000333e-01
6.006250000000000755e-01 7.087499999999999911e-01 9.999999999999997780e-02
6.006250000000000755e-01 7.087499999999999911e-01 3.250000000000000111e-01
6.006250000000000755e-01 5.706250000000000488e-01 3.250000000000000111e-01
6.006250000000000755e-01 6.981249999999999956e-01 2.500000000000000000e-01
6.006250000000000755e-01 6.981249999999999956e-01 4.000000000000000222e-01
6.006250000000000755e-01 7.193749999999999867e-01 2.500000000000000000e-01
6.006250000000000755e-01 7.193749999999999867e-01 4.000000000000000222e-01
6.006250000000000755e-01 5.653125000000001066e-01 2.500000000000000000e-01
6.006250000000000755e-01 5.759374999999999911e-01 2.500000000000000000e-01
6.006250000000000755e-01 5.626562500000000799e-01 4.000000000000000222e-01
6.006250000000000755e-01 5.679687500000000222e-01 4.000000000000000222e-01
6.006250000000000755e-01 5.732812500000000755e-01 4.000000000000000222e-01
6.006250000000000755e-01 5.785937500000000178e-01 4.000000000000000222e-01
6.181250000000000355e-01 5.812500000000000444e-01 2.500000000000000000e-01
6.181250000000000355e-01 6.237500000000000266e-01 2.500000000000000000e-01
6.181250000000000355e-01 5.706250000000000488e-01 4.000000000000000222e-01
6.181250000000000355e-01 5.918750000000000400e-01 4.000000000000000222e-01
6.181250000000000355e-01 6.131250000000000311e-01 4.000000000000000222e-01
6.181250000000000355e-01 6.343750000000000222e-01 4.000000000000000222e-01
6.181250000000000355e-01 6.556250000000000133e-01 3.250000000000000111e-01
6.268750000000000711e-01 7.299999999999999822e-01 3.250000000000000111e-01
6.268750000000000711e-01 6.875000000000000000e-01 9.999999999999997780e-02
6.268750000000000711e-01 6.662500000000000089e-01 2.500000000000000000e-01
6.268750000000000711e-01 7.087499999999999911e-01 3.250000000000000111e-01
6.268750000000000711e-01 6.556250000000000133e-01 3.250000000000000111e-01
5.021875000000000089e-01 7.087499999999999911e-01 4.000000000000000222e-01
5.065625000000000266e-01 7.087499999999999911e-01 4.000000000000000222e-01
5.109375000000000444e-01 7.087499999999999911e-01 4.000000000000000222e-01
5.109375000000000444e-01 7.193749999999999867e-01 2.500000000000000000e-01
5.153125000000000622e-01 7.087499999999999911e-01 4.000000000000000222e-01
5.153125000000000622e-01 7.193749999999999867e-01 2.500000000000000000e-01
5.196875000000000799e-01 6.556250000000000133e-01 4.000000000000000222e-01
5.196875000000000799e-01 7.193749999999999867e-01 2.500000000000000000e-01
5.196875000000000799e-01 7.140625000000000444e-01 4.000000000000000222e-01
5.196875000000000799e-01 7.246874999999999289e-01 4.000000000000000222e-01
5.240625000000000977e-01 6.556250000000000133e-01 4.000000000000000222e-01
5.284375000000001155e-01 7.087499999999999911e-01 2.500000000000000000e-01
5.284375000000001155e-01 6.981249999999999956e-01 4.000000000000000222e-01
5.284375000000001155e-01 7.193749999999999867e-01 4.000000000000000222e-01
5.328125000000000222e-01 7.087499999999999911e-01 2.500000000000000000e-01
5.328125000000000222e-01 6.981249999999999956e-01 4.000000000000000222e-01
5.328125000000000222e-01 7.193749999999999867e-01 4.000000000000000222e-01
5.371875000000000400e-01 7.087499999999999911e-01 4.000000000000000222e-01
5.415625000000000577e-01 7.087499999999999911e-01 4.000000000000000222e-01
5.459375000000000755e-01 7.087499999999999911e-01 4.000000000000000222e-01
5.503125000000000933e-01 7.087499999999999911e-01 4.000000000000000222e-01
5.503125000000000933e-01 7.193749999999999867e-01 2.500000000000000000e-01
5.896875000000000311e-01 5.600000000000000533e-01 4.000000000000000222e-01
5.896875000000000311e-01 6.025000000000000355e-01 2.500000000000000000e-01
5.896875000000000311e-01 6.237500000000000266e-01 3.250000000000000111e-01
5.896875000000000311e-01 7.087499999999999911e-01 3.250000000000000111e-01
5.896875000000000311e-01 6.131250000000000311e-01 4.000000000000000222e-01
5.896875000000000311e-01 6.343750000000000222e-01 4.000000000000000222e-01
5.896875000000000311e-01 6.981249999999999956e-01 4.000000000000000222e-01
5.896875000000000311e-01 7.193749999999999867e-01 4.000000000000000222e-01
5.896875000000000311e-01 5.653125000000001066e-01 4.000000000000000222e-01
5.940625000000000488e-01 5.600000000000000533e-01 4.000000000000000222e-01
5.940625000000000488e-01 5.653125000000001066e-01 4.000000000000000222e-01
5.984375000000000666e-01 6.875000000000000000e-01 2.500000000000000000e-01
5.984375000000000666e-01 5.812500000000000444e-01 3.250000000000000111e-01
5.984375000000000666e-01 5.653125000000001066e-01 4.000000000000000222e-01
5.984375000000000666e-01 5.759374999999999911e-01 4.000000000000000222e-01
6.028125000000000844e-01 6.025000000000000355e-01 3.250000000000000111e-01
6.028125000000000844e-01 6.875000000000000000e-01 2.500000000000000000e-01
6.028125000000000844e-01 5.812500000000000444e-01 3.250000000000000111e-01
6.028125000000000844e-01 5.706250000000000488e-01 2.500000000000000000e-01
6.028125000000000844e-01 5.653125000000001066e-01 4.000000000000000222e-01
6.028125000000000844e-01 5.759374999999999911e-01 4.000000000000000222e-01
6.071875000000001021e-01 5.812500000000000444e-01 3.250000000000000111e-01
6.071875000000001021e-01 6.662500000000000089e-01 4.000000000000000222e-01
6.071875000000001021e-01 7.087499999999999911e-01 4.000000000000000222e-01
6.115625000000000089e-01 6.662500000000000089e-01 3.250000000000000111e-01
6.115625000000000089e-01 7.087499999999999911e-01 3.250000000000000111e-01
6.159375000000000266e-01 5.706250000000000488e-01 2.500000000000000000e-01
6.159375000000000266e-01 6.131250000000000311e-01 2.500000000000000000e-01
6.159375000000000266e-01 5.653125000000001066e-01 4.000000000000000222e-01
6.159375000000000266e-01 5.759374999999999911e-01 4.000000000000000222e-01
6.159375000000000266e-01 6.078125000000000888e-01 4.000000000000000222e-01
6.159375000000000266e-01 6.184374999999999734e-01 4.000000000000000222e-01
6.203125000000000444e-01 5.812500000000000444e-01 4.000000000000000222e-01
6.203125000000000444e-01 6.237500000000000266e-01 4.000000000000000222e-01
6.203125000000000444e-01 6.662500000000000089e-01 4.000000000000000222e-01
6.203125000000000444e-01 6.556250000000000133e-01 2.500000000000000000e-01
6.246875000000000622e-01 6.025000000000000355e-01 3.250000000000000111e-01
6.246875000000000622e-01 6.875000000000000000e-01 9.999999999999997780e-02
6.246875000000000622e-01 6.875000000000000000e-01 3.250000000000000111e-01
6.246875000000000622e-01 5.812500000000000444e-01 2.500000000000000000e-01
6.246875000000000622e-01 6.662500000000000089e-01 2.500000000000000000e-01
6.246875000000000622e-01 7.087499999999999911e-01 9.999999999999997780e-02
6.246875000000000622e-01 7.087499999999999911e-01 3.250000000000000111e-01
6.246875000000000622e-01 5.706250000000000488e-01 4.000000000000000222e-01
6.246875000000000622e-01 5.918750000000000400e-01 4.000000000000000222e-01
6.246875000000000622e-01 6.981249999999999956e-01 2.500000000000000000e-01
6.246875000000000622e-01 6.981249999999999956e-01 4.000000000000000222e-01
6.246875000000000622e-01 7.193749999999999867e-01 2.500000000000000000e-01
6.246875000000000622e-01 7.193749999999999867e-01 4.000000000000000222e-01
6.290625000000000799e-01 6.875000000000000000e-01 2.500000000000000000e-01
6.334375000000000977e-01 7.087499999999999911e-01 3.250000000000000111e-01
5.098437500000000400e-01 7.193749999999999867e-01 4.000000000000000222e-01
5.120312500000000488e-01 7.193749999999999867e-01 4.000000000000000222e-01
5.142187500000000577e-01 7.193749999999999867e-01 4.000000000000000222e-01
5.164062500000000666e-01 7.193749999999999867e-01 4.000000000000000222e-01
5.185937500000000755e-01 6.875000000000000000e-01 3.250000000000000111e-01
5.185937500000000755e-01 6.662500000000000089e-01 4.000000000000000222e-01
5.185937500000000755e-01 7.087499999999999911e-01 2.500000000000000000e-01
5.185937500000000755e-01 6.981249999999999956e-01 4.000000000000000222e-01
5.185937500000000755e-01 7.193749999999999867e-01 4.000000000000000222e-01
5.207812500000000844e-01 7.193749999999999867e-01 4.000000000000000222e-01
5.229687500000000933e-01 7.299999999999999822e-01 4.000000000000000222e-01
5.229687500000000933e-01 6.875000000000000000e-01 3.250000000000000111e-01
5.273437500000000000e-01 7.087499999999999911e-01 4.000000000000000222e-01
5.295312500000000089e-01 7.087499999999999911e-01 4.000000000000000222e-01
5.317187500000000178e-01 7.087499999999999911e-01 4.000000000000000222e-01
5.339062500000000266e-01 7.087499999999999911e-01 4.000000000000000222e-01
5.492187500000000888e-01 7.193749999999999867e-01 4.000000000000000222e-01
5.514062500000000977e-01 7.193749999999999867e-01 4.000000000000000222e-01
5.885937500000000266e-01 6.025000000000000355e-01 4.000000000000000222e-01
5.885937500000000266e-01 6.237500000000000266e-01 2.500000000000000000e-01
5.907812500000000355e-01 6.025000000000000355e-01 4.000000000000000222e-01
5.951562500000000533e-01 6.025000000000000355e-01 4.000000000000000222e-01
5.951562500000000533e-01 6.237500000000000266e-01 2.500000000000000000e-01
6.017187500000000799e-01 6.025000000000000355e-01 3.250000000000000111e-01
6.017187500000000799e-01 5.706250000000000488e-01 4.000000000000000222e-01
6.039062500000000888e-01 5.706250000000000488e-01 4.000000000000000222e-01
6.060937500000000977e-01 6.025000000000000355e-01 3.250000000000000111e-01
6.060937500000000977e-01 6.875000000000000000e-01 9.999999999999997780e-02
6.060937500000000977e-01 5.812500000000000444e-01 2.500000000000000000e-01
6.060937500000000977e-01 6.662500000000000089e-01 2.500000000000000000e-01
6.060937500000000977e-01 7.087499999999999911e-01 2.500000000000000000e-01
6.060937500000000977e-01 6.981249999999999956e-01 4.000000000000000222e-01
6.060937500000000977e-01 7.193749999999999867e-01 4.000000000000000222e-01
6.082812500000001066e-01 6.025000000000000355e-01 3.250000000000000111e-01
6.082812500000001066e-01 5.812500000000000444e-01 4.000000000000000222e-01
6.126562500000001243e-01 7.087499999999999911e-01 2.500000000000000000e-01
6.126562500000001243e-01 6.981249999999999956e-01 4.000000000000000222e-01
6.126562500000001243e-01 7.193749999999999867e-01 4.000000000000000222e-01
6.192187500000000400e-01 6.025000000000000355e-01 3.250000000000000111e-01
6.192187500000000400e-01 5.812500000000000444e-01 2.500000000000000000e-01
6.192187500000000400e-01 5.706250000000000488e-01 4.000000000000000222e-01
6.192187500000000400e-01 5.918750000000000400e-01 4.000000000000000222e-01
6.192187500000000400e-01 6.556250000000000133e-01 4.000000000000000222e-01
6.214062500000000488e-01 6.025000000000000355e-01 3.250000000000000111e-01
6.214062500000000488e-01 5.812500000000000444e-01 2.500000000000000000e-01
6.214062500000000488e-01 6.237500000000000266e-01 2.500000000000000000e-01
6.214062500000000488e-01 5.706250000000000488e-01 4.000000000000000222e-01
6.214062500000000488e-01 5.918750000000000400e-01 4.000000000000000222e-01
6.214062500000000488e-01 6.131250000000000311e-01 4.000000000000000222e-01
6.214062500000000488e-01 6.343750000000000222e-01 4.000000000000000222e-01
6.214062500000000488e-01 6.556250000000000133e-01 4.000000000000000222e-01
6.235937500000000577e-01 5.812500000000000444e-01 4.000000000000000222e-01
6.235937500000000577e-01 7.087499999999999911e-01 2.500000000000000000e-01
6.235937500000000577e-01 7.087499999999999911e-01 4.000000000000000222e-01
6.257812500000000666e-01 5.812500000000000444e-01 4.000000000000000222e-01
6.257812500000000666e-01 7.087499999999999911e-01 2.500000000000000000e-01
6.257812500000000666e-01 7.087499999999999911e-01 4.000000000000000222e-01
5.180468750000000178e-01 7.299999999999999822e-01 4.000000000000000222e-01
5.180468750000000178e-01 6.875000000000000000e-01 2.500000000000000000e-01
5.180468750000000178e-01 7.087499999999999911e-01 4.000000000000000222e-01
5.191406250000000222e-01 7.087499999999999911e-01 4.000000000000000222e-01
5.650781250000000977e-01 7.299999999999999822e-01 3.250000000000000111e-01
5.880468750000000799e-01 6.237500000000000266e-01 4.000000000000000222e-01
5.891406250000000844e-01 6.237500000000000266e-01 4.000000000000000222e-01
5.946093750000001066e-01 6.237500000000000266e-01 4.000000000000000222e-01
5.957031250000001110e-01 6.237500000000000266e-01 4.000000000000000222e-01
6.000781250000000178e-01 6.450000000000000178e-01 2.500000000000000000e-01
6.000781250000000178e-01 5.600000000000000533e-01 3.250000000000000111e-01
6.000781250000000178e-01 7.299999999999999822e-01 2.500000000000000000e-01
6.000781250000000178e-01 6.025000000000000355e-01 4.000000000000000222e-01
6.000781250000000178e-01 6.875000000000000000e-01 4.000000000000000222e-01
6.033593750000000311e-01 5.600000000000000533e-01 3.250000000000000111e-01
6.033593750000000311e-01 6.025000000000000355e-01 2.500000000000000000e-01
6.033593750000000311e-01 5.812500000000000444e-01 4.000000000000000222e-01
6.033593750000000311e-01 6.237500000000000266e-01 4.000000000000000222e-01
6.044531250000000355e-01 5.600000000000000533e-01 3.250000000000000111e-01
6.055468750000000400e-01 6.450000000000000178e-01 2.874999999999999778e-01
6.055468750000000400e-01 6.450000000000000178e-01 3.625000000000000444e-01
6.055468750000000400e-01 5.600000000000000533e-01 3.250000000000000111e-01
6.055468750000000400e-01 7.299999999999999822e-01 3.250000000000000111e-01
6.055468750000000400e-01 5.812500000000000444e-01 4.000000000000000222e-01
6.066406250000000444e-01 5.812500000000000444e-01 4.000000000000000222e-01
6.121093750000000666e-01 5.600000000000000533e-01 3.250000000000000111e-01
6.121093750000000666e-01 7.299999999999999822e-01 3.250000000000000111e-01
6.121093750000000666e-01 7.087499999999999911e-01 4.000000000000000222e-01
6.132031250000000711e-01 7.087499999999999911e-01 4.000000000000000222e-01
5.177734375000000444e-01 6.875000000000000000e-01 4.000000000000000222e-01
5.183203125000001021e-01 6.875000000000000000e-01 4.000000000000000222e-01
5.254296875000000755e-01 6.450000000000000178e-01 3.250000000000000111e-01
5.259765625000000222e-01 6.450000000000000178e-01 3.250000000000000111e-01
5.648046875000000133e-01 6.450000000000000178e-01 3.250000000000000111e-01
5.724609375000000444e-01 6.450000000000000178e-01 3.250000000000000111e-01
5.724609375000000444e-01 7.299999999999999822e-01 2.500000000000000000e-01
5.724609375000000444e-01 6.875000000000000000e-01 4.000000000000000222e-01
5.741015625000001066e-01 6.450000000000000178e-01 3.250000000000000111e-01
5.998046875000000444e-01 6.450000000000000178e-01 4.000000000000000222e-01
5.998046875000000444e-01 5.600000000000000533e-01 2.500000000000000000e-01
6.003515625000001021e-01 6.450000000000000178e-01 4.000000000000000222e-01
6.030859375000000577e-01 6.025000000000000355e-01 4.000000000000000222e-01
6.036328125000001155e-01 6.025000000000000355e-01 4.000000000000000222e-01
6.041796875000000622e-01 6.450000000000000178e-01 3.250000000000000111e-01
6.041796875000000622e-01 5.600000000000000533e-01 2.500000000000000000e-01
6.041796875000000622e-01 7.299999999999999822e-01 2.500000000000000000e-01
6.041796875000000622e-01 6.025000000000000355e-01 4.000000000000000222e-01
6.041796875000000622e-01 6.875000000000000000e-01 4.000000000000000222e-01
6.047265625000000089e-01 6.450000000000000178e-01 3.250000000000000111e-01
6.047265625000000089e-01 7.299999999999999822e-01 2.500000000000000000e-01
6.047265625000000089e-01 6.875000000000000000e-01 4.000000000000000222e-01
6.052734375000000666e-01 6.450000000000000178e-01 3.250000000000000111e-01
6.052734375000000666e-01 5.600000000000000533e-01 2.500000000000000000e-01
6.052734375000000666e-01 7.299999999999999822e-01 2.500000000000000000e-01
6.052734375000000666e-01 6.025000000000000355e-01 4.000000000000000222e-01
6.052734375000000666e-01 6.875000000000000000e-01 4.000000000000000222e-01
6.058203125000001243e-01 6.450000000000000178e-01 3.250000000000000111e-01
5.252929687500000888e-01 6.450000000000000178e-01 2.500000000000000000e-01
5.252929687500000888e-01 5.600000000000000533e-01 4.000000000000000222e-01
5.252929687500000888e-01 7.299999999999999822e-01 4.000000000000000222e-01
5.646679687500000266e-01 6.450000000000000178e-01 2.500000000000000000e-01
5.646679687500000266e-01 5.600000000000000533e-01 4.000000000000000222e-01
5.646679687500000266e-01 7.299999999999999822e-01 4.000000000000000222e-01
5.649414062500001110e-01 6.450000000000000178e-01 2.500000000000000000e-01
5.649414062500001110e-01 5.600000000000000533e-01 4.000000000000000222e-01
5.649414062500001110e-01 7.299999999999999822e-01 4.000000000000000222e-01
5.723242187500000577e-01 6.450000000000000178e-01 2.500000000000000000e-01
5.723242187500000577e-01 5.600000000000000533e-01 4.000000000000000222e-01
5.723242187500000577e-01 7.299999999999999822e-01 4.000000000000000222e-01
5.725976562500000311e-01 6.450000000000000178e-01 2.500000000000000000e-01
5.725976562500000311e-01 5.600000000000000533e-01 4.000000000000000222e-01
5.725976562500000311e-01 7.299999999999999822e-01 4.000000000000000222e-01
5.742382812500000933e-01 6.450000000000000178e-01 2.500000000000000000e-01
5.742382812500000933e-01 5.600000000000000533e-01 4.000000000000000222e-01
5.742382812500000933e-01 7.299999999999999822e-01 4.000000000000000222e-01
5.996679687500000577e-01 5.600000000000000533e-01 4.000000000000000222e-01
5.999414062500000311e-01 5.600000000000000533e-01 4.000000000000000222e-01
6.043164062500000488e-01 6.450000000000000178e-01 2.500000000000000000e-01
6.043164062500000488e-01 5.600000000000000533e-01 4.000000000000000222e-01
6.043164062500000488e-01 7.299999999999999822e-01 4.000000000000000222e-01
6.045898437500000222e-01 6.450000000000000178e-01 2.500000000000000000e-01
6.045898437500000222e-01 5.600000000000000533e-01 4.000000000000000222e-01
6.045898437500000222e-01 7.299999999999999822e-01 4.000000000000000222e-01
6.048632812500001066e-01 6.450000000000000178e-01 2.500000000000000000e-01
6.048632812500001066e-01 5.600000000000000533e-01 4.000000000000000222e-01
6.048632812500001066e-01 7.299999999999999822e-01 4.000000000000000222e-01
6.051367187500000799e-01 6.450000000000000178e-01 2.500000000000000000e-01
6.051367187500000799e-01 5.600000000000000533e-01 4.000000000000000222e-01
6.051367187500000799e-01 7.299999999999999822e-01 4.000000000000000222e-01
6.054101562500000533e-01 6.450000000000000178e-01 2.500000000000000000e-01
6.054101562500000533e-01 5.600000000000000533e-01 4.000000000000000222e-01
6.054101562500000533e-01 7.299999999999999822e-01 4.000000000000000222e-01
5.252246093750000400e-01 6.450000000000000178e-01 4.000000000000000222e-01
5.253613281250000266e-01 6.450000000000000178e-01 4.000000000000000222e-01
5.645996093750000888e-01 6.450000000000000178e-01 4.000000000000000222e-01
5.647363281250000755e-01 6.450000000000000178e-01 4.000000000000000222e-01
5.648730468750000622e-01 6.450000000000000178e-01 4.000000000000000222e-01
5.650097656250000488e-01 6.450000000000000178e-01 4.000000000000000222e-01
5.722558593750000089e-01 6.450000000000000178e-01 4.000000000000000222e-01
5.723925781250001066e-01 6.450000000000000178e-01 4.000000000000000222e-01
5.725292968750000933e-01 6.450000000000000178e-01 4.000000000000000222e-01
5.726660156250000799e-01 6.450000000000000178e-01 4.000000000000000222e-01
5.741699218750000444e-01 6.450000000000000178e-01 4.000000000000000222e-01
5.743066406250000311e-01 6.450000000000000178e-01 4.000000000000000222e-01
6.042480468750001110e-01 6.450000000000000178e-01 4.000000000000000222e-01
6.043847656250000977e-01 6.450000000000000178e-01 4.000000000000000222e-01
6.045214843750000844e-01 6.450000000000000178e-01 4.000000000000000222e-01
6.046582031250000711e-01 6.450000000000000178e-01 4.000000000000000222e-01
6.047949218750000577e-01 6.450000000000000178e-01 4.000000000000000222e-01
6.049316406250000444e-01 6.450000000000000178e-01 4.000000000000000222e-01
6.050683593750000311e-01 6.450000000000000178e-01 4.000000000000000222e-01
6.052050781250000178e-01 6.450000000000000178e-01 4.000000000000000222e-01
6.053417968750001155e-01 6.450000000000000178e-01 4.000000000000000222e-01
6.054785156250001021e-01 6.450000000000000178e-01 4.000000000000000222e-01
