5.800000000000000711e-01 6.500000000000000222e-01 3.507812500000000444e-01
5.800000000000000711e-01 6.500000000000000222e-01 3.675292968750000222e-01
5.800000000000000711e-01 6.500000000000000222e-01 3.729980468750000444e-01
5.800000000000000711e-01 6.500000000000000222e-01 3.757324218750000000e-01
5.800000000000000711e-01 6.500000000000000222e-01 3.764160156250000444e-01
5.800000000000000711e-01 6.500000000000000222e-01 3.777832031250000222e-01
5.800000000000000711e-01 6.500000000000000222e-01 3.782104492187500222e-01
5.800000000000000711e-01 6.500000000000000222e-01 3.819702148437500444e-01
5.800000000000000711e-01 6.500000000000000222e-01 3.821411132812500000e-01
5.800000000000000711e-01 6.500000000000000222e-01 3.823120117187500111e-01
5.800000000000000711e-01 6.500000000000000222e-01 3.824829101562500222e-01
5.800000000000000711e-01 6.500000000000000222e-01 3.826538085937500333e-01
5.800000000000000711e-01 6.500000000000000222e-01 3.828247070312500444e-01
5.800000000000000711e-01 6.500000000000000222e-01 3.836791992187500444e-01
5.800000000000000711e-01 6.500000000000000222e-01 3.838500976562500000e-01
5.800000000000000711e-01 6.500000000000000222e-01 3.840209960937500111e-01
5.800000000000000711e-01 6.500000000000000222e-01 3.841918945312500222e-01
5.800000000000000711e-01 6.500000000000000222e-01 3.843627929687500333e-01
5.800000000000000711e-01 6.500000000000000222e-01 3.845336914062500444e-01
5.800000000000000711e-01 6.500000000000000222e-01 3.847045898437500000e-01
5.800000000000000711e-01 6.500000000000000222e-01 3.848754882812500111e-01
5.800000000000000711e-01 5.600000000000000533e-01 3.630859375000000111e-01
5.800000000000000711e-01 5.600000000000000533e-01 3.776123046875000111e-01
5.800000000000000711e-01 5.600000000000000533e-01 3.779541015625000333e-01
5.800000000000000711e-01 5.600000000000000533e-01 3.820556640625000222e-01
5.800000000000000711e-01 5.600000000000000533e-01 3.823974609375000444e-01
5.800000000000000711e-01 5.600000000000000533e-01 3.827392578125000111e-01
5.800000000000000711e-01 5.600000000000000533e-01 3.837646484375000222e-01
5.800000000000000711e-01 5.600000000000000533e-01 3.841064453125000444e-01
5.800000000000000711e-01 5.600000000000000533e-01 3.844482421875000111e-01
5.800000000000000711e-01 5.600000000000000533e-01 3.847900390625000333e-01
5.800000000000000711e-01 5.600000000000000533e-01 3.781677246093750333e-01
5.800000000000000711e-01 5.600000000000000533e-01 3.782531738281250111e-01
5.800000000000000711e-01 7.399999999999999911e-01 3.507812500000000444e-01
5.800000000000000711e-01 7.399999999999999911e-01 3.624023437500000222e-01
5.800000000000000711e-01 7.399999999999999911e-01 3.651367187499999778e-01
5.800000000000000711e-01 7.399999999999999911e-01 3.665039062500000111e-01
5.800000000000000711e-01 7.399999999999999911e-01 3.678710937500000444e-01
5.800000000000000711e-01 7.399999999999999911e-01 3.733398437500000111e-01
5.800000000000000711e-01 7.399999999999999911e-01 3.760742187500000222e-01
5.800000000000000711e-01 7.399999999999999911e-01 3.774414062500000000e-01
5.800000000000000711e-01 7.399999999999999911e-01 3.788085937500000333e-01
5.800000000000000711e-01 7.399999999999999911e-01 3.820556640625000222e-01
5.800000000000000711e-01 7.399999999999999911e-01 3.823974609375000444e-01
5.800000000000000711e-01 7.399999999999999911e-01 3.827392578125000111e-01
5.800000000000000711e-01 7.399999999999999911e-01 3.837646484375000222e-01
5.800000000000000711e-01 7.399999999999999911e-01 3.841064453125000444e-01
5.800000000000000711e-01 7.399999999999999911e-01 3.844482421875000111e-01
5.800000000000000711e-01 7.399999999999999911e-01 3.847900390625000333e-01
5.800000000000000711e-01 6.049999999999999822e-01 3.876953125000000000e-01
5.800000000000000711e-01 6.049999999999999822e-01 3.733398437500000111e-01
5.800000000000000711e-01 6.049999999999999822e-01 3.774414062500000000e-01
5.800000000000000711e-01 6.049999999999999822e-01 3.815429687500000444e-01
5.800000000000000711e-01 6.049999999999999822e-01 3.782958984375000000e-01
5.800000000000000711e-01 6.950000000000000622e-01 3.630859375000000111e-01
5.800000000000000711e-01 6.950000000000000622e-01 3.767578125000000111e-01
5.800000000000000711e-01 6.950000000000000622e-01 3.794921875000000222e-01
5.800000000000000711e-01 5.825000000000000178e-01 3.822265625000000333e-01
5.800000000000000711e-01 6.275000000000000577e-01 3.589843750000000222e-01
5.800000000000000711e-01 6.275000000000000577e-01 3.794921875000000222e-01
5.800000000000000711e-01 6.724999999999999867e-01 3.890625000000000333e-01
5.800000000000000711e-01 6.724999999999999867e-01 3.644531250000000444e-01
5.800000000000000711e-01 6.162500000000000755e-01 3.453125000000000222e-01
5.800000000000000711e-01 6.162500000000000755e-01 3.945312500000000000e-01
5.800000000000000711e-01 6.162500000000000755e-01 3.808593750000000000e-01
5.800000000000000711e-01 6.387500000000000400e-01 3.740234375000000000e-01
5.800000000000000711e-01 6.387500000000000400e-01 3.767578125000000111e-01
5.800000000000000711e-01 6.612500000000000044e-01 3.781250000000000444e-01
5.800000000000000711e-01 7.287500000000000089e-01 3.835937500000000111e-01
5.800000000000000711e-01 7.287500000000000089e-01 3.945312500000000000e-01
5.800000000000000711e-01 6.106250000000000844e-01 3.890625000000000333e-01
5.800000000000000711e-01 6.106250000000000844e-01 3.507812500000000444e-01
5.800000000000000711e-01 6.218750000000000666e-01 3.890625000000000333e-01
5.800000000000000711e-01 6.218750000000000666e-01 3.507812500000000444e-01
5.800000000000000711e-01 6.443750000000000311e-01 3.890625000000000333e-01
5.800000000000000711e-01 6.443750000000000311e-01 3.753906250000000333e-01
5.800000000000000711e-01 6.556250000000000133e-01 3.562500000000000111e-01
5.800000000000000711e-01 7.231250000000000178e-01 3.890625000000000333e-01
5.800000000000000711e-01 7.343750000000000000e-01 3.671875000000000000e-01
5.800000000000000711e-01 7.343750000000000000e-01 3.890625000000000333e-01
5.800000000000000711e-01 7.343750000000000000e-01 3.617187499999999778e-01
5.800000000000000711e-01 6.078125000000000888e-01 3.835937500000000111e-01
5.800000000000000711e-01 6.134375000000000799e-01 3.835937500000000111e-01
5.800000000000000711e-01 6.303125000000000533e-01 3.343750000000000333e-01
5.800000000000000711e-01 6.359375000000000444e-01 3.125000000000000000e-01
5.800000000000000711e-01 6.528125000000000178e-01 3.781250000000000444e-01
5.800000000000000711e-01 7.315625000000000044e-01 3.726562500000000222e-01
5.800000000000000711e-01 6.092187500000000311e-01 3.562500000000000111e-01
5.800000000000000711e-01 6.317187499999999956e-01 3.562500000000000111e-01
5.800000000000000711e-01 6.345312499999999911e-01 3.562500000000000111e-01
5.800000000000000711e-01 6.345312499999999911e-01 3.781250000000000444e-01
5.800000000000000711e-01 6.373437499999999867e-01 3.562500000000000111e-01
5.800000000000000711e-01 5.607031250000000799e-01 3.671875000000000000e-01
5.800000000000000711e-01 5.607031250000000799e-01 3.890625000000000333e-01
5.800000000000000711e-01 6.071093750000000622e-01 3.781250000000000444e-01
5.800000000000000711e-01 6.282031249999999734e-01 3.781250000000000444e-01
5.800000000000000711e-01 6.296093750000000266e-01 3.781250000000000444e-01
5.800000000000000711e-01 5.603515625000000666e-01 3.562500000000000111e-01
5.800000000000000711e-01 5.601757812500001155e-01 3.781250000000000444e-01
5.800000000000000711e-01 5.605273437500000178e-01 3.781250000000000444e-01
5.000000000000000000e-01 6.500000000000000222e-01 3.678710937500000444e-01
5.000000000000000000e-01 6.500000000000000222e-01 3.692382812500000222e-01
5.000000000000000000e-01 6.500000000000000222e-01 3.820556640625000222e-01
5.000000000000000000e-01 6.500000000000000222e-01 3.823974609375000444e-01
5.000000000000000000e-01 6.500000000000000222e-01 3.827392578125000111e-01
5.000000000000000000e-01 6.500000000000000222e-01 3.837646484375000222e-01
5.000000000000000000e-01 6.500000000000000222e-01 3.841064453125000444e-01
5.000000000000000000e-01 6.500000000000000222e-01 3.844482421875000111e-01
5.000000000000000000e-01 6.500000000000000222e-01 3.847900390625000333e-01
5.000000000000000000e-01 5.600000000000000533e-01 3.685546874999999778e-01
5.000000000000000000e-01 5.600000000000000533e-01 3.733398437500000111e-01
5.000000000000000000e-01 5.600000000000000533e-01 3.777832031250000222e-01
5.000000000000000000e-01 5.600000000000000533e-01 3.846191406250000222e-01
5.000000000000000000e-01 5.600000000000000533e-01 3.782104492187500222e-01
5.000000000000000000e-01 7.399999999999999911e-01 3.685546874999999778e-01
5.000000000000000000e-01 7.399999999999999911e-01 3.846191406250000222e-01
5.000000000000000000e-01 6.049999999999999822e-01 3.589843750000000222e-01
5.000000000000000000e-01 6.049999999999999822e-01 3.812011718750000222e-01
5.000000000000000000e-01 6.049999999999999822e-01 3.818847656250000111e-01
5.000000000000000000e-01 6.950000000000000622e-01 3.617187499999999778e-01
5.000000000000000000e-01 5.825000000000000178e-01 3.815429687500000444e-01
5.000000000000000000e-01 6.275000000000000577e-01 3.480468750000000333e-01
5.000000000000000000e-01 6.275000000000000577e-01 3.535156250000000000e-01
5.000000000000000000e-01 6.275000000000000577e-01 3.576171875000000444e-01
5.000000000000000000e-01 6.275000000000000577e-01 3.603515625000000000e-01
5.000000000000000000e-01 6.275000000000000577e-01 3.815429687500000444e-01
5.000000000000000000e-01 6.724999999999999867e-01 3.835937500000000111e-01
5.000000000000000000e-01 6.162500000000000755e-01 3.507812500000000444e-01
5.000000000000000000e-01 6.162500000000000755e-01 3.617187499999999778e-01
5.000000000000000000e-01 6.387500000000000400e-01 3.562500000000000111e-01
5.000000000000000000e-01 6.387500000000000400e-01 3.507812500000000444e-01
5.000000000000000000e-01 6.387500000000000400e-01 3.753906250000000333e-01
5.000000000000000000e-01 6.387500000000000400e-01 3.863281250000000222e-01
5.000000000000000000e-01 7.287500000000000089e-01 3.890625000000000333e-01
5.000000000000000000e-01 6.106250000000000844e-01 3.835937500000000111e-01
5.000000000000000000e-01 6.218750000000000666e-01 3.835937500000000111e-01
5.000000000000000000e-01 6.331250000000000488e-01 3.890625000000000333e-01
5.000000000000000000e-01 6.331250000000000488e-01 3.617187499999999778e-01
5.000000000000000000e-01 6.443750000000000311e-01 3.781250000000000444e-01
5.000000000000000000e-01 6.443750000000000311e-01 3.617187499999999778e-01
5.000000000000000000e-01 6.556250000000000133e-01 3.781250000000000444e-01
5.000000000000000000e-01 6.303125000000000533e-01 3.562500000000000111e-01
5.000000000000000000e-01 6.359375000000000444e-01 3.562500000000000111e-01
5.000000000000000000e-01 6.359375000000000444e-01 3.781250000000000444e-01
5.000000000000000000e-01 6.289062500000000000e-01 3.781250000000000444e-01
5.000000000000000000e-01 6.317187499999999956e-01 3.781250000000000444e-01
5.000000000000000000e-01 6.197656249999999867e-01 3.125000000000000000e-01
5.000000000000000000e-01 5.603515625000000666e-01 3.781250000000000444e-01
6.600000000000001421e-01 6.500000000000000222e-01 3.453125000000000222e-01
6.600000000000001421e-01 6.500000000000000222e-01 3.371093750000000444e-01
6.600000000000001421e-01 6.500000000000000222e-01 3.624023437500000222e-01
6.600000000000001421e-01 6.500000000000000222e-01 3.651367187499999778e-01
6.600000000000001421e-01 6.500000000000000222e-01 3.788085937500000333e-01
6.600000000000001421e-01 6.500000000000000222e-01 3.673583984375000111e-01
6.600000000000001421e-01 6.500000000000000222e-01 3.677001953124999778e-01
6.600000000000001421e-01 6.500000000000000222e-01 3.728271484375000333e-01
6.600000000000001421e-01 6.500000000000000222e-01 3.731689453125000000e-01
6.600000000000001421e-01 6.500000000000000222e-01 3.755615234375000444e-01
6.600000000000001421e-01 6.500000000000000222e-01 3.759033203125000111e-01
6.600000000000001421e-01 6.500000000000000222e-01 3.762451171875000333e-01
6.600000000000001421e-01 6.500000000000000222e-01 3.765869140625000000e-01
6.600000000000001421e-01 6.500000000000000222e-01 3.776123046875000111e-01
6.600000000000001421e-01 6.500000000000000222e-01 3.779541015625000333e-01
6.600000000000001421e-01 6.500000000000000222e-01 3.820556640625000222e-01
6.600000000000001421e-01 6.500000000000000222e-01 3.823974609375000444e-01
6.600000000000001421e-01 6.500000000000000222e-01 3.827392578125000111e-01
6.600000000000001421e-01 6.500000000000000222e-01 3.837646484375000222e-01
6.600000000000001421e-01 6.500000000000000222e-01 3.841064453125000444e-01
6.600000000000001421e-01 6.500000000000000222e-01 3.844482421875000111e-01
6.600000000000001421e-01 6.500000000000000222e-01 3.847900390625000333e-01
6.600000000000001421e-01 5.600000000000000533e-01 3.507812500000000444e-01
6.600000000000001421e-01 5.600000000000000533e-01 3.876953125000000000e-01
6.600000000000001421e-01 5.600000000000000533e-01 3.825683593750000000e-01
6.600000000000001421e-01 5.600000000000000533e-01 3.775268554687500333e-01
6.600000000000001421e-01 5.600000000000000533e-01 3.776977539062500444e-01
6.600000000000001421e-01 5.600000000000000533e-01 3.778686523437500000e-01
6.600000000000001421e-01 5.600000000000000533e-01 3.780395507812500111e-01
6.600000000000001421e-01 5.600000000000000533e-01 3.782104492187500222e-01
6.600000000000001421e-01 7.399999999999999911e-01 3.357421875000000111e-01
6.600000000000001421e-01 7.399999999999999911e-01 3.548828124999999778e-01
6.600000000000001421e-01 7.399999999999999911e-01 3.692382812500000222e-01
6.600000000000001421e-01 7.399999999999999911e-01 3.620605468750000000e-01
6.600000000000001421e-01 7.399999999999999911e-01 3.627441406250000444e-01
6.600000000000001421e-01 7.399999999999999911e-01 3.647949218750000111e-01
6.600000000000001421e-01 7.399999999999999911e-01 3.654785156250000000e-01
6.600000000000001421e-01 7.399999999999999911e-01 3.675292968750000222e-01
6.600000000000001421e-01 7.399999999999999911e-01 3.682128906250000111e-01
6.600000000000001421e-01 7.399999999999999911e-01 3.729980468750000444e-01
6.600000000000001421e-01 7.399999999999999911e-01 3.736816406250000333e-01
6.600000000000001421e-01 7.399999999999999911e-01 3.757324218750000000e-01
6.600000000000001421e-01 7.399999999999999911e-01 3.764160156250000444e-01
6.600000000000001421e-01 7.399999999999999911e-01 3.777832031250000222e-01
6.600000000000001421e-01 7.399999999999999911e-01 3.784667968750000111e-01
6.600000000000001421e-01 7.399999999999999911e-01 3.791503906250000000e-01
6.600000000000001421e-01 7.399999999999999911e-01 3.825683593750000000e-01
6.600000000000001421e-01 7.399999999999999911e-01 3.846191406250000222e-01
6.600000000000001421e-01 6.049999999999999822e-01 3.699218750000000111e-01
6.600000000000001421e-01 6.049999999999999822e-01 3.733398437500000111e-01
6.600000000000001421e-01 6.049999999999999822e-01 3.747070312500000444e-01
6.600000000000001421e-01 6.950000000000000622e-01 3.624023437500000222e-01
6.600000000000001421e-01 6.950000000000000622e-01 3.637695312500000000e-01
6.600000000000001421e-01 6.950000000000000622e-01 3.665039062500000111e-01
6.600000000000001421e-01 6.950000000000000622e-01 3.678710937500000444e-01
6.600000000000001421e-01 6.950000000000000622e-01 3.733398437500000111e-01
6.600000000000001421e-01 6.950000000000000622e-01 3.760742187500000222e-01
6.600000000000001421e-01 6.950000000000000622e-01 3.774414062500000000e-01
6.600000000000001421e-01 5.825000000000000178e-01 3.712890625000000444e-01
6.600000000000001421e-01 5.825000000000000178e-01 3.740234375000000000e-01
6.600000000000001421e-01 5.825000000000000178e-01 3.815429687500000444e-01
6.600000000000001421e-01 5.825000000000000178e-01 3.829101562500000222e-01
6.600000000000001421e-01 6.275000000000000577e-01 3.576171875000000444e-01
6.600000000000001421e-01 6.275000000000000577e-01 3.603515625000000000e-01
6.600000000000001421e-01 6.275000000000000577e-01 3.685546874999999778e-01
6.600000000000001421e-01 6.275000000000000577e-01 3.712890625000000444e-01
6.600000000000001421e-01 6.275000000000000577e-01 3.740234375000000000e-01
6.600000000000001421e-01 6.275000000000000577e-01 3.788085937500000333e-01
6.600000000000001421e-01 6.275000000000000577e-01 3.801757812500000111e-01
6.600000000000001421e-01 6.724999999999999867e-01 3.617187499999999778e-01
6.600000000000001421e-01 6.724999999999999867e-01 3.835937500000000111e-01
6.600000000000001421e-01 6.724999999999999867e-01 3.945312500000000000e-01
6.600000000000001421e-01 6.724999999999999867e-01 3.630859375000000111e-01
6.600000000000001421e-01 6.724999999999999867e-01 3.767578125000000111e-01
6.600000000000001421e-01 7.175000000000000266e-01 3.630859375000000111e-01
6.600000000000001421e-01 7.175000000000000266e-01 3.767578125000000111e-01
6.600000000000001421e-01 5.712500000000000355e-01 3.822265625000000333e-01
6.600000000000001421e-01 5.937500000000000000e-01 3.822265625000000333e-01
6.600000000000001421e-01 6.162500000000000755e-01 3.507812500000000444e-01
6.600000000000001421e-01 6.162500000000000755e-01 3.589843750000000222e-01
6.600000000000001421e-01 6.162500000000000755e-01 3.644531250000000444e-01
6.600000000000001421e-01 6.162500000000000755e-01 3.794921875000000222e-01
6.600000000000001421e-01 6.162500000000000755e-01 3.822265625000000333e-01
6.600000000000001421e-01 6.387500000000000400e-01 3.863281250000000222e-01
6.600000000000001421e-01 6.387500000000000400e-01 3.972656250000000111e-01
6.600000000000001421e-01 6.387500000000000400e-01 3.794921875000000222e-01
6.600000000000001421e-01 6.612500000000000044e-01 4.000000000000000222e-01
6.600000000000001421e-01 6.612500000000000044e-01 3.671875000000000000e-01
6.600000000000001421e-01 6.612500000000000044e-01 3.644531250000000444e-01
6.600000000000001421e-01 6.837499999999999689e-01 3.644531250000000444e-01
6.600000000000001421e-01 7.287500000000000089e-01 3.890625000000000333e-01
6.600000000000001421e-01 6.106250000000000844e-01 3.617187499999999778e-01
6.600000000000001421e-01 6.106250000000000844e-01 3.808593750000000000e-01
6.600000000000001421e-01 6.106250000000000844e-01 3.863281250000000222e-01
6.600000000000001421e-01 6.218750000000000666e-01 3.617187499999999778e-01
6.600000000000001421e-01 6.218750000000000666e-01 3.808593750000000000e-01
6.600000000000001421e-01 6.331250000000000488e-01 3.617187499999999778e-01
6.600000000000001421e-01 6.331250000000000488e-01 3.726562500000000222e-01
6.600000000000001421e-01 6.331250000000000488e-01 3.945312500000000000e-01
6.600000000000001421e-01 6.443750000000000311e-01 3.726562500000000222e-01
6.600000000000001421e-01 6.556250000000000133e-01 3.125000000000000000e-01
6.600000000000001421e-01 6.556250000000000133e-01 3.671875000000000000e-01
6.600000000000001421e-01 6.556250000000000133e-01 3.890625000000000333e-01
6.600000000000001421e-01 7.343750000000000000e-01 3.781250000000000444e-01
6.600000000000001421e-01 7.343750000000000000e-01 3.589843750000000222e-01
6.600000000000001421e-01 7.343750000000000000e-01 3.644531250000000444e-01
6.600000000000001421e-01 6.303125000000000533e-01 3.125000000000000000e-01
6.600000000000001421e-01 6.303125000000000533e-01 3.671875000000000000e-01
6.600000000000001421e-01 6.359375000000000444e-01 4.000000000000000222e-01
6.600000000000001421e-01 6.359375000000000444e-01 3.343750000000000333e-01
6.600000000000001421e-01 6.359375000000000444e-01 3.671875000000000000e-01
6.600000000000001421e-01 6.359375000000000444e-01 3.890625000000000333e-01
6.600000000000001421e-01 6.415625000000000355e-01 3.753906250000000333e-01
6.600000000000001421e-01 6.471875000000000266e-01 3.753906250000000333e-01
6.600000000000001421e-01 6.528125000000000178e-01 3.562500000000000111e-01
6.600000000000001421e-01 6.584375000000000089e-01 3.562500000000000111e-01
6.600000000000001421e-01 7.315625000000000044e-01 3.671875000000000000e-01
6.600000000000001421e-01 7.371874999999999956e-01 3.671875000000000000e-01
6.600000000000001421e-01 6.064062500000000355e-01 3.671875000000000000e-01
6.600000000000001421e-01 6.064062500000000355e-01 3.890625000000000333e-01
6.600000000000001421e-01 6.092187500000000311e-01 3.125000000000000000e-01
6.600000000000001421e-01 6.345312499999999911e-01 3.125000000000000000e-01
6.600000000000001421e-01 6.345312499999999911e-01 3.671875000000000000e-01
6.600000000000001421e-01 6.345312499999999911e-01 3.890625000000000333e-01
6.600000000000001421e-01 6.373437499999999867e-01 3.125000000000000000e-01
6.600000000000001421e-01 6.514062500000000755e-01 3.781250000000000444e-01
6.600000000000001421e-01 6.542187500000000711e-01 3.781250000000000444e-01
6.600000000000001421e-01 7.301562499999999512e-01 3.726562500000000222e-01
6.600000000000001421e-01 7.329687499999999467e-01 3.726562500000000222e-01
6.600000000000001421e-01 6.071093750000000622e-01 3.562500000000000111e-01
6.600000000000001421e-01 6.085156250000000044e-01 3.562500000000000111e-01
6.600000000000001421e-01 6.099218750000000577e-01 3.562500000000000111e-01
6.600000000000001421e-01 6.296093750000000266e-01 3.562500000000000111e-01
6.600000000000001421e-01 6.338281250000000755e-01 3.562500000000000111e-01
6.600000000000001421e-01 6.352343750000000178e-01 3.562500000000000111e-01
6.600000000000001421e-01 6.366406250000000711e-01 3.562500000000000111e-01
6.600000000000001421e-01 6.380468750000000133e-01 3.562500000000000111e-01
6.600000000000001421e-01 5.603515625000000666e-01 3.781250000000000444e-01
6.600000000000001421e-01 6.067578125000000488e-01 3.781250000000000444e-01
6.600000000000001421e-01 6.074609375000000755e-01 3.781250000000000444e-01
6.600000000000001421e-01 6.292578125000000133e-01 3.781250000000000444e-01
6.600000000000001421e-01 6.299609375000000400e-01 3.781250000000000444e-01
5.400000000000000355e-01 6.500000000000000222e-01 3.685546874999999778e-01
5.400000000000000355e-01 6.049999999999999822e-01 3.726562500000000222e-01
5.400000000000000355e-01 6.275000000000000577e-01 3.671875000000000000e-01
5.400000000000000355e-01 7.175000000000000266e-01 3.617187499999999778e-01
5.400000000000000355e-01 6.387500000000000400e-01 3.671875000000000000e-01
5.400000000000000355e-01 6.387500000000000400e-01 3.617187499999999778e-01
5.400000000000000355e-01 6.331250000000000488e-01 3.562500000000000111e-01
5.400000000000000355e-01 6.331250000000000488e-01 3.781250000000000444e-01
6.200000000000001066e-01 6.500000000000000222e-01 3.357421875000000111e-01
6.200000000000001066e-01 6.500000000000000222e-01 3.548828124999999778e-01
6.200000000000001066e-01 6.500000000000000222e-01 3.706054687500000000e-01
6.200000000000001066e-01 6.500000000000000222e-01 3.719726562500000333e-01
6.200000000000001066e-01 6.500000000000000222e-01 3.733398437500000111e-01
6.200000000000001066e-01 6.500000000000000222e-01 3.774414062500000000e-01
6.200000000000001066e-01 6.500000000000000222e-01 3.825683593750000000e-01
6.200000000000001066e-01 5.600000000000000533e-01 3.371093750000000444e-01
6.200000000000001066e-01 5.600000000000000533e-01 3.589843750000000222e-01
6.200000000000001066e-01 5.600000000000000533e-01 3.692382812500000222e-01
6.200000000000001066e-01 5.600000000000000533e-01 3.706054687500000000e-01
6.200000000000001066e-01 5.600000000000000533e-01 3.719726562500000333e-01
6.200000000000001066e-01 5.600000000000000533e-01 3.733398437500000111e-01
6.200000000000001066e-01 5.600000000000000533e-01 3.760742187500000222e-01
6.200000000000001066e-01 5.600000000000000533e-01 3.774414062500000000e-01
6.200000000000001066e-01 7.399999999999999911e-01 3.350585937500000222e-01
6.200000000000001066e-01 7.399999999999999911e-01 3.364257812500000000e-01
6.200000000000001066e-01 7.399999999999999911e-01 3.541992187500000444e-01
6.200000000000001066e-01 7.399999999999999911e-01 3.555664062500000222e-01
6.200000000000001066e-01 6.049999999999999822e-01 3.507812500000000444e-01
6.200000000000001066e-01 6.049999999999999822e-01 3.576171875000000444e-01
6.200000000000001066e-01 6.049999999999999822e-01 3.603515625000000000e-01
6.200000000000001066e-01 6.049999999999999822e-01 3.685546874999999778e-01
6.200000000000001066e-01 6.049999999999999822e-01 3.712890625000000444e-01
6.200000000000001066e-01 6.049999999999999822e-01 3.740234375000000000e-01
6.200000000000001066e-01 6.049999999999999822e-01 3.767578125000000111e-01
6.200000000000001066e-01 6.950000000000000622e-01 3.371093750000000444e-01
6.200000000000001066e-01 6.950000000000000622e-01 3.535156250000000000e-01
6.200000000000001066e-01 6.950000000000000622e-01 3.644531250000000444e-01
6.200000000000001066e-01 6.950000000000000622e-01 3.569335937500000000e-01
6.200000000000001066e-01 5.825000000000000178e-01 3.699218750000000111e-01
6.200000000000001066e-01 5.825000000000000178e-01 3.753906250000000333e-01
6.200000000000001066e-01 6.275000000000000577e-01 3.569335937500000000e-01
6.200000000000001066e-01 6.275000000000000577e-01 3.583007812499999778e-01
6.200000000000001066e-01 6.275000000000000577e-01 3.596679687500000111e-01
6.200000000000001066e-01 6.275000000000000577e-01 3.610351562500000444e-01
6.200000000000001066e-01 7.175000000000000266e-01 3.125000000000000000e-01
6.200000000000001066e-01 6.162500000000000755e-01 3.589843750000000222e-01
6.200000000000001066e-01 6.162500000000000755e-01 3.644531250000000444e-01
6.200000000000001066e-01 6.162500000000000755e-01 3.794921875000000222e-01
6.200000000000001066e-01 6.162500000000000755e-01 3.822265625000000333e-01
6.200000000000001066e-01 6.387500000000000400e-01 3.753906250000000333e-01
6.200000000000001066e-01 6.387500000000000400e-01 3.958984375000000333e-01
6.200000000000001066e-01 6.387500000000000400e-01 3.986328125000000444e-01
6.200000000000001066e-01 6.612500000000000044e-01 2.250000000000000056e-01
6.200000000000001066e-01 6.612500000000000044e-01 2.687499999999999889e-01
6.200000000000001066e-01 6.612500000000000044e-01 3.617187499999999778e-01
6.200000000000001066e-01 6.612500000000000044e-01 3.726562500000000222e-01
6.200000000000001066e-01 6.106250000000000844e-01 3.835937500000000111e-01
6.200000000000001066e-01 6.218750000000000666e-01 3.671875000000000000e-01
6.200000000000001066e-01 6.331250000000000488e-01 3.125000000000000000e-01
6.200000000000001066e-01 6.331250000000000488e-01 3.671875000000000000e-01
6.200000000000001066e-01 6.331250000000000488e-01 3.890625000000000333e-01
6.200000000000001066e-01 6.331250000000000488e-01 3.972656250000000111e-01
6.200000000000001066e-01 6.443750000000000311e-01 3.890625000000000333e-01
6.200000000000001066e-01 6.443750000000000311e-01 3.972656250000000111e-01
6.200000000000001066e-01 6.556250000000000133e-01 3.125000000000000000e-01
6.200000000000001066e-01 6.556250000000000133e-01 3.671875000000000000e-01
6.200000000000001066e-01 6.668749999999999956e-01 3.671875000000000000e-01
6.200000000000001066e-01 6.303125000000000533e-01 3.562500000000000111e-01
6.200000000000001066e-01 6.303125000000000533e-01 3.945312500000000000e-01
6.200000000000001066e-01 6.359375000000000444e-01 3.562500000000000111e-01
6.200000000000001066e-01 6.359375000000000444e-01 3.781250000000000444e-01
6.200000000000001066e-01 6.359375000000000444e-01 3.945312500000000000e-01
6.200000000000001066e-01 6.064062500000000355e-01 3.781250000000000444e-01
6.200000000000001066e-01 6.514062500000000755e-01 3.562500000000000111e-01
6.200000000000001066e-01 6.507031250000000488e-01 3.781250000000000444e-01
6.200000000000001066e-01 6.521093749999999911e-01 3.781250000000000444e-01
5.200000000000000178e-01 6.500000000000000222e-01 3.986328125000000444e-01
5.200000000000000178e-01 6.049999999999999822e-01 3.945312500000000000e-01
5.200000000000000178e-01 6.049999999999999822e-01 3.699218750000000111e-01
5.200000000000000178e-01 6.049999999999999822e-01 3.753906250000000333e-01
5.200000000000000178e-01 5.825000000000000178e-01 3.726562500000000222e-01
5.200000000000000178e-01 6.275000000000000577e-01 3.617187499999999778e-01
5.200000000000000178e-01 6.275000000000000577e-01 3.726562500000000222e-01
5.200000000000000178e-01 6.162500000000000755e-01 3.781250000000000444e-01
5.200000000000000178e-01 6.162500000000000755e-01 3.671875000000000000e-01
5.200000000000000178e-01 6.387500000000000400e-01 3.781250000000000444e-01
5.200000000000000178e-01 6.387500000000000400e-01 3.671875000000000000e-01
5.200000000000000178e-01 6.106250000000000844e-01 3.890625000000000333e-01
5.200000000000000178e-01 6.218750000000000666e-01 3.890625000000000333e-01
5.200000000000000178e-01 6.078125000000000888e-01 4.000000000000000222e-01
5.200000000000000178e-01 6.134375000000000799e-01 4.000000000000000222e-01
5.600000000000000533e-01 6.500000000000000222e-01 3.808593750000000000e-01
5.600000000000000533e-01 6.500000000000000222e-01 3.849609375000000444e-01
5.600000000000000533e-01 6.500000000000000222e-01 3.876953125000000000e-01
5.600000000000000533e-01 6.500000000000000222e-01 3.904296875000000111e-01
5.600000000000000533e-01 6.500000000000000222e-01 3.931640625000000222e-01
5.600000000000000533e-01 6.500000000000000222e-01 3.986328125000000444e-01
5.600000000000000533e-01 5.600000000000000533e-01 3.863281250000000222e-01
5.600000000000000533e-01 5.600000000000000533e-01 3.917968750000000444e-01
5.600000000000000533e-01 5.600000000000000533e-01 3.972656250000000111e-01
5.600000000000000533e-01 5.600000000000000533e-01 3.822265625000000333e-01
5.600000000000000533e-01 7.399999999999999911e-01 3.863281250000000222e-01
5.600000000000000533e-01 7.399999999999999911e-01 3.822265625000000333e-01
5.600000000000000533e-01 7.399999999999999911e-01 3.958984375000000333e-01
5.600000000000000533e-01 7.399999999999999911e-01 3.986328125000000444e-01
5.600000000000000533e-01 6.950000000000000622e-01 3.917968750000000444e-01
5.600000000000000533e-01 6.950000000000000622e-01 3.972656250000000111e-01
5.600000000000000533e-01 5.825000000000000178e-01 3.835937500000000111e-01
5.600000000000000533e-01 6.275000000000000577e-01 3.835937500000000111e-01
5.600000000000000533e-01 6.387500000000000400e-01 3.781250000000000444e-01
5.600000000000000533e-01 6.331250000000000488e-01 2.250000000000000056e-01
5.600000000000000533e-01 6.443750000000000311e-01 3.125000000000000000e-01
5.600000000000000533e-01 6.303125000000000533e-01 4.000000000000000222e-01
5.600000000000000533e-01 6.359375000000000444e-01 4.000000000000000222e-01
5.600000000000000533e-01 6.415625000000000355e-01 4.000000000000000222e-01
5.600000000000000533e-01 6.471875000000000266e-01 4.000000000000000222e-01
6.000000000000000888e-01 6.500000000000000222e-01 3.822265625000000333e-01
6.000000000000000888e-01 5.600000000000000533e-01 3.712890625000000444e-01
6.000000000000000888e-01 5.600000000000000533e-01 3.767578125000000111e-01
6.000000000000000888e-01 7.399999999999999911e-01 3.371093750000000444e-01
6.000000000000000888e-01 7.399999999999999911e-01 3.535156250000000000e-01
6.000000000000000888e-01 7.399999999999999911e-01 3.569335937500000000e-01
6.000000000000000888e-01 7.399999999999999911e-01 3.733398437500000111e-01
6.000000000000000888e-01 7.399999999999999911e-01 3.747070312500000444e-01
6.000000000000000888e-01 7.399999999999999911e-01 3.815429687500000444e-01
6.000000000000000888e-01 7.399999999999999911e-01 3.829101562500000222e-01
6.000000000000000888e-01 6.049999999999999822e-01 3.589843750000000222e-01
6.000000000000000888e-01 6.049999999999999822e-01 3.753906250000000333e-01
6.000000000000000888e-01 6.950000000000000622e-01 3.808593750000000000e-01
6.000000000000000888e-01 6.950000000000000622e-01 3.740234375000000000e-01
6.000000000000000888e-01 6.724999999999999867e-01 4.000000000000000222e-01
6.000000000000000888e-01 6.724999999999999867e-01 3.343750000000000333e-01
6.000000000000000888e-01 6.724999999999999867e-01 3.617187499999999778e-01
6.000000000000000888e-01 6.724999999999999867e-01 3.726562500000000222e-01
6.000000000000000888e-01 6.724999999999999867e-01 3.835937500000000111e-01
6.000000000000000888e-01 6.724999999999999867e-01 3.945312500000000000e-01
6.000000000000000888e-01 7.175000000000000266e-01 3.562500000000000111e-01
6.000000000000000888e-01 6.162500000000000755e-01 3.617187499999999778e-01
6.000000000000000888e-01 6.162500000000000755e-01 3.808593750000000000e-01
6.000000000000000888e-01 6.612500000000000044e-01 3.125000000000000000e-01
6.000000000000000888e-01 6.612500000000000044e-01 3.671875000000000000e-01
6.000000000000000888e-01 6.612500000000000044e-01 3.890625000000000333e-01
6.000000000000000888e-01 6.837499999999999689e-01 3.890625000000000333e-01
6.000000000000000888e-01 6.556250000000000133e-01 3.562500000000000111e-01
6.400000000000001243e-01 6.500000000000000222e-01 3.371093750000000444e-01
6.400000000000001243e-01 6.500000000000000222e-01 3.425781250000000111e-01
6.400000000000001243e-01 6.500000000000000222e-01 3.576171875000000444e-01
6.400000000000001243e-01 5.600000000000000533e-01 3.398437500000000000e-01
6.400000000000001243e-01 5.600000000000000533e-01 3.712890625000000444e-01
6.400000000000001243e-01 5.600000000000000533e-01 3.767578125000000111e-01
6.400000000000001243e-01 7.399999999999999911e-01 3.371093750000000444e-01
6.400000000000001243e-01 7.399999999999999911e-01 3.535156250000000000e-01
6.400000000000001243e-01 7.399999999999999911e-01 3.569335937500000000e-01
6.400000000000001243e-01 7.399999999999999911e-01 3.583007812499999778e-01
6.400000000000001243e-01 6.049999999999999822e-01 3.835937500000000111e-01
6.400000000000001243e-01 6.049999999999999822e-01 3.589843750000000222e-01
6.400000000000001243e-01 6.049999999999999822e-01 3.699218750000000111e-01
6.400000000000001243e-01 6.049999999999999822e-01 3.753906250000000333e-01
6.400000000000001243e-01 5.825000000000000178e-01 3.808593750000000000e-01
6.400000000000001243e-01 6.275000000000000577e-01 3.617187499999999778e-01
6.400000000000001243e-01 6.275000000000000577e-01 3.808593750000000000e-01
6.400000000000001243e-01 6.162500000000000755e-01 3.617187499999999778e-01
6.400000000000001243e-01 6.162500000000000755e-01 3.726562500000000222e-01
6.400000000000001243e-01 6.162500000000000755e-01 3.808593750000000000e-01
6.400000000000001243e-01 6.612500000000000044e-01 3.125000000000000000e-01
6.400000000000001243e-01 6.612500000000000044e-01 3.671875000000000000e-01
6.400000000000001243e-01 6.612500000000000044e-01 3.890625000000000333e-01
6.400000000000001243e-01 6.218750000000000666e-01 3.781250000000000444e-01
6.400000000000001243e-01 6.556250000000000133e-01 3.562500000000000111e-01
6.400000000000001243e-01 6.556250000000000133e-01 3.781250000000000444e-01
6.400000000000001243e-01 6.668749999999999956e-01 3.781250000000000444e-01
6.400000000000001243e-01 6.190625000000000711e-01 3.671875000000000000e-01
6.400000000000001243e-01 6.246875000000000622e-01 3.671875000000000000e-01
5.100000000000000089e-01 5.600000000000000533e-01 3.562500000000000111e-01
5.100000000000000089e-01 6.049999999999999822e-01 3.125000000000000000e-01
5.100000000000000089e-01 6.049999999999999822e-01 3.890625000000000333e-01
5.100000000000000089e-01 6.950000000000000622e-01 3.671875000000000000e-01
5.100000000000000089e-01 6.950000000000000622e-01 3.808593750000000000e-01
5.100000000000000089e-01 6.950000000000000622e-01 3.863281250000000222e-01
5.100000000000000089e-01 5.825000000000000178e-01 4.000000000000000222e-01
5.100000000000000089e-01 6.275000000000000577e-01 3.562500000000000111e-01
5.100000000000000089e-01 6.275000000000000577e-01 3.945312500000000000e-01
5.100000000000000089e-01 6.724999999999999867e-01 3.835937500000000111e-01
5.100000000000000089e-01 7.175000000000000266e-01 3.835937500000000111e-01
5.100000000000000089e-01 6.162500000000000755e-01 3.781250000000000444e-01
5.100000000000000089e-01 6.162500000000000755e-01 3.890625000000000333e-01
5.100000000000000089e-01 6.387500000000000400e-01 4.000000000000000222e-01
5.100000000000000089e-01 6.387500000000000400e-01 3.781250000000000444e-01
5.100000000000000089e-01 6.106250000000000844e-01 3.125000000000000000e-01
5.100000000000000089e-01 6.218750000000000666e-01 3.125000000000000000e-01
5.100000000000000089e-01 6.246875000000000622e-01 2.250000000000000056e-01
5.100000000000000089e-01 6.232812500000000089e-01 4.000000000000000222e-01
5.100000000000000089e-01 6.260937500000000044e-01 4.000000000000000222e-01
5.300000000000000266e-01 6.049999999999999822e-01 3.890625000000000333e-01
5.300000000000000266e-01 5.825000000000000178e-01 4.000000000000000222e-01
5.300000000000000266e-01 6.275000000000000577e-01 3.945312500000000000e-01
5.300000000000000266e-01 6.162500000000000755e-01 3.890625000000000333e-01
5.500000000000000444e-01 6.500000000000000222e-01 3.863281250000000222e-01
5.500000000000000444e-01 6.500000000000000222e-01 3.917968750000000444e-01
5.500000000000000444e-01 6.500000000000000222e-01 3.972656250000000111e-01
5.500000000000000444e-01 6.387500000000000400e-01 3.125000000000000000e-01
5.500000000000000444e-01 6.331250000000000488e-01 4.000000000000000222e-01
5.500000000000000444e-01 6.443750000000000311e-01 2.687499999999999889e-01
5.500000000000000444e-01 6.443750000000000311e-01 3.562500000000000111e-01
5.500000000000000444e-01 6.415625000000000355e-01 2.250000000000000056e-01
5.500000000000000444e-01 6.401562499999999822e-01 4.000000000000000222e-01
5.500000000000000444e-01 6.429687499999999778e-01 4.000000000000000222e-01
5.700000000000000622e-01 6.500000000000000222e-01 3.917968750000000444e-01
5.700000000000000622e-01 6.500000000000000222e-01 3.972656250000000111e-01
5.700000000000000622e-01 6.500000000000000222e-01 3.842773437500000000e-01
5.700000000000000622e-01 6.500000000000000222e-01 3.856445312500000333e-01
5.700000000000000622e-01 5.600000000000000533e-01 3.849609375000000444e-01
5.700000000000000622e-01 7.399999999999999911e-01 3.849609375000000444e-01
5.700000000000000622e-01 6.387500000000000400e-01 3.125000000000000000e-01
5.700000000000000622e-01 6.331250000000000488e-01 4.000000000000000222e-01
5.700000000000000622e-01 6.443750000000000311e-01 2.687499999999999889e-01
5.700000000000000622e-01 6.443750000000000311e-01 3.562500000000000111e-01
5.700000000000000622e-01 6.471875000000000266e-01 2.250000000000000056e-01
5.700000000000000622e-01 6.457812499999999734e-01 4.000000000000000222e-01
5.700000000000000622e-01 6.485937499999999689e-01 4.000000000000000222e-01
5.900000000000000799e-01 6.500000000000000222e-01 3.343750000000000333e-01
5.900000000000000799e-01 6.500000000000000222e-01 3.781250000000000444e-01
5.900000000000000799e-01 6.500000000000000222e-01 3.890625000000000333e-01
5.900000000000000799e-01 6.500000000000000222e-01 3.726562500000000222e-01
5.900000000000000799e-01 5.600000000000000533e-01 3.453125000000000222e-01
5.900000000000000799e-01 5.600000000000000533e-01 3.753906250000000333e-01
5.900000000000000799e-01 7.399999999999999911e-01 3.671875000000000000e-01
5.900000000000000799e-01 7.399999999999999911e-01 3.835937500000000111e-01
5.900000000000000799e-01 7.399999999999999911e-01 3.945312500000000000e-01
5.900000000000000799e-01 7.399999999999999911e-01 3.753906250000000333e-01
5.900000000000000799e-01 7.399999999999999911e-01 3.740234375000000000e-01
5.900000000000000799e-01 7.399999999999999911e-01 3.822265625000000333e-01
5.900000000000000799e-01 6.275000000000000577e-01 3.890625000000000333e-01
5.900000000000000799e-01 6.724999999999999867e-01 3.671875000000000000e-01
5.900000000000000799e-01 6.724999999999999867e-01 3.890625000000000333e-01
5.900000000000000799e-01 6.162500000000000755e-01 3.781250000000000444e-01
5.900000000000000799e-01 6.612500000000000044e-01 3.781250000000000444e-01
6.100000000000000977e-01 6.500000000000000222e-01 3.671875000000000000e-01
6.100000000000000977e-01 6.500000000000000222e-01 3.890625000000000333e-01
6.100000000000000977e-01 6.500000000000000222e-01 3.726562500000000222e-01
6.100000000000000977e-01 5.600000000000000533e-01 3.781250000000000444e-01
6.100000000000000977e-01 7.399999999999999911e-01 3.343750000000000333e-01
6.100000000000000977e-01 7.399999999999999911e-01 3.671875000000000000e-01
6.100000000000000977e-01 7.399999999999999911e-01 3.835937500000000111e-01
6.100000000000000977e-01 7.399999999999999911e-01 3.945312500000000000e-01
6.100000000000000977e-01 7.399999999999999911e-01 3.740234375000000000e-01
6.100000000000000977e-01 7.399999999999999911e-01 3.822265625000000333e-01
6.100000000000000977e-01 6.950000000000000622e-01 3.453125000000000222e-01
6.100000000000000977e-01 6.950000000000000622e-01 3.671875000000000000e-01
6.100000000000000977e-01 6.275000000000000577e-01 3.890625000000000333e-01
6.100000000000000977e-01 6.724999999999999867e-01 3.343750000000000333e-01
6.100000000000000977e-01 6.724999999999999867e-01 3.617187499999999778e-01
6.100000000000000977e-01 6.724999999999999867e-01 3.726562500000000222e-01
6.100000000000000977e-01 6.162500000000000755e-01 3.781250000000000444e-01
6.300000000000001155e-01 6.500000000000000222e-01 3.398437500000000000e-01
6.300000000000001155e-01 6.500000000000000222e-01 3.589843750000000222e-01
6.300000000000001155e-01 6.500000000000000222e-01 3.644531250000000444e-01
6.300000000000001155e-01 6.500000000000000222e-01 3.808593750000000000e-01
6.300000000000001155e-01 6.500000000000000222e-01 3.863281250000000222e-01
6.300000000000001155e-01 5.600000000000000533e-01 3.835937500000000111e-01
6.300000000000001155e-01 7.399999999999999911e-01 3.576171875000000444e-01
6.300000000000001155e-01 6.049999999999999822e-01 3.835937500000000111e-01
6.300000000000001155e-01 6.049999999999999822e-01 3.945312500000000000e-01
6.300000000000001155e-01 6.049999999999999822e-01 3.808593750000000000e-01
6.300000000000001155e-01 6.950000000000000622e-01 3.835937500000000111e-01
6.300000000000001155e-01 5.825000000000000178e-01 3.890625000000000333e-01
6.300000000000001155e-01 6.275000000000000577e-01 3.890625000000000333e-01
6.300000000000001155e-01 6.275000000000000577e-01 3.699218750000000111e-01
6.300000000000001155e-01 6.162500000000000755e-01 3.781250000000000444e-01
6.300000000000001155e-01 6.162500000000000755e-01 3.671875000000000000e-01
6.300000000000001155e-01 6.612500000000000044e-01 3.562500000000000111e-01
6.300000000000001155e-01 6.612500000000000044e-01 3.781250000000000444e-01
6.500000000000001332e-01 6.500000000000000222e-01 3.398437500000000000e-01
6.500000000000001332e-01 7.399999999999999911e-01 3.576171875000000444e-01
6.500000000000001332e-01 6.049999999999999822e-01 3.808593750000000000e-01
6.500000000000001332e-01 6.275000000000000577e-01 3.781250000000000444e-01
6.500000000000001332e-01 6.275000000000000577e-01 3.699218750000000111e-01
6.500000000000001332e-01 7.175000000000000266e-01 2.250000000000000056e-01
6.500000000000001332e-01 6.162500000000000755e-01 3.671875000000000000e-01
6.500000000000001332e-01 6.612500000000000044e-01 3.562500000000000111e-01
6.500000000000001332e-01 6.612500000000000044e-01 3.781250000000000444e-01
5.050000000000001155e-01 5.600000000000000533e-01 3.781250000000000444e-01
5.050000000000001155e-01 6.049999999999999822e-01 4.000000000000000222e-01
5.050000000000001155e-01 6.275000000000000577e-01 3.781250000000000444e-01
5.150000000000000133e-01 6.500000000000000222e-01 3.671875000000000000e-01
5.150000000000000133e-01 6.049999999999999822e-01 4.000000000000000222e-01
5.150000000000000133e-01 6.275000000000000577e-01 3.781250000000000444e-01
5.150000000000000133e-01 6.106250000000000844e-01 3.125000000000000000e-01
5.150000000000000133e-01 6.078125000000000888e-01 4.000000000000000222e-01
5.150000000000000133e-01 6.134375000000000799e-01 4.000000000000000222e-01
5.250000000000000222e-01 6.500000000000000222e-01 3.562500000000000111e-01
5.250000000000000222e-01 5.600000000000000533e-01 3.781250000000000444e-01
5.250000000000000222e-01 7.399999999999999911e-01 3.125000000000000000e-01
5.250000000000000222e-01 7.399999999999999911e-01 3.671875000000000000e-01
5.250000000000000222e-01 7.399999999999999911e-01 3.890625000000000333e-01
5.250000000000000222e-01 6.049999999999999822e-01 3.562500000000000111e-01
5.250000000000000222e-01 6.950000000000000622e-01 3.781250000000000444e-01
5.350000000000000311e-01 6.049999999999999822e-01 4.000000000000000222e-01
5.350000000000000311e-01 5.825000000000000178e-01 2.250000000000000056e-01
5.350000000000000311e-01 6.275000000000000577e-01 4.000000000000000222e-01
5.350000000000000311e-01 6.387500000000000400e-01 4.000000000000000222e-01
5.350000000000000311e-01 6.106250000000000844e-01 3.125000000000000000e-01
5.350000000000000311e-01 6.078125000000000888e-01 4.000000000000000222e-01
5.350000000000000311e-01 6.134375000000000799e-01 4.000000000000000222e-01
5.450000000000000400e-01 6.500000000000000222e-01 3.562500000000000111e-01
5.450000000000000400e-01 7.399999999999999911e-01 3.781250000000000444e-01
5.450000000000000400e-01 7.399999999999999911e-01 3.917968750000000444e-01
5.550000000000000488e-01 7.399999999999999911e-01 3.917968750000000444e-01
5.650000000000000577e-01 6.500000000000000222e-01 3.671875000000000000e-01
5.650000000000000577e-01 6.387500000000000400e-01 2.250000000000000056e-01
5.750000000000000666e-01 6.387500000000000400e-01 2.250000000000000056e-01
5.850000000000000755e-01 6.500000000000000222e-01 3.125000000000000000e-01
5.850000000000000755e-01 6.500000000000000222e-01 3.453125000000000222e-01
5.850000000000000755e-01 5.600000000000000533e-01 3.562500000000000111e-01
5.850000000000000755e-01 7.399999999999999911e-01 3.125000000000000000e-01
5.850000000000000755e-01 7.399999999999999911e-01 3.781250000000000444e-01
5.850000000000000755e-01 6.950000000000000622e-01 3.562500000000000111e-01
5.850000000000000755e-01 6.162500000000000755e-01 3.890625000000000333e-01
5.950000000000000844e-01 6.500000000000000222e-01 3.125000000000000000e-01
5.950000000000000844e-01 6.500000000000000222e-01 3.453125000000000222e-01
5.950000000000000844e-01 5.600000000000000533e-01 3.562500000000000111e-01
5.950000000000000844e-01 7.399999999999999911e-01 3.343750000000000333e-01
5.950000000000000844e-01 7.399999999999999911e-01 3.781250000000000444e-01
5.950000000000000844e-01 6.950000000000000622e-01 3.562500000000000111e-01
5.950000000000000844e-01 6.162500000000000755e-01 3.890625000000000333e-01
6.050000000000000933e-01 6.500000000000000222e-01 3.125000000000000000e-01
6.050000000000000933e-01 5.600000000000000533e-01 3.562500000000000111e-01
6.050000000000000933e-01 7.399999999999999911e-01 3.125000000000000000e-01
6.050000000000000933e-01 7.399999999999999911e-01 3.781250000000000444e-01
6.050000000000000933e-01 7.399999999999999911e-01 3.453125000000000222e-01
6.050000000000000933e-01 7.399999999999999911e-01 3.726562500000000222e-01
6.050000000000000933e-01 6.950000000000000622e-01 3.562500000000000111e-01
6.050000000000000933e-01 6.724999999999999867e-01 3.125000000000000000e-01
6.050000000000000933e-01 6.724999999999999867e-01 3.671875000000000000e-01
6.050000000000000933e-01 6.724999999999999867e-01 3.890625000000000333e-01
6.050000000000000933e-01 6.162500000000000755e-01 3.890625000000000333e-01
6.050000000000000933e-01 6.612500000000000044e-01 3.781250000000000444e-01
6.050000000000000933e-01 6.837499999999999689e-01 3.781250000000000444e-01
6.150000000000001021e-01 7.399999999999999911e-01 3.343750000000000333e-01
6.150000000000001021e-01 7.399999999999999911e-01 3.781250000000000444e-01
6.150000000000001021e-01 7.399999999999999911e-01 3.453125000000000222e-01
6.150000000000001021e-01 7.399999999999999911e-01 3.726562500000000222e-01
6.150000000000001021e-01 6.950000000000000622e-01 3.562500000000000111e-01
6.150000000000001021e-01 6.724999999999999867e-01 3.671875000000000000e-01
6.150000000000001021e-01 6.724999999999999867e-01 3.890625000000000333e-01
6.150000000000001021e-01 6.162500000000000755e-01 3.890625000000000333e-01
6.150000000000001021e-01 6.612500000000000044e-01 3.781250000000000444e-01
6.150000000000001021e-01 6.837499999999999689e-01 3.781250000000000444e-01
6.350000000000001199e-01 6.500000000000000222e-01 3.781250000000000444e-01
6.350000000000001199e-01 6.500000000000000222e-01 3.726562500000000222e-01
6.350000000000001199e-01 6.500000000000000222e-01 3.835937500000000111e-01
6.350000000000001199e-01 7.399999999999999911e-01 3.890625000000000333e-01
6.350000000000001199e-01 7.399999999999999911e-01 3.699218750000000111e-01
6.350000000000001199e-01 7.399999999999999911e-01 3.753906250000000333e-01
6.350000000000001199e-01 6.049999999999999822e-01 3.671875000000000000e-01
6.350000000000001199e-01 6.049999999999999822e-01 3.890625000000000333e-01
6.450000000000001288e-01 6.500000000000000222e-01 3.917968750000000444e-01
6.450000000000001288e-01 6.500000000000000222e-01 3.972656250000000111e-01
6.450000000000001288e-01 5.600000000000000533e-01 3.917968750000000444e-01
6.450000000000001288e-01 5.600000000000000533e-01 3.972656250000000111e-01
6.450000000000001288e-01 6.049999999999999822e-01 3.781250000000000444e-01
6.450000000000001288e-01 6.049999999999999822e-01 3.945312500000000000e-01
6.450000000000001288e-01 6.950000000000000622e-01 2.250000000000000056e-01
6.450000000000001288e-01 6.950000000000000622e-01 3.945312500000000000e-01
6.450000000000001288e-01 7.175000000000000266e-01 4.999999999999998890e-02
6.550000000000000266e-01 6.500000000000000222e-01 3.890625000000000333e-01
6.550000000000000266e-01 7.399999999999999911e-01 3.671875000000000000e-01
6.550000000000000266e-01 6.950000000000000622e-01 3.945312500000000000e-01
5.125000000000000666e-01 6.500000000000000222e-01 3.835937500000000111e-01
5.125000000000000666e-01 6.500000000000000222e-01 3.945312500000000000e-01
5.175000000000000711e-01 6.162500000000000755e-01 4.000000000000000222e-01
5.175000000000000711e-01 6.106250000000000844e-01 2.250000000000000056e-01
5.225000000000000755e-01 6.049999999999999822e-01 3.781250000000000444e-01
5.275000000000000799e-01 6.049999999999999822e-01 3.781250000000000444e-01
5.325000000000000844e-01 5.825000000000000178e-01 3.125000000000000000e-01
5.325000000000000844e-01 6.275000000000000577e-01 3.125000000000000000e-01
5.325000000000000844e-01 6.162500000000000755e-01 2.250000000000000056e-01
5.325000000000000844e-01 6.387500000000000400e-01 2.250000000000000056e-01
5.325000000000000844e-01 5.881250000000000089e-01 4.000000000000000222e-01
5.325000000000000844e-01 6.331250000000000488e-01 4.000000000000000222e-01
5.325000000000000844e-01 6.443750000000000311e-01 4.000000000000000222e-01
5.425000000000000933e-01 6.500000000000000222e-01 3.781250000000000444e-01
5.425000000000000933e-01 5.600000000000000533e-01 3.562500000000000111e-01
5.475000000000000977e-01 6.500000000000000222e-01 3.781250000000000444e-01
5.725000000000001199e-01 6.500000000000000222e-01 3.562500000000000111e-01
5.725000000000001199e-01 5.600000000000000533e-01 3.781250000000000444e-01
5.725000000000001199e-01 7.399999999999999911e-01 3.781250000000000444e-01
5.725000000000001199e-01 6.387500000000000400e-01 4.000000000000000222e-01
5.775000000000001243e-01 6.387500000000000400e-01 4.000000000000000222e-01
5.825000000000000178e-01 6.500000000000000222e-01 3.562500000000000111e-01
5.825000000000000178e-01 6.950000000000000622e-01 3.781250000000000444e-01
5.875000000000000222e-01 6.500000000000000222e-01 3.562500000000000111e-01
5.875000000000000222e-01 6.950000000000000622e-01 3.781250000000000444e-01
5.925000000000000266e-01 6.500000000000000222e-01 3.562500000000000111e-01
5.925000000000000266e-01 6.950000000000000622e-01 3.781250000000000444e-01
5.975000000000000311e-01 6.500000000000000222e-01 3.562500000000000111e-01
5.975000000000000311e-01 7.399999999999999911e-01 3.125000000000000000e-01
5.975000000000000311e-01 6.950000000000000622e-01 3.781250000000000444e-01
6.025000000000000355e-01 6.950000000000000622e-01 3.781250000000000444e-01
6.025000000000000355e-01 6.724999999999999867e-01 3.562500000000000111e-01
6.075000000000000400e-01 6.950000000000000622e-01 3.781250000000000444e-01
6.075000000000000400e-01 6.724999999999999867e-01 3.562500000000000111e-01
6.125000000000000444e-01 6.500000000000000222e-01 3.562500000000000111e-01
6.125000000000000444e-01 7.399999999999999911e-01 3.125000000000000000e-01
6.125000000000000444e-01 6.950000000000000622e-01 3.781250000000000444e-01
6.125000000000000444e-01 6.724999999999999867e-01 3.781250000000000444e-01
6.175000000000000488e-01 6.500000000000000222e-01 3.562500000000000111e-01
6.175000000000000488e-01 7.399999999999999911e-01 3.125000000000000000e-01
6.175000000000000488e-01 6.950000000000000622e-01 3.781250000000000444e-01
6.175000000000000488e-01 6.724999999999999867e-01 3.781250000000000444e-01
6.225000000000000533e-01 6.500000000000000222e-01 2.687499999999999889e-01
6.225000000000000533e-01 5.600000000000000533e-01 3.125000000000000000e-01
6.325000000000000622e-01 7.399999999999999911e-01 3.781250000000000444e-01
6.325000000000000622e-01 7.399999999999999911e-01 3.726562500000000222e-01
6.325000000000000622e-01 7.399999999999999911e-01 3.835937500000000111e-01
6.375000000000000666e-01 6.500000000000000222e-01 3.671875000000000000e-01
6.375000000000000666e-01 5.600000000000000533e-01 3.781250000000000444e-01
6.375000000000000666e-01 7.399999999999999911e-01 3.781250000000000444e-01
6.375000000000000666e-01 7.399999999999999911e-01 3.726562500000000222e-01
6.375000000000000666e-01 7.399999999999999911e-01 3.835937500000000111e-01
6.425000000000000711e-01 6.500000000000000222e-01 3.890625000000000333e-01
6.425000000000000711e-01 6.500000000000000222e-01 3.945312500000000000e-01
6.425000000000000711e-01 7.399999999999999911e-01 3.835937500000000111e-01
6.425000000000000711e-01 7.399999999999999911e-01 3.945312500000000000e-01
6.425000000000000711e-01 6.049999999999999822e-01 3.562500000000000111e-01
6.425000000000000711e-01 5.825000000000000178e-01 3.781250000000000444e-01
6.425000000000000711e-01 6.275000000000000577e-01 3.781250000000000444e-01
6.425000000000000711e-01 7.175000000000000266e-01 3.125000000000000000e-01
6.475000000000000755e-01 6.500000000000000222e-01 3.945312500000000000e-01
6.475000000000000755e-01 5.600000000000000533e-01 3.671875000000000000e-01
6.475000000000000755e-01 5.600000000000000533e-01 3.890625000000000333e-01
6.475000000000000755e-01 7.399999999999999911e-01 3.945312500000000000e-01
6.475000000000000755e-01 6.049999999999999822e-01 3.562500000000000111e-01
6.475000000000000755e-01 5.825000000000000178e-01 3.781250000000000444e-01
6.475000000000000755e-01 6.275000000000000577e-01 3.781250000000000444e-01
6.525000000000000799e-01 7.399999999999999911e-01 3.945312500000000000e-01
6.575000000000000844e-01 6.500000000000000222e-01 3.671875000000000000e-01
6.575000000000000844e-01 6.500000000000000222e-01 3.890625000000000333e-01
6.575000000000000844e-01 7.399999999999999911e-01 3.617187499999999778e-01
6.575000000000000844e-01 7.399999999999999911e-01 3.726562500000000222e-01
6.575000000000000844e-01 7.399999999999999911e-01 3.835937500000000111e-01
6.575000000000000844e-01 7.399999999999999911e-01 3.945312500000000000e-01
5.112500000000000933e-01 6.500000000000000222e-01 3.781250000000000444e-01
5.112500000000000933e-01 5.600000000000000533e-01 3.890625000000000333e-01
5.112500000000000933e-01 7.399999999999999911e-01 3.890625000000000333e-01
5.162500000000000977e-01 6.106250000000000844e-01 4.000000000000000222e-01
5.187500000000000444e-01 6.106250000000000844e-01 4.000000000000000222e-01
5.312500000000001110e-01 6.162500000000000755e-01 4.000000000000000222e-01
5.337500000000000577e-01 5.937500000000000000e-01 3.125000000000000000e-01
5.337500000000000577e-01 6.162500000000000755e-01 3.125000000000000000e-01
5.337500000000000577e-01 5.881250000000000089e-01 2.250000000000000056e-01
5.337500000000000577e-01 6.331250000000000488e-01 2.250000000000000056e-01
5.337500000000000577e-01 5.853125000000000133e-01 4.000000000000000222e-01
5.337500000000000577e-01 5.909375000000000044e-01 4.000000000000000222e-01
5.337500000000000577e-01 6.303125000000000533e-01 4.000000000000000222e-01
5.337500000000000577e-01 6.359375000000000444e-01 4.000000000000000222e-01
5.412500000000000089e-01 5.600000000000000533e-01 3.781250000000000444e-01
5.437500000000000666e-01 5.600000000000000533e-01 3.781250000000000444e-01
5.712500000000000355e-01 6.500000000000000222e-01 3.781250000000000444e-01
5.712500000000000355e-01 5.600000000000000533e-01 3.890625000000000333e-01
5.712500000000000355e-01 7.399999999999999911e-01 3.890625000000000333e-01
5.737500000000000933e-01 6.500000000000000222e-01 3.781250000000000444e-01
5.962500000000000577e-01 7.399999999999999911e-01 3.562500000000000111e-01
5.987500000000001155e-01 7.399999999999999911e-01 3.562500000000000111e-01
6.112500000000000711e-01 7.399999999999999911e-01 3.562500000000000111e-01
6.137500000000001288e-01 7.399999999999999911e-01 3.562500000000000111e-01
6.162500000000000755e-01 7.399999999999999911e-01 3.562500000000000111e-01
6.187500000000001332e-01 7.399999999999999911e-01 3.562500000000000111e-01
6.237500000000000266e-01 6.500000000000000222e-01 4.000000000000000222e-01
6.237500000000000266e-01 7.399999999999999911e-01 2.250000000000000056e-01
6.362500000000000933e-01 5.600000000000000533e-01 3.671875000000000000e-01
6.387500000000000400e-01 5.600000000000000533e-01 3.671875000000000000e-01
6.412500000000000977e-01 5.600000000000000533e-01 3.671875000000000000e-01
6.412500000000000977e-01 5.600000000000000533e-01 3.890625000000000333e-01
6.412500000000000977e-01 7.399999999999999911e-01 3.890625000000000333e-01
6.412500000000000977e-01 6.049999999999999822e-01 3.781250000000000444e-01
6.412500000000000977e-01 6.950000000000000622e-01 3.125000000000000000e-01
6.412500000000000977e-01 6.950000000000000622e-01 3.781250000000000444e-01
6.437500000000000444e-01 6.500000000000000222e-01 3.890625000000000333e-01
6.437500000000000444e-01 5.600000000000000533e-01 3.671875000000000000e-01
6.437500000000000444e-01 5.600000000000000533e-01 3.890625000000000333e-01
6.437500000000000444e-01 7.399999999999999911e-01 3.835937500000000111e-01
6.437500000000000444e-01 7.399999999999999911e-01 3.945312500000000000e-01
6.437500000000000444e-01 6.049999999999999822e-01 3.781250000000000444e-01
6.437500000000000444e-01 6.950000000000000622e-01 3.781250000000000444e-01
6.562500000000001110e-01 7.399999999999999911e-01 3.890625000000000333e-01
6.587500000000000577e-01 7.399999999999999911e-01 3.890625000000000333e-01
5.106250000000001066e-01 6.500000000000000222e-01 3.890625000000000333e-01
5.118750000000000799e-01 6.500000000000000222e-01 3.890625000000000333e-01
5.331250000000000711e-01 5.937500000000000000e-01 4.000000000000000222e-01
5.331250000000000711e-01 6.162500000000000755e-01 4.000000000000000222e-01
5.343750000000000444e-01 5.937500000000000000e-01 4.000000000000000222e-01
5.343750000000000444e-01 6.162500000000000755e-01 4.000000000000000222e-01
5.706250000000000488e-01 6.500000000000000222e-01 3.890625000000000333e-01
5.718750000000000222e-01 6.500000000000000222e-01 3.890625000000000333e-01
6.231250000000000400e-01 7.399999999999999911e-01 4.000000000000000222e-01
6.243750000000001243e-01 7.399999999999999911e-01 4.000000000000000222e-01
6.406250000000001110e-01 6.500000000000000222e-01 3.781250000000000444e-01
6.406250000000001110e-01 7.399999999999999911e-01 3.671875000000000000e-01
6.406250000000001110e-01 7.399999999999999911e-01 3.890625000000000333e-01
6.431250000000000577e-01 6.500000000000000222e-01 3.781250000000000444e-01
6.431250000000000577e-01 7.399999999999999911e-01 3.562500000000000111e-01
6.443750000000001421e-01 6.500000000000000222e-01 3.781250000000000444e-01
6.443750000000001421e-01 7.399999999999999911e-01 3.562500000000000111e-01
6.456250000000001155e-01 6.500000000000000222e-01 3.781250000000000444e-01
6.456250000000001155e-01 7.399999999999999911e-01 3.562500000000000111e-01
6.581250000000000711e-01 6.500000000000000222e-01 3.781250000000000444e-01
6.581250000000000711e-01 7.399999999999999911e-01 3.562500000000000111e-01
6.593750000000000444e-01 6.500000000000000222e-01 3.781250000000000444e-01
6.593750000000000444e-01 7.399999999999999911e-01 3.562500000000000111e-01
6.403125000000000622e-01 7.399999999999999911e-01 3.781250000000000444e-01
6.409375000000000488e-01 7.399999999999999911e-01 3.781250000000000444e-01
6.428125000000001199e-01 7.399999999999999911e-01 3.781250000000000444e-01
6.434375000000001066e-01 7.399999999999999911e-01 3.781250000000000444e-01
6.440625000000000933e-01 7.399999999999999911e-01 3.781250000000000444e-01
6.446875000000000799e-01 7.399999999999999911e-01 3.781250000000000444e-01
6.453125000000000666e-01 7.399999999999999911e-01 3.781250000000000444e-01
6.459375000000000533e-01 7.399999999999999911e-01 3.781250000000000444e-01
6.578125000000001332e-01 7.399999999999999911e-01 3.781250000000000444e-01
6.584375000000001199e-01 7.399999999999999911e-01 3.781250000000000444e-01
6.590625000000001066e-01 7.399999999999999911e-01 3.781250000000000444e-01
6.596875000000000933e-01 7.399999999999999911e-01 3.781250000000000444e-01
5.395312500000000178e-01 5.600000000000000533e-01 3.125000000000000000e-01
5.398437500000000666e-01 7.399999999999999911e-01 3.125000000000000000e-01
6.401562500000000933e-01 6.500000000000000222e-01 2.250000000000000056e-01
6.401562500000000933e-01 7.399999999999999911e-01 4.999999999999998890e-02
5.342968750000001155e-01 6.500000000000000222e-01 3.125000000000000000e-01
5.394531250000000888e-01 6.500000000000000222e-01 3.125000000000000000e-01
5.396093750000000577e-01 6.500000000000000222e-01 3.125000000000000000e-01
5.397656250000000266e-01 6.500000000000000222e-01 3.125000000000000000e-01
5.397656250000000266e-01 5.600000000000000533e-01 2.250000000000000056e-01
5.397656250000000266e-01 6.049999999999999822e-01 4.000000000000000222e-01
5.399218750000001066e-01 6.500000000000000222e-01 3.125000000000000000e-01
6.400781250000000533e-01 6.500000000000000222e-01 4.000000000000000222e-01
6.400781250000000533e-01 7.399999999999999911e-01 2.250000000000000056e-01
6.402343750000001332e-01 7.399999999999999911e-01 2.250000000000000056e-01
5.342578125000000400e-01 6.500000000000000222e-01 2.250000000000000056e-01
5.342578125000000400e-01 5.600000000000000533e-01 4.000000000000000222e-01
5.342578125000000400e-01 7.399999999999999911e-01 4.000000000000000222e-01
5.343359375000000799e-01 6.500000000000000222e-01 2.250000000000000056e-01
5.343359375000000799e-01 5.600000000000000533e-01 4.000000000000000222e-01
5.343359375000000799e-01 7.399999999999999911e-01 4.000000000000000222e-01
5.398828125000000311e-01 6.500000000000000222e-01 2.250000000000000056e-01
5.398828125000000311e-01 5.600000000000000533e-01 4.000000000000000222e-01
5.398828125000000311e-01 7.399999999999999911e-01 4.000000000000000222e-01
5.399609375000000711e-01 6.500000000000000222e-01 2.250000000000000056e-01
5.399609375000000711e-01 5.600000000000000533e-01 4.000000000000000222e-01
5.399609375000000711e-01 7.399999999999999911e-01 4.000000000000000222e-01
6.400390625000000888e-01 7.399999999999999911e-01 4.000000000000000222e-01
6.401171875000001288e-01 7.399999999999999911e-01 4.000000000000000222e-01
5.342382812500000577e-01 6.500000000000000222e-01 4.000000000000000222e-01
5.342773437500000222e-01 6.500000000000000222e-01 4.000000000000000222e-01
5.343164062500000977e-01 6.500000000000000222e-01 4.000000000000000222e-01
5.343554687500000622e-01 6.500000000000000222e-01 4.000000000000000222e-01
5.398632812500000488e-01 6.500000000000000222e-01 4.000000000000000222e-01
5.399023437500000133e-01 6.500000000000000222e-01 4.000000000000000222e-01
5.399414062500000888e-01 6.500000000000000222e-01 4.000000000000000222e-01
5.399804687500000533e-01 6.500000000000000222e-01 4.000000000000000222e-01
