5.800000000000000711e-01 6.500000000000000222e-01 3.678710937500000444e-01
5.800000000000000711e-01 6.500000000000000222e-01 3.692382812500000222e-01
5.800000000000000711e-01 6.500000000000000222e-01 3.733398437500000111e-01
5.800000000000000711e-01 6.500000000000000222e-01 3.774414062500000000e-01
5.800000000000000711e-01 6.500000000000000222e-01 3.782958984375000000e-01
5.800000000000000711e-01 6.500000000000000222e-01 3.817138671875000000e-01
5.800000000000000711e-01 6.500000000000000222e-01 3.820556640625000222e-01
5.800000000000000711e-01 6.500000000000000222e-01 3.823974609375000444e-01
5.800000000000000711e-01 6.500000000000000222e-01 3.827392578125000111e-01
5.800000000000000711e-01 6.500000000000000222e-01 3.837646484375000222e-01
5.800000000000000711e-01 6.500000000000000222e-01 3.841064453125000444e-01
5.800000000000000711e-01 6.500000000000000222e-01 3.844482421875000111e-01
5.800000000000000711e-01 6.500000000000000222e-01 3.847900390625000333e-01
5.800000000000000711e-01 6.500000000000000222e-01 3.851318359375000000e-01
5.800000000000000711e-01 6.500000000000000222e-01 3.854736328125000222e-01
5.800000000000000711e-01 6.500000000000000222e-01 3.858154296875000444e-01
5.800000000000000711e-01 6.500000000000000222e-01 3.861572265625000111e-01
5.800000000000000711e-01 6.500000000000000222e-01 3.864990234375000333e-01
5.800000000000000711e-01 6.500000000000000222e-01 3.868408203125000000e-01
5.800000000000000711e-01 5.600000000000000533e-01 3.507812500000000444e-01
5.800000000000000711e-01 5.600000000000000533e-01 3.589843750000000222e-01
5.800000000000000711e-01 5.600000000000000533e-01 3.692382812500000222e-01
5.800000000000000711e-01 5.600000000000000533e-01 3.675292968750000222e-01
5.800000000000000711e-01 5.600000000000000533e-01 3.723144531250000000e-01
5.800000000000000711e-01 5.600000000000000533e-01 3.729980468750000444e-01
5.800000000000000711e-01 5.600000000000000533e-01 3.757324218750000000e-01
5.800000000000000711e-01 5.600000000000000533e-01 3.764160156250000444e-01
5.800000000000000711e-01 5.600000000000000533e-01 3.770996093750000333e-01
5.800000000000000711e-01 5.600000000000000533e-01 3.777832031250000222e-01
5.800000000000000711e-01 5.600000000000000533e-01 3.818847656250000111e-01
5.800000000000000711e-01 5.600000000000000533e-01 3.825683593750000000e-01
5.800000000000000711e-01 5.600000000000000533e-01 3.839355468750000333e-01
5.800000000000000711e-01 5.600000000000000533e-01 3.846191406250000222e-01
5.800000000000000711e-01 5.600000000000000533e-01 3.853027343750000111e-01
5.800000000000000711e-01 5.600000000000000533e-01 3.859863281250000000e-01
5.800000000000000711e-01 5.600000000000000533e-01 3.866699218750000444e-01
5.800000000000000711e-01 5.600000000000000533e-01 3.782104492187500222e-01
5.800000000000000711e-01 5.600000000000000533e-01 3.783813476562500333e-01
5.800000000000000711e-01 7.399999999999999911e-01 3.630859375000000111e-01
5.800000000000000711e-01 7.399999999999999911e-01 3.658203125000000222e-01
5.800000000000000711e-01 7.399999999999999911e-01 3.685546874999999778e-01
5.800000000000000711e-01 7.399999999999999911e-01 3.767578125000000111e-01
5.800000000000000711e-01 7.399999999999999911e-01 3.794921875000000222e-01
5.800000000000000711e-01 7.399999999999999911e-01 3.818847656250000111e-01
5.800000000000000711e-01 7.399999999999999911e-01 3.825683593750000000e-01
5.800000000000000711e-01 7.399999999999999911e-01 3.832519531250000444e-01
5.800000000000000711e-01 7.399999999999999911e-01 3.839355468750000333e-01
5.800000000000000711e-01 7.399999999999999911e-01 3.846191406250000222e-01
5.800000000000000711e-01 7.399999999999999911e-01 3.853027343750000111e-01
5.800000000000000711e-01 7.399999999999999911e-01 3.859863281250000000e-01
5.800000000000000711e-01 7.399999999999999911e-01 3.866699218750000444e-01
5.800000000000000711e-01 6.049999999999999822e-01 3.453125000000000222e-01
5.800000000000000711e-01 6.049999999999999822e-01 3.589843750000000222e-01
5.800000000000000711e-01 6.049999999999999822e-01 3.712890625000000444e-01
5.800000000000000711e-01 6.049999999999999822e-01 3.740234375000000000e-01
5.800000000000000711e-01 6.049999999999999822e-01 3.767578125000000111e-01
5.800000000000000711e-01 6.049999999999999822e-01 3.784667968750000111e-01
5.800000000000000711e-01 6.950000000000000622e-01 3.644531250000000444e-01
5.800000000000000711e-01 6.950000000000000622e-01 3.808593750000000000e-01
5.800000000000000711e-01 6.950000000000000622e-01 3.863281250000000222e-01
5.800000000000000711e-01 6.950000000000000622e-01 3.829101562500000222e-01
5.800000000000000711e-01 6.724999999999999867e-01 3.835937500000000111e-01
5.800000000000000711e-01 6.162500000000000755e-01 3.890625000000000333e-01
5.800000000000000711e-01 6.162500000000000755e-01 3.507812500000000444e-01
5.800000000000000711e-01 6.162500000000000755e-01 3.863281250000000222e-01
5.800000000000000711e-01 6.387500000000000400e-01 3.890625000000000333e-01
5.800000000000000711e-01 6.387500000000000400e-01 3.507812500000000444e-01
5.800000000000000711e-01 6.387500000000000400e-01 3.726562500000000222e-01
5.800000000000000711e-01 6.387500000000000400e-01 3.589843750000000222e-01
5.800000000000000711e-01 6.387500000000000400e-01 3.644531250000000444e-01
5.800000000000000711e-01 6.387500000000000400e-01 3.753906250000000333e-01
5.800000000000000711e-01 6.387500000000000400e-01 3.863281250000000222e-01
5.800000000000000711e-01 7.062500000000000444e-01 3.890625000000000333e-01
5.800000000000000711e-01 7.287500000000000089e-01 3.562500000000000111e-01
5.800000000000000711e-01 7.287500000000000089e-01 3.890625000000000333e-01
5.800000000000000711e-01 6.106250000000000844e-01 3.835937500000000111e-01
5.800000000000000711e-01 6.218750000000000666e-01 3.835937500000000111e-01
5.800000000000000711e-01 6.331250000000000488e-01 3.671875000000000000e-01
5.800000000000000711e-01 6.331250000000000488e-01 3.890625000000000333e-01
5.800000000000000711e-01 6.331250000000000488e-01 3.617187499999999778e-01
5.800000000000000711e-01 6.443750000000000311e-01 3.617187499999999778e-01
5.800000000000000711e-01 6.556250000000000133e-01 3.781250000000000444e-01
5.800000000000000711e-01 7.231250000000000178e-01 3.781250000000000444e-01
5.800000000000000711e-01 7.343750000000000000e-01 3.781250000000000444e-01
5.800000000000000711e-01 7.343750000000000000e-01 3.726562500000000222e-01
5.800000000000000711e-01 6.303125000000000533e-01 3.562500000000000111e-01
5.800000000000000711e-01 6.359375000000000444e-01 3.562500000000000111e-01
5.800000000000000711e-01 5.614062500000001066e-01 3.671875000000000000e-01
5.800000000000000711e-01 5.614062500000001066e-01 3.890625000000000333e-01
5.800000000000000711e-01 6.064062500000000355e-01 3.781250000000000444e-01
5.800000000000000711e-01 6.092187500000000311e-01 3.781250000000000444e-01
5.800000000000000711e-01 6.289062500000000000e-01 3.781250000000000444e-01
5.800000000000000711e-01 6.317187499999999956e-01 3.781250000000000444e-01
5.800000000000000711e-01 6.373437499999999867e-01 3.781250000000000444e-01
5.800000000000000711e-01 5.607031250000000799e-01 3.562500000000000111e-01
5.800000000000000711e-01 6.197656249999999867e-01 3.125000000000000000e-01
5.800000000000000711e-01 5.603515625000000666e-01 3.781250000000000444e-01
5.800000000000000711e-01 5.610546875000000933e-01 3.781250000000000444e-01
5.000000000000000000e-01 6.500000000000000222e-01 3.685546874999999778e-01
5.000000000000000000e-01 6.500000000000000222e-01 3.986328125000000444e-01
5.000000000000000000e-01 6.500000000000000222e-01 3.812011718750000222e-01
5.000000000000000000e-01 6.500000000000000222e-01 3.818847656250000111e-01
5.000000000000000000e-01 6.500000000000000222e-01 3.825683593750000000e-01
5.000000000000000000e-01 6.500000000000000222e-01 3.832519531250000444e-01
5.000000000000000000e-01 6.500000000000000222e-01 3.839355468750000333e-01
5.000000000000000000e-01 6.500000000000000222e-01 3.846191406250000222e-01
5.000000000000000000e-01 6.500000000000000222e-01 3.853027343750000111e-01
5.000000000000000000e-01 6.500000000000000222e-01 3.859863281250000000e-01
5.000000000000000000e-01 6.500000000000000222e-01 3.866699218750000444e-01
5.000000000000000000e-01 5.600000000000000533e-01 3.712890625000000444e-01
5.000000000000000000e-01 5.600000000000000533e-01 3.740234375000000000e-01
5.000000000000000000e-01 5.600000000000000533e-01 3.774414062500000000e-01
5.000000000000000000e-01 5.600000000000000533e-01 3.815429687500000444e-01
5.000000000000000000e-01 5.600000000000000533e-01 3.829101562500000222e-01
5.000000000000000000e-01 5.600000000000000533e-01 3.856445312500000333e-01
5.000000000000000000e-01 5.600000000000000533e-01 3.782958984375000000e-01
5.000000000000000000e-01 7.399999999999999911e-01 3.740234375000000000e-01
5.000000000000000000e-01 7.399999999999999911e-01 3.767578125000000111e-01
5.000000000000000000e-01 7.399999999999999911e-01 3.815429687500000444e-01
5.000000000000000000e-01 7.399999999999999911e-01 3.829101562500000222e-01
5.000000000000000000e-01 7.399999999999999911e-01 3.856445312500000333e-01
5.000000000000000000e-01 6.049999999999999822e-01 3.507812500000000444e-01
5.000000000000000000e-01 6.049999999999999822e-01 3.617187499999999778e-01
5.000000000000000000e-01 6.049999999999999822e-01 3.753906250000000333e-01
5.000000000000000000e-01 6.049999999999999822e-01 3.815429687500000444e-01
5.000000000000000000e-01 6.049999999999999822e-01 3.829101562500000222e-01
5.000000000000000000e-01 6.950000000000000622e-01 3.835937500000000111e-01
5.000000000000000000e-01 6.950000000000000622e-01 3.822265625000000333e-01
5.000000000000000000e-01 5.825000000000000178e-01 3.822265625000000333e-01
5.000000000000000000e-01 6.275000000000000577e-01 3.453125000000000222e-01
5.000000000000000000e-01 6.275000000000000577e-01 3.589843750000000222e-01
5.000000000000000000e-01 6.275000000000000577e-01 3.644531250000000444e-01
5.000000000000000000e-01 6.275000000000000577e-01 3.822265625000000333e-01
5.000000000000000000e-01 7.175000000000000266e-01 3.617187499999999778e-01
5.000000000000000000e-01 7.175000000000000266e-01 3.726562500000000222e-01
5.000000000000000000e-01 6.162500000000000755e-01 3.835937500000000111e-01
5.000000000000000000e-01 6.387500000000000400e-01 3.781250000000000444e-01
5.000000000000000000e-01 6.387500000000000400e-01 3.617187499999999778e-01
5.000000000000000000e-01 6.387500000000000400e-01 3.835937500000000111e-01
5.000000000000000000e-01 7.062500000000000444e-01 3.671875000000000000e-01
5.000000000000000000e-01 7.287500000000000089e-01 3.671875000000000000e-01
5.000000000000000000e-01 6.331250000000000488e-01 3.562500000000000111e-01
5.000000000000000000e-01 6.443750000000000311e-01 3.890625000000000333e-01
5.000000000000000000e-01 6.303125000000000533e-01 3.781250000000000444e-01
5.000000000000000000e-01 6.289062500000000000e-01 3.125000000000000000e-01
5.000000000000000000e-01 5.607031250000000799e-01 3.781250000000000444e-01
5.000000000000000000e-01 6.197656249999999867e-01 2.250000000000000056e-01
6.600000000000001421e-01 6.500000000000000222e-01 3.507812500000000444e-01
6.600000000000001421e-01 6.500000000000000222e-01 3.630859375000000111e-01
6.600000000000001421e-01 6.500000000000000222e-01 3.794921875000000222e-01
6.600000000000001421e-01 6.500000000000000222e-01 3.675292968750000222e-01
6.600000000000001421e-01 6.500000000000000222e-01 3.682128906250000111e-01
6.600000000000001421e-01 6.500000000000000222e-01 3.723144531250000000e-01
6.600000000000001421e-01 6.500000000000000222e-01 3.729980468750000444e-01
6.600000000000001421e-01 6.500000000000000222e-01 3.736816406250000333e-01
6.600000000000001421e-01 6.500000000000000222e-01 3.757324218750000000e-01
6.600000000000001421e-01 6.500000000000000222e-01 3.764160156250000444e-01
6.600000000000001421e-01 6.500000000000000222e-01 3.770996093750000333e-01
6.600000000000001421e-01 6.500000000000000222e-01 3.777832031250000222e-01
6.600000000000001421e-01 6.500000000000000222e-01 3.818847656250000111e-01
6.600000000000001421e-01 6.500000000000000222e-01 3.825683593750000000e-01
6.600000000000001421e-01 6.500000000000000222e-01 3.832519531250000444e-01
6.600000000000001421e-01 6.500000000000000222e-01 3.839355468750000333e-01
6.600000000000001421e-01 6.500000000000000222e-01 3.846191406250000222e-01
6.600000000000001421e-01 6.500000000000000222e-01 3.853027343750000111e-01
6.600000000000001421e-01 6.500000000000000222e-01 3.859863281250000000e-01
6.600000000000001421e-01 6.500000000000000222e-01 3.866699218750000444e-01
6.600000000000001421e-01 5.600000000000000533e-01 3.829101562500000222e-01
6.600000000000001421e-01 5.600000000000000533e-01 3.673583984375000111e-01
6.600000000000001421e-01 5.600000000000000533e-01 3.677001953124999778e-01
6.600000000000001421e-01 5.600000000000000533e-01 3.721435546875000444e-01
6.600000000000001421e-01 5.600000000000000533e-01 3.724853515625000111e-01
6.600000000000001421e-01 5.600000000000000533e-01 3.728271484375000333e-01
6.600000000000001421e-01 5.600000000000000533e-01 3.731689453125000000e-01
6.600000000000001421e-01 5.600000000000000533e-01 3.755615234375000444e-01
6.600000000000001421e-01 5.600000000000000533e-01 3.759033203125000111e-01
6.600000000000001421e-01 5.600000000000000533e-01 3.762451171875000333e-01
6.600000000000001421e-01 5.600000000000000533e-01 3.765869140625000000e-01
6.600000000000001421e-01 5.600000000000000533e-01 3.769287109375000222e-01
6.600000000000001421e-01 5.600000000000000533e-01 3.772705078125000444e-01
6.600000000000001421e-01 5.600000000000000533e-01 3.776123046875000111e-01
6.600000000000001421e-01 5.600000000000000533e-01 3.779541015625000333e-01
6.600000000000001421e-01 5.600000000000000533e-01 3.782958984375000000e-01
6.600000000000001421e-01 7.399999999999999911e-01 3.371093750000000444e-01
6.600000000000001421e-01 7.399999999999999911e-01 3.535156250000000000e-01
6.600000000000001421e-01 7.399999999999999911e-01 3.569335937500000000e-01
6.600000000000001421e-01 7.399999999999999911e-01 3.624023437500000222e-01
6.600000000000001421e-01 7.399999999999999911e-01 3.637695312500000000e-01
6.600000000000001421e-01 7.399999999999999911e-01 3.651367187499999778e-01
6.600000000000001421e-01 7.399999999999999911e-01 3.665039062500000111e-01
6.600000000000001421e-01 7.399999999999999911e-01 3.678710937500000444e-01
6.600000000000001421e-01 7.399999999999999911e-01 3.733398437500000111e-01
6.600000000000001421e-01 7.399999999999999911e-01 3.760742187500000222e-01
6.600000000000001421e-01 7.399999999999999911e-01 3.774414062500000000e-01
6.600000000000001421e-01 7.399999999999999911e-01 3.788085937500000333e-01
6.600000000000001421e-01 7.399999999999999911e-01 3.801757812500000111e-01
6.600000000000001421e-01 7.399999999999999911e-01 3.829101562500000222e-01
6.600000000000001421e-01 6.049999999999999822e-01 3.576171875000000444e-01
6.600000000000001421e-01 6.049999999999999822e-01 3.603515625000000000e-01
6.600000000000001421e-01 6.049999999999999822e-01 3.740234375000000000e-01
6.600000000000001421e-01 6.049999999999999822e-01 3.849609375000000444e-01
6.600000000000001421e-01 6.049999999999999822e-01 3.876953125000000000e-01
6.600000000000001421e-01 6.049999999999999822e-01 3.692382812500000222e-01
6.600000000000001421e-01 6.049999999999999822e-01 3.815429687500000444e-01
6.600000000000001421e-01 6.049999999999999822e-01 3.829101562500000222e-01
6.600000000000001421e-01 6.950000000000000622e-01 3.945312500000000000e-01
6.600000000000001421e-01 6.950000000000000622e-01 3.589843750000000222e-01
6.600000000000001421e-01 6.950000000000000622e-01 3.630859375000000111e-01
6.600000000000001421e-01 6.950000000000000622e-01 3.658203125000000222e-01
6.600000000000001421e-01 6.950000000000000622e-01 3.767578125000000111e-01
6.600000000000001421e-01 5.825000000000000178e-01 3.589843750000000222e-01
6.600000000000001421e-01 5.825000000000000178e-01 3.863281250000000222e-01
6.600000000000001421e-01 5.825000000000000178e-01 3.822265625000000333e-01
6.600000000000001421e-01 6.275000000000000577e-01 3.589843750000000222e-01
6.600000000000001421e-01 6.275000000000000577e-01 3.863281250000000222e-01
6.600000000000001421e-01 6.275000000000000577e-01 3.794921875000000222e-01
6.600000000000001421e-01 6.275000000000000577e-01 3.822265625000000333e-01
6.600000000000001421e-01 6.724999999999999867e-01 3.890625000000000333e-01
6.600000000000001421e-01 6.724999999999999867e-01 3.644531250000000444e-01
6.600000000000001421e-01 7.175000000000000266e-01 3.808593750000000000e-01
6.600000000000001421e-01 7.175000000000000266e-01 3.863281250000000222e-01
6.600000000000001421e-01 6.162500000000000755e-01 3.617187499999999778e-01
6.600000000000001421e-01 6.162500000000000755e-01 3.808593750000000000e-01
6.600000000000001421e-01 6.162500000000000755e-01 3.863281250000000222e-01
6.600000000000001421e-01 6.387500000000000400e-01 3.617187499999999778e-01
6.600000000000001421e-01 6.387500000000000400e-01 3.945312500000000000e-01
6.600000000000001421e-01 6.387500000000000400e-01 3.699218750000000111e-01
6.600000000000001421e-01 6.387500000000000400e-01 3.740234375000000000e-01
6.600000000000001421e-01 6.387500000000000400e-01 3.767578125000000111e-01
6.600000000000001421e-01 6.612500000000000044e-01 3.125000000000000000e-01
6.600000000000001421e-01 7.287500000000000089e-01 3.781250000000000444e-01
6.600000000000001421e-01 6.106250000000000844e-01 3.835937500000000111e-01
6.600000000000001421e-01 6.218750000000000666e-01 3.835937500000000111e-01
6.600000000000001421e-01 6.331250000000000488e-01 3.343750000000000333e-01
6.600000000000001421e-01 6.331250000000000488e-01 3.671875000000000000e-01
6.600000000000001421e-01 6.331250000000000488e-01 3.890625000000000333e-01
6.600000000000001421e-01 6.331250000000000488e-01 3.753906250000000333e-01
6.600000000000001421e-01 6.443750000000000311e-01 3.753906250000000333e-01
6.600000000000001421e-01 6.556250000000000133e-01 3.562500000000000111e-01
6.600000000000001421e-01 7.343750000000000000e-01 3.671875000000000000e-01
6.600000000000001421e-01 6.359375000000000444e-01 3.125000000000000000e-01
6.600000000000001421e-01 6.528125000000000178e-01 3.781250000000000444e-01
6.600000000000001421e-01 6.584375000000000089e-01 3.781250000000000444e-01
6.600000000000001421e-01 7.315625000000000044e-01 3.726562500000000222e-01
6.600000000000001421e-01 7.371874999999999956e-01 3.726562500000000222e-01
6.600000000000001421e-01 6.064062500000000355e-01 3.562500000000000111e-01
6.600000000000001421e-01 6.092187500000000311e-01 3.562500000000000111e-01
6.600000000000001421e-01 6.289062500000000000e-01 3.562500000000000111e-01
6.600000000000001421e-01 6.345312499999999911e-01 3.562500000000000111e-01
6.600000000000001421e-01 6.373437499999999867e-01 3.562500000000000111e-01
6.600000000000001421e-01 5.607031250000000799e-01 3.781250000000000444e-01
6.600000000000001421e-01 6.057031250000000089e-01 3.781250000000000444e-01
6.600000000000001421e-01 6.071093750000000622e-01 3.781250000000000444e-01
6.600000000000001421e-01 6.085156250000000044e-01 3.781250000000000444e-01
6.600000000000001421e-01 6.099218750000000577e-01 3.781250000000000444e-01
6.600000000000001421e-01 6.282031249999999734e-01 3.781250000000000444e-01
6.600000000000001421e-01 6.296093750000000266e-01 3.781250000000000444e-01
6.600000000000001421e-01 6.366406250000000711e-01 3.781250000000000444e-01
6.600000000000001421e-01 6.380468750000000133e-01 3.781250000000000444e-01
5.400000000000000355e-01 6.500000000000000222e-01 3.815429687500000444e-01
5.400000000000000355e-01 6.500000000000000222e-01 3.829101562500000222e-01
5.400000000000000355e-01 6.500000000000000222e-01 3.979492187500000000e-01
5.400000000000000355e-01 6.500000000000000222e-01 3.993164062500000333e-01
5.400000000000000355e-01 5.600000000000000533e-01 3.753906250000000333e-01
5.400000000000000355e-01 5.600000000000000533e-01 3.986328125000000444e-01
5.400000000000000355e-01 7.399999999999999911e-01 3.822265625000000333e-01
5.400000000000000355e-01 7.399999999999999911e-01 3.986328125000000444e-01
5.400000000000000355e-01 6.049999999999999822e-01 3.822265625000000333e-01
5.400000000000000355e-01 6.275000000000000577e-01 3.507812500000000444e-01
5.400000000000000355e-01 6.275000000000000577e-01 3.617187499999999778e-01
5.400000000000000355e-01 7.175000000000000266e-01 3.671875000000000000e-01
5.400000000000000355e-01 6.387500000000000400e-01 3.562500000000000111e-01
5.400000000000000355e-01 6.387500000000000400e-01 3.835937500000000111e-01
5.400000000000000355e-01 6.387500000000000400e-01 3.945312500000000000e-01
6.200000000000001066e-01 6.500000000000000222e-01 3.371093750000000444e-01
6.200000000000001066e-01 6.500000000000000222e-01 3.480468750000000333e-01
6.200000000000001066e-01 6.500000000000000222e-01 3.535156250000000000e-01
6.200000000000001066e-01 6.500000000000000222e-01 3.712890625000000444e-01
6.200000000000001066e-01 6.500000000000000222e-01 3.740234375000000000e-01
6.200000000000001066e-01 6.500000000000000222e-01 3.767578125000000111e-01
6.200000000000001066e-01 6.500000000000000222e-01 3.569335937500000000e-01
6.200000000000001066e-01 6.500000000000000222e-01 3.665039062500000111e-01
6.200000000000001066e-01 6.500000000000000222e-01 3.829101562500000222e-01
6.200000000000001066e-01 5.600000000000000533e-01 3.507812500000000444e-01
6.200000000000001066e-01 5.600000000000000533e-01 3.685546874999999778e-01
6.200000000000001066e-01 5.600000000000000533e-01 3.740234375000000000e-01
6.200000000000001066e-01 5.600000000000000533e-01 3.767578125000000111e-01
6.200000000000001066e-01 7.399999999999999911e-01 3.357421875000000111e-01
6.200000000000001066e-01 7.399999999999999911e-01 3.384765625000000222e-01
6.200000000000001066e-01 7.399999999999999911e-01 3.521484375000000222e-01
6.200000000000001066e-01 7.399999999999999911e-01 3.548828124999999778e-01
6.200000000000001066e-01 7.399999999999999911e-01 3.685546874999999778e-01
6.200000000000001066e-01 7.399999999999999911e-01 3.712890625000000444e-01
6.200000000000001066e-01 7.399999999999999911e-01 3.565917968749999778e-01
6.200000000000001066e-01 7.399999999999999911e-01 3.572753906250000222e-01
6.200000000000001066e-01 7.399999999999999911e-01 3.661621093750000444e-01
6.200000000000001066e-01 7.399999999999999911e-01 3.668457031249999778e-01
6.200000000000001066e-01 6.049999999999999822e-01 3.589843750000000222e-01
6.200000000000001066e-01 6.049999999999999822e-01 3.644531250000000444e-01
6.200000000000001066e-01 6.049999999999999822e-01 3.699218750000000111e-01
6.200000000000001066e-01 6.049999999999999822e-01 3.753906250000000333e-01
6.200000000000001066e-01 6.049999999999999822e-01 3.863281250000000222e-01
6.200000000000001066e-01 6.049999999999999822e-01 3.794921875000000222e-01
6.200000000000001066e-01 6.049999999999999822e-01 3.822265625000000333e-01
6.200000000000001066e-01 6.950000000000000622e-01 3.398437500000000000e-01
6.200000000000001066e-01 6.950000000000000622e-01 3.507812500000000444e-01
6.200000000000001066e-01 6.950000000000000622e-01 3.699218750000000111e-01
6.200000000000001066e-01 6.950000000000000622e-01 3.576171875000000444e-01
6.200000000000001066e-01 5.825000000000000178e-01 3.808593750000000000e-01
6.200000000000001066e-01 6.275000000000000577e-01 3.808593750000000000e-01
6.200000000000001066e-01 6.275000000000000577e-01 3.576171875000000444e-01
6.200000000000001066e-01 6.275000000000000577e-01 3.603515625000000000e-01
6.200000000000001066e-01 6.275000000000000577e-01 3.685546874999999778e-01
6.200000000000001066e-01 6.275000000000000577e-01 3.712890625000000444e-01
6.200000000000001066e-01 6.724999999999999867e-01 3.125000000000000000e-01
6.200000000000001066e-01 7.175000000000000266e-01 3.562500000000000111e-01
6.200000000000001066e-01 6.162500000000000755e-01 3.671875000000000000e-01
6.200000000000001066e-01 6.162500000000000755e-01 3.808593750000000000e-01
6.200000000000001066e-01 6.162500000000000755e-01 3.863281250000000222e-01
6.200000000000001066e-01 6.387500000000000400e-01 3.671875000000000000e-01
6.200000000000001066e-01 6.387500000000000400e-01 3.917968750000000444e-01
6.200000000000001066e-01 6.387500000000000400e-01 3.972656250000000111e-01
6.200000000000001066e-01 6.612500000000000044e-01 4.000000000000000222e-01
6.200000000000001066e-01 6.612500000000000044e-01 3.343750000000000333e-01
6.200000000000001066e-01 6.331250000000000488e-01 3.562500000000000111e-01
6.200000000000001066e-01 6.331250000000000488e-01 3.726562500000000222e-01
6.200000000000001066e-01 6.331250000000000488e-01 3.945312500000000000e-01
6.200000000000001066e-01 6.443750000000000311e-01 3.726562500000000222e-01
6.200000000000001066e-01 6.443750000000000311e-01 3.945312500000000000e-01
6.200000000000001066e-01 6.528125000000000178e-01 3.562500000000000111e-01
6.200000000000001066e-01 6.514062500000000755e-01 3.781250000000000444e-01
6.200000000000001066e-01 6.542187500000000711e-01 3.781250000000000444e-01
5.200000000000000178e-01 6.500000000000000222e-01 3.822265625000000333e-01
5.200000000000000178e-01 7.399999999999999911e-01 3.917968750000000444e-01
5.200000000000000178e-01 7.399999999999999911e-01 3.972656250000000111e-01
5.200000000000000178e-01 6.049999999999999822e-01 4.000000000000000222e-01
5.200000000000000178e-01 6.049999999999999822e-01 3.617187499999999778e-01
5.200000000000000178e-01 6.049999999999999822e-01 3.726562500000000222e-01
5.200000000000000178e-01 5.825000000000000178e-01 3.671875000000000000e-01
5.200000000000000178e-01 6.275000000000000577e-01 3.671875000000000000e-01
5.200000000000000178e-01 6.275000000000000577e-01 3.835937500000000111e-01
5.200000000000000178e-01 6.275000000000000577e-01 3.945312500000000000e-01
5.200000000000000178e-01 6.162500000000000755e-01 3.890625000000000333e-01
5.200000000000000178e-01 6.387500000000000400e-01 3.890625000000000333e-01
5.200000000000000178e-01 6.218750000000000666e-01 3.125000000000000000e-01
5.600000000000000533e-01 6.500000000000000222e-01 3.863281250000000222e-01
5.600000000000000533e-01 6.500000000000000222e-01 3.917968750000000444e-01
5.600000000000000533e-01 6.500000000000000222e-01 3.972656250000000111e-01
5.600000000000000533e-01 6.500000000000000222e-01 3.822265625000000333e-01
5.600000000000000533e-01 5.600000000000000533e-01 3.835937500000000111e-01
5.600000000000000533e-01 6.049999999999999822e-01 3.808593750000000000e-01
5.600000000000000533e-01 6.049999999999999822e-01 3.863281250000000222e-01
5.600000000000000533e-01 6.275000000000000577e-01 2.250000000000000056e-01
5.600000000000000533e-01 6.387500000000000400e-01 3.125000000000000000e-01
5.600000000000000533e-01 6.387500000000000400e-01 3.890625000000000333e-01
5.600000000000000533e-01 6.331250000000000488e-01 4.000000000000000222e-01
6.000000000000000888e-01 6.500000000000000222e-01 3.808593750000000000e-01
6.000000000000000888e-01 6.500000000000000222e-01 3.740234375000000000e-01
6.000000000000000888e-01 6.500000000000000222e-01 3.767578125000000111e-01
6.000000000000000888e-01 5.600000000000000533e-01 3.453125000000000222e-01
6.000000000000000888e-01 5.600000000000000533e-01 3.699218750000000111e-01
6.000000000000000888e-01 5.600000000000000533e-01 3.753906250000000333e-01
6.000000000000000888e-01 7.399999999999999911e-01 3.398437500000000000e-01
6.000000000000000888e-01 7.399999999999999911e-01 3.507812500000000444e-01
6.000000000000000888e-01 7.399999999999999911e-01 3.576171875000000444e-01
6.000000000000000888e-01 7.399999999999999911e-01 3.740234375000000000e-01
6.000000000000000888e-01 7.399999999999999911e-01 3.767578125000000111e-01
6.000000000000000888e-01 7.399999999999999911e-01 3.794921875000000222e-01
6.000000000000000888e-01 7.399999999999999911e-01 3.822265625000000333e-01
6.000000000000000888e-01 6.049999999999999822e-01 3.808593750000000000e-01
6.000000000000000888e-01 6.950000000000000622e-01 3.453125000000000222e-01
6.000000000000000888e-01 6.950000000000000622e-01 3.753906250000000333e-01
6.000000000000000888e-01 6.275000000000000577e-01 3.699218750000000111e-01
6.000000000000000888e-01 6.724999999999999867e-01 3.125000000000000000e-01
6.000000000000000888e-01 6.724999999999999867e-01 3.671875000000000000e-01
6.000000000000000888e-01 6.724999999999999867e-01 3.890625000000000333e-01
6.000000000000000888e-01 6.162500000000000755e-01 3.781250000000000444e-01
6.000000000000000888e-01 6.387500000000000400e-01 3.726562500000000222e-01
6.000000000000000888e-01 6.612500000000000044e-01 3.562500000000000111e-01
6.000000000000000888e-01 6.837499999999999689e-01 3.562500000000000111e-01
6.400000000000001243e-01 6.500000000000000222e-01 3.398437500000000000e-01
6.400000000000001243e-01 5.600000000000000533e-01 3.699218750000000111e-01
6.400000000000001243e-01 7.399999999999999911e-01 3.576171875000000444e-01
6.400000000000001243e-01 6.049999999999999822e-01 3.808593750000000000e-01
6.400000000000001243e-01 6.950000000000000622e-01 3.699218750000000111e-01
6.400000000000001243e-01 6.275000000000000577e-01 3.562500000000000111e-01
6.400000000000001243e-01 6.275000000000000577e-01 3.699218750000000111e-01
6.400000000000001243e-01 7.175000000000000266e-01 3.125000000000000000e-01
6.400000000000001243e-01 6.162500000000000755e-01 3.781250000000000444e-01
6.400000000000001243e-01 6.387500000000000400e-01 3.781250000000000444e-01
6.400000000000001243e-01 6.387500000000000400e-01 3.726562500000000222e-01
6.400000000000001243e-01 6.612500000000000044e-01 3.562500000000000111e-01
6.400000000000001243e-01 7.062500000000000444e-01 3.562500000000000111e-01
6.400000000000001243e-01 7.287500000000000089e-01 3.562500000000000111e-01
6.400000000000001243e-01 6.106250000000000844e-01 3.671875000000000000e-01
6.400000000000001243e-01 6.218750000000000666e-01 3.671875000000000000e-01
5.100000000000000089e-01 5.600000000000000533e-01 4.000000000000000222e-01
5.100000000000000089e-01 7.399999999999999911e-01 3.671875000000000000e-01
5.100000000000000089e-01 6.049999999999999822e-01 2.250000000000000056e-01
5.100000000000000089e-01 6.049999999999999822e-01 3.562500000000000111e-01
5.100000000000000089e-01 6.049999999999999822e-01 3.671875000000000000e-01
5.100000000000000089e-01 6.950000000000000622e-01 3.562500000000000111e-01
5.100000000000000089e-01 6.950000000000000622e-01 3.835937500000000111e-01
5.100000000000000089e-01 6.950000000000000622e-01 3.945312500000000000e-01
5.100000000000000089e-01 5.825000000000000178e-01 3.781250000000000444e-01
5.100000000000000089e-01 6.275000000000000577e-01 3.781250000000000444e-01
5.100000000000000089e-01 6.724999999999999867e-01 3.781250000000000444e-01
5.100000000000000089e-01 6.724999999999999867e-01 3.890625000000000333e-01
5.100000000000000089e-01 7.175000000000000266e-01 3.781250000000000444e-01
5.100000000000000089e-01 7.175000000000000266e-01 3.890625000000000333e-01
5.100000000000000089e-01 6.218750000000000666e-01 2.250000000000000056e-01
5.100000000000000089e-01 6.443750000000000311e-01 3.125000000000000000e-01
5.100000000000000089e-01 6.190625000000000711e-01 4.000000000000000222e-01
5.100000000000000089e-01 6.246875000000000622e-01 4.000000000000000222e-01
5.300000000000000266e-01 5.600000000000000533e-01 3.945312500000000000e-01
5.300000000000000266e-01 7.399999999999999911e-01 3.671875000000000000e-01
5.300000000000000266e-01 7.399999999999999911e-01 3.945312500000000000e-01
5.300000000000000266e-01 6.049999999999999822e-01 3.562500000000000111e-01
5.300000000000000266e-01 6.049999999999999822e-01 3.671875000000000000e-01
5.300000000000000266e-01 5.825000000000000178e-01 3.781250000000000444e-01
5.300000000000000266e-01 6.275000000000000577e-01 3.781250000000000444e-01
5.300000000000000266e-01 6.106250000000000844e-01 3.125000000000000000e-01
5.500000000000000444e-01 5.600000000000000533e-01 3.671875000000000000e-01
5.500000000000000444e-01 5.600000000000000533e-01 3.890625000000000333e-01
5.500000000000000444e-01 7.399999999999999911e-01 3.917968750000000444e-01
5.500000000000000444e-01 7.399999999999999911e-01 3.972656250000000111e-01
5.500000000000000444e-01 6.049999999999999822e-01 3.835937500000000111e-01
5.500000000000000444e-01 6.950000000000000622e-01 3.945312500000000000e-01
5.500000000000000444e-01 6.275000000000000577e-01 4.000000000000000222e-01
5.500000000000000444e-01 6.387500000000000400e-01 2.250000000000000056e-01
5.500000000000000444e-01 6.443750000000000311e-01 3.125000000000000000e-01
5.500000000000000444e-01 6.415625000000000355e-01 4.000000000000000222e-01
5.500000000000000444e-01 6.471875000000000266e-01 4.000000000000000222e-01
5.700000000000000622e-01 6.500000000000000222e-01 3.849609375000000444e-01
5.700000000000000622e-01 6.500000000000000222e-01 3.876953125000000000e-01
5.700000000000000622e-01 5.600000000000000533e-01 3.863281250000000222e-01
5.700000000000000622e-01 7.399999999999999911e-01 3.863281250000000222e-01
5.700000000000000622e-01 7.399999999999999911e-01 3.917968750000000444e-01
5.700000000000000622e-01 7.399999999999999911e-01 3.972656250000000111e-01
5.700000000000000622e-01 6.049999999999999822e-01 3.835937500000000111e-01
5.700000000000000622e-01 6.950000000000000622e-01 3.945312500000000000e-01
5.700000000000000622e-01 6.275000000000000577e-01 4.000000000000000222e-01
5.700000000000000622e-01 6.387500000000000400e-01 2.250000000000000056e-01
5.700000000000000622e-01 6.443750000000000311e-01 3.125000000000000000e-01
5.700000000000000622e-01 6.415625000000000355e-01 4.000000000000000222e-01
5.700000000000000622e-01 6.471875000000000266e-01 4.000000000000000222e-01
5.900000000000000799e-01 6.500000000000000222e-01 3.125000000000000000e-01
5.900000000000000799e-01 6.500000000000000222e-01 3.453125000000000222e-01
5.900000000000000799e-01 6.500000000000000222e-01 3.753906250000000333e-01
5.900000000000000799e-01 5.600000000000000533e-01 3.562500000000000111e-01
5.900000000000000799e-01 7.399999999999999911e-01 3.781250000000000444e-01
5.900000000000000799e-01 7.399999999999999911e-01 3.453125000000000222e-01
5.900000000000000799e-01 6.950000000000000622e-01 3.562500000000000111e-01
5.900000000000000799e-01 6.724999999999999867e-01 3.562500000000000111e-01
5.900000000000000799e-01 6.162500000000000755e-01 3.890625000000000333e-01
6.100000000000000977e-01 6.500000000000000222e-01 3.343750000000000333e-01
6.100000000000000977e-01 6.500000000000000222e-01 3.781250000000000444e-01
6.100000000000000977e-01 6.500000000000000222e-01 3.453125000000000222e-01
6.100000000000000977e-01 6.500000000000000222e-01 3.753906250000000333e-01
6.100000000000000977e-01 5.600000000000000533e-01 3.562500000000000111e-01
6.100000000000000977e-01 7.399999999999999911e-01 3.781250000000000444e-01
6.100000000000000977e-01 7.399999999999999911e-01 3.453125000000000222e-01
6.100000000000000977e-01 6.950000000000000622e-01 3.562500000000000111e-01
6.100000000000000977e-01 6.724999999999999867e-01 3.125000000000000000e-01
6.100000000000000977e-01 6.724999999999999867e-01 3.671875000000000000e-01
6.100000000000000977e-01 6.724999999999999867e-01 3.890625000000000333e-01
6.100000000000000977e-01 6.162500000000000755e-01 3.890625000000000333e-01
6.100000000000000977e-01 6.612500000000000044e-01 3.781250000000000444e-01
6.100000000000000977e-01 6.837499999999999689e-01 3.781250000000000444e-01
6.300000000000001155e-01 6.500000000000000222e-01 3.617187499999999778e-01
6.300000000000001155e-01 6.500000000000000222e-01 3.835937500000000111e-01
6.300000000000001155e-01 7.399999999999999911e-01 3.890625000000000333e-01
6.300000000000001155e-01 7.399999999999999911e-01 3.398437500000000000e-01
6.300000000000001155e-01 7.399999999999999911e-01 3.589843750000000222e-01
6.300000000000001155e-01 7.399999999999999911e-01 3.644531250000000444e-01
6.300000000000001155e-01 7.399999999999999911e-01 3.699218750000000111e-01
6.300000000000001155e-01 6.049999999999999822e-01 3.890625000000000333e-01
6.300000000000001155e-01 6.950000000000000622e-01 3.671875000000000000e-01
6.300000000000001155e-01 6.162500000000000755e-01 3.890625000000000333e-01
6.500000000000001332e-01 6.500000000000000222e-01 3.917968750000000444e-01
6.500000000000001332e-01 6.500000000000000222e-01 3.972656250000000111e-01
6.500000000000001332e-01 5.600000000000000533e-01 3.917968750000000444e-01
6.500000000000001332e-01 5.600000000000000533e-01 3.972656250000000111e-01
6.500000000000001332e-01 7.399999999999999911e-01 3.398437500000000000e-01
6.500000000000001332e-01 7.399999999999999911e-01 3.699218750000000111e-01
6.500000000000001332e-01 6.049999999999999822e-01 3.945312500000000000e-01
6.500000000000001332e-01 6.950000000000000622e-01 3.945312500000000000e-01
6.500000000000001332e-01 6.162500000000000755e-01 3.890625000000000333e-01
5.050000000000001155e-01 6.049999999999999822e-01 3.781250000000000444e-01
5.050000000000001155e-01 6.950000000000000622e-01 3.781250000000000444e-01
5.050000000000001155e-01 6.950000000000000622e-01 3.890625000000000333e-01
5.150000000000000133e-01 6.500000000000000222e-01 3.562500000000000111e-01
5.150000000000000133e-01 5.600000000000000533e-01 3.781250000000000444e-01
5.150000000000000133e-01 6.049999999999999822e-01 3.781250000000000444e-01
5.150000000000000133e-01 6.950000000000000622e-01 3.781250000000000444e-01
5.150000000000000133e-01 6.950000000000000622e-01 3.890625000000000333e-01
5.150000000000000133e-01 6.162500000000000755e-01 4.000000000000000222e-01
5.150000000000000133e-01 6.106250000000000844e-01 2.250000000000000056e-01
5.250000000000000222e-01 6.500000000000000222e-01 3.781250000000000444e-01
5.250000000000000222e-01 7.399999999999999911e-01 3.562500000000000111e-01
5.250000000000000222e-01 6.049999999999999822e-01 3.781250000000000444e-01
5.350000000000000311e-01 6.500000000000000222e-01 3.781250000000000444e-01
5.350000000000000311e-01 7.399999999999999911e-01 3.562500000000000111e-01
5.350000000000000311e-01 6.049999999999999822e-01 3.781250000000000444e-01
5.350000000000000311e-01 5.825000000000000178e-01 4.000000000000000222e-01
5.350000000000000311e-01 6.162500000000000755e-01 4.000000000000000222e-01
5.350000000000000311e-01 6.106250000000000844e-01 2.250000000000000056e-01
5.450000000000000400e-01 6.500000000000000222e-01 3.781250000000000444e-01
5.450000000000000400e-01 5.600000000000000533e-01 3.562500000000000111e-01
5.550000000000000488e-01 6.387500000000000400e-01 4.000000000000000222e-01
5.550000000000000488e-01 6.443750000000000311e-01 2.250000000000000056e-01
5.650000000000000577e-01 6.500000000000000222e-01 3.562500000000000111e-01
5.650000000000000577e-01 5.600000000000000533e-01 3.781250000000000444e-01
5.650000000000000577e-01 7.399999999999999911e-01 3.781250000000000444e-01
5.650000000000000577e-01 7.399999999999999911e-01 3.945312500000000000e-01
5.650000000000000577e-01 6.387500000000000400e-01 4.000000000000000222e-01
5.750000000000000666e-01 6.500000000000000222e-01 3.835937500000000111e-01
5.750000000000000666e-01 6.500000000000000222e-01 3.945312500000000000e-01
5.750000000000000666e-01 7.399999999999999911e-01 3.945312500000000000e-01
5.750000000000000666e-01 6.387500000000000400e-01 4.000000000000000222e-01
5.850000000000000755e-01 6.500000000000000222e-01 3.562500000000000111e-01
5.850000000000000755e-01 6.950000000000000622e-01 3.781250000000000444e-01
5.950000000000000844e-01 6.500000000000000222e-01 3.562500000000000111e-01
5.950000000000000844e-01 7.399999999999999911e-01 3.125000000000000000e-01
5.950000000000000844e-01 6.950000000000000622e-01 3.781250000000000444e-01
6.050000000000000933e-01 6.500000000000000222e-01 3.562500000000000111e-01
6.050000000000000933e-01 6.950000000000000622e-01 3.781250000000000444e-01
6.050000000000000933e-01 6.724999999999999867e-01 3.562500000000000111e-01
6.150000000000001021e-01 6.500000000000000222e-01 3.562500000000000111e-01
6.150000000000001021e-01 7.399999999999999911e-01 3.125000000000000000e-01
6.150000000000001021e-01 6.950000000000000622e-01 3.781250000000000444e-01
6.150000000000001021e-01 6.724999999999999867e-01 3.562500000000000111e-01
6.250000000000001110e-01 6.500000000000000222e-01 2.687499999999999889e-01
6.250000000000001110e-01 6.500000000000000222e-01 3.671875000000000000e-01
6.250000000000001110e-01 7.399999999999999911e-01 3.617187499999999778e-01
6.250000000000001110e-01 7.399999999999999911e-01 3.835937500000000111e-01
6.350000000000001199e-01 6.500000000000000222e-01 3.671875000000000000e-01
6.350000000000001199e-01 5.600000000000000533e-01 3.617187499999999778e-01
6.350000000000001199e-01 5.600000000000000533e-01 3.726562500000000222e-01
6.350000000000001199e-01 7.399999999999999911e-01 3.781250000000000444e-01
6.350000000000001199e-01 7.399999999999999911e-01 3.671875000000000000e-01
6.350000000000001199e-01 7.399999999999999911e-01 3.617187499999999778e-01
6.350000000000001199e-01 7.399999999999999911e-01 3.835937500000000111e-01
6.350000000000001199e-01 6.049999999999999822e-01 3.562500000000000111e-01
6.350000000000001199e-01 5.825000000000000178e-01 3.781250000000000444e-01
6.350000000000001199e-01 6.275000000000000577e-01 3.781250000000000444e-01
6.450000000000001288e-01 6.500000000000000222e-01 3.890625000000000333e-01
6.450000000000001288e-01 6.500000000000000222e-01 3.945312500000000000e-01
6.450000000000001288e-01 5.600000000000000533e-01 3.945312500000000000e-01
6.450000000000001288e-01 7.399999999999999911e-01 3.835937500000000111e-01
6.450000000000001288e-01 7.399999999999999911e-01 3.945312500000000000e-01
6.450000000000001288e-01 7.175000000000000266e-01 2.250000000000000056e-01
6.450000000000001288e-01 7.062500000000000444e-01 4.000000000000000222e-01
6.550000000000000266e-01 6.500000000000000222e-01 3.945312500000000000e-01
6.550000000000000266e-01 5.600000000000000533e-01 3.945312500000000000e-01
6.550000000000000266e-01 7.399999999999999911e-01 3.945312500000000000e-01
5.125000000000000666e-01 6.500000000000000222e-01 3.781250000000000444e-01
5.125000000000000666e-01 5.600000000000000533e-01 3.890625000000000333e-01
5.125000000000000666e-01 7.399999999999999911e-01 3.890625000000000333e-01
5.125000000000000666e-01 6.106250000000000844e-01 4.000000000000000222e-01
5.175000000000000711e-01 6.500000000000000222e-01 3.781250000000000444e-01
5.175000000000000711e-01 6.106250000000000844e-01 4.000000000000000222e-01
5.325000000000000844e-01 5.825000000000000178e-01 2.250000000000000056e-01
5.325000000000000844e-01 6.275000000000000577e-01 2.250000000000000056e-01
5.325000000000000844e-01 5.712500000000000355e-01 4.000000000000000222e-01
5.325000000000000844e-01 5.937500000000000000e-01 4.000000000000000222e-01
5.325000000000000844e-01 6.162500000000000755e-01 4.000000000000000222e-01
5.325000000000000844e-01 6.387500000000000400e-01 4.000000000000000222e-01
5.425000000000000933e-01 5.600000000000000533e-01 3.781250000000000444e-01
5.475000000000000977e-01 5.600000000000000533e-01 3.781250000000000444e-01
5.525000000000001021e-01 6.443750000000000311e-01 4.000000000000000222e-01
5.575000000000001066e-01 6.443750000000000311e-01 4.000000000000000222e-01
5.725000000000001199e-01 6.500000000000000222e-01 3.781250000000000444e-01
5.725000000000001199e-01 5.600000000000000533e-01 3.890625000000000333e-01
5.725000000000001199e-01 7.399999999999999911e-01 3.890625000000000333e-01
5.925000000000000266e-01 7.399999999999999911e-01 3.562500000000000111e-01
5.975000000000000311e-01 7.399999999999999911e-01 3.562500000000000111e-01
6.025000000000000355e-01 6.724999999999999867e-01 3.781250000000000444e-01
6.075000000000000400e-01 6.724999999999999867e-01 3.781250000000000444e-01
6.125000000000000444e-01 7.399999999999999911e-01 3.562500000000000111e-01
6.175000000000000488e-01 7.399999999999999911e-01 3.562500000000000111e-01
6.225000000000000533e-01 6.500000000000000222e-01 4.000000000000000222e-01
6.225000000000000533e-01 7.399999999999999911e-01 2.250000000000000056e-01
6.225000000000000533e-01 7.399999999999999911e-01 2.687499999999999889e-01
6.225000000000000533e-01 7.399999999999999911e-01 3.671875000000000000e-01
6.225000000000000533e-01 6.950000000000000622e-01 3.125000000000000000e-01
6.275000000000000577e-01 7.399999999999999911e-01 3.671875000000000000e-01
6.325000000000000622e-01 5.600000000000000533e-01 3.671875000000000000e-01
6.325000000000000622e-01 6.049999999999999822e-01 3.781250000000000444e-01
6.375000000000000666e-01 5.600000000000000533e-01 3.671875000000000000e-01
6.375000000000000666e-01 6.049999999999999822e-01 3.781250000000000444e-01
6.425000000000000711e-01 5.600000000000000533e-01 3.671875000000000000e-01
6.425000000000000711e-01 5.600000000000000533e-01 3.890625000000000333e-01
6.425000000000000711e-01 7.399999999999999911e-01 3.890625000000000333e-01
6.425000000000000711e-01 6.049999999999999822e-01 3.781250000000000444e-01
6.425000000000000711e-01 7.175000000000000266e-01 4.999999999999998890e-02
6.425000000000000711e-01 7.062500000000000444e-01 2.250000000000000056e-01
6.425000000000000711e-01 7.287500000000000089e-01 2.250000000000000056e-01
6.475000000000000755e-01 5.600000000000000533e-01 3.562500000000000111e-01
6.475000000000000755e-01 7.399999999999999911e-01 3.890625000000000333e-01
6.475000000000000755e-01 6.049999999999999822e-01 3.781250000000000444e-01
6.475000000000000755e-01 6.950000000000000622e-01 3.781250000000000444e-01
6.575000000000000844e-01 7.399999999999999911e-01 3.671875000000000000e-01
6.575000000000000844e-01 7.399999999999999911e-01 3.890625000000000333e-01
6.575000000000000844e-01 6.950000000000000622e-01 3.781250000000000444e-01
5.112500000000000933e-01 6.500000000000000222e-01 3.890625000000000333e-01
5.137500000000000400e-01 6.500000000000000222e-01 3.890625000000000333e-01
5.337500000000000577e-01 5.937500000000000000e-01 2.250000000000000056e-01
5.337500000000000577e-01 6.162500000000000755e-01 2.250000000000000056e-01
5.337500000000000577e-01 6.387500000000000400e-01 2.250000000000000056e-01
5.337500000000000577e-01 5.881250000000000089e-01 4.000000000000000222e-01
5.337500000000000577e-01 5.993749999999999911e-01 4.000000000000000222e-01
5.337500000000000577e-01 6.331250000000000488e-01 4.000000000000000222e-01
5.337500000000000577e-01 6.443750000000000311e-01 4.000000000000000222e-01
5.712500000000000355e-01 6.500000000000000222e-01 3.890625000000000333e-01
5.737500000000000933e-01 6.500000000000000222e-01 3.890625000000000333e-01
6.212500000000000799e-01 7.399999999999999911e-01 4.000000000000000222e-01
6.237500000000000266e-01 7.399999999999999911e-01 4.000000000000000222e-01
6.412500000000000977e-01 6.500000000000000222e-01 3.125000000000000000e-01
6.412500000000000977e-01 6.500000000000000222e-01 3.781250000000000444e-01
6.412500000000000977e-01 5.600000000000000533e-01 3.562500000000000111e-01
6.412500000000000977e-01 7.399999999999999911e-01 2.687499999999999889e-01
6.437500000000000444e-01 6.500000000000000222e-01 3.781250000000000444e-01
6.437500000000000444e-01 5.600000000000000533e-01 3.562500000000000111e-01
6.437500000000000444e-01 7.399999999999999911e-01 3.671875000000000000e-01
6.437500000000000444e-01 7.399999999999999911e-01 3.890625000000000333e-01
6.462500000000001021e-01 6.500000000000000222e-01 3.781250000000000444e-01
6.462500000000001021e-01 7.399999999999999911e-01 3.562500000000000111e-01
6.587500000000000577e-01 6.500000000000000222e-01 3.781250000000000444e-01
6.587500000000000577e-01 7.399999999999999911e-01 3.562500000000000111e-01
5.343750000000000444e-01 6.500000000000000222e-01 3.125000000000000000e-01
6.406250000000001110e-01 5.600000000000000533e-01 3.781250000000000444e-01
6.406250000000001110e-01 7.399999999999999911e-01 3.125000000000000000e-01
6.406250000000001110e-01 7.399999999999999911e-01 3.781250000000000444e-01
6.418750000000000844e-01 5.600000000000000533e-01 3.781250000000000444e-01
6.418750000000000844e-01 7.399999999999999911e-01 3.781250000000000444e-01
6.431250000000000577e-01 5.600000000000000533e-01 3.781250000000000444e-01
6.431250000000000577e-01 7.399999999999999911e-01 3.781250000000000444e-01
6.443750000000001421e-01 5.600000000000000533e-01 3.781250000000000444e-01
6.443750000000001421e-01 7.399999999999999911e-01 3.781250000000000444e-01
6.456250000000001155e-01 7.399999999999999911e-01 3.781250000000000444e-01
6.468750000000000888e-01 7.399999999999999911e-01 3.781250000000000444e-01
6.581250000000000711e-01 7.399999999999999911e-01 3.781250000000000444e-01
6.593750000000000444e-01 7.399999999999999911e-01 3.781250000000000444e-01
5.328125000000000222e-01 7.399999999999999911e-01 3.125000000000000000e-01
5.334375000000000089e-01 7.399999999999999911e-01 3.125000000000000000e-01
5.340625000000001066e-01 6.500000000000000222e-01 2.687499999999999889e-01
5.340625000000001066e-01 6.500000000000000222e-01 3.562500000000000111e-01
5.340625000000001066e-01 5.600000000000000533e-01 3.125000000000000000e-01
5.340625000000001066e-01 7.399999999999999911e-01 3.125000000000000000e-01
6.403125000000000622e-01 7.399999999999999911e-01 3.125000000000000000e-01
6.403125000000000622e-01 6.950000000000000622e-01 4.000000000000000222e-01
5.326562500000000533e-01 6.500000000000000222e-01 3.125000000000000000e-01
5.335937500000000888e-01 6.500000000000000222e-01 3.125000000000000000e-01
5.339062500000000266e-01 6.500000000000000222e-01 3.125000000000000000e-01
5.342187500000000755e-01 6.500000000000000222e-01 3.125000000000000000e-01
5.395312500000000178e-01 6.500000000000000222e-01 3.125000000000000000e-01
5.395312500000000178e-01 5.600000000000000533e-01 2.250000000000000056e-01
5.395312500000000178e-01 6.049999999999999822e-01 4.000000000000000222e-01
5.398437500000000666e-01 6.500000000000000222e-01 3.125000000000000000e-01
5.398437500000000666e-01 7.399999999999999911e-01 2.250000000000000056e-01
5.398437500000000666e-01 6.950000000000000622e-01 4.000000000000000222e-01
6.401562500000000933e-01 6.500000000000000222e-01 4.000000000000000222e-01
6.401562500000000933e-01 7.399999999999999911e-01 2.250000000000000056e-01
5.342968750000001155e-01 6.500000000000000222e-01 2.250000000000000056e-01
5.342968750000001155e-01 5.600000000000000533e-01 4.000000000000000222e-01
5.342968750000001155e-01 7.399999999999999911e-01 4.000000000000000222e-01
5.394531250000000888e-01 6.500000000000000222e-01 2.250000000000000056e-01
5.394531250000000888e-01 5.600000000000000533e-01 4.000000000000000222e-01
5.394531250000000888e-01 7.399999999999999911e-01 4.000000000000000222e-01
5.396093750000000577e-01 6.500000000000000222e-01 2.250000000000000056e-01
5.396093750000000577e-01 5.600000000000000533e-01 4.000000000000000222e-01
5.396093750000000577e-01 7.399999999999999911e-01 4.000000000000000222e-01
5.397656250000000266e-01 6.500000000000000222e-01 2.250000000000000056e-01
5.397656250000000266e-01 5.600000000000000533e-01 4.000000000000000222e-01
5.397656250000000266e-01 7.399999999999999911e-01 4.000000000000000222e-01
5.399218750000001066e-01 6.500000000000000222e-01 2.250000000000000056e-01
5.399218750000001066e-01 5.600000000000000533e-01 4.000000000000000222e-01
5.399218750000001066e-01 7.399999999999999911e-01 4.000000000000000222e-01
6.400781250000000533e-01 7.399999999999999911e-01 4.000000000000000222e-01
6.402343750000001332e-01 7.399999999999999911e-01 4.000000000000000222e-01
5.342578125000000400e-01 6.500000000000000222e-01 4.000000000000000222e-01
5.343359375000000799e-01 6.500000000000000222e-01 4.000000000000000222e-01
5.394140625000000133e-01 6.500000000000000222e-01 4.000000000000000222e-01
5.394921875000000533e-01 6.500000000000000222e-01 4.000000000000000222e-01
5.395703125000000933e-01 6.500000000000000222e-01 4.000000000000000222e-01
5.396484375000000222e-01 6.500000000000000222e-01 4.000000000000000222e-01
5.397265625000000622e-01 6.500000000000000222e-01 4.000000000000000222e-01
5.398046875000001021e-01 6.500000000000000222e-01 4.000000000000000222e-01
5.398828125000000311e-01 6.500000000000000222e-01 4.000000000000000222e-01
5.399609375000000711e-01 6.500000000000000222e-01 4.000000000000000222e-01
