5.700000000000000622e-01 6.450000000000000178e-01 3.671875000000000000e-01
5.700000000000000622e-01 6.450000000000000178e-01 3.859375000000000444e-01
5.700000000000000622e-01 6.450000000000000178e-01 3.355468750000000222e-01
5.700000000000000622e-01 6.450000000000000178e-01 3.378906250000000000e-01
5.700000000000000622e-01 6.450000000000000178e-01 3.402343750000000333e-01
5.700000000000000622e-01 6.450000000000000178e-01 3.425781250000000111e-01
5.700000000000000622e-01 6.450000000000000178e-01 3.449218750000000444e-01
5.700000000000000622e-01 6.450000000000000178e-01 3.472656250000000222e-01
5.700000000000000622e-01 5.600000000000000533e-01 3.367187500000000111e-01
5.700000000000000622e-01 5.600000000000000533e-01 3.414062500000000222e-01
5.700000000000000622e-01 5.600000000000000533e-01 3.460937500000000333e-01
5.700000000000000622e-01 5.600000000000000533e-01 3.507812500000000444e-01
5.700000000000000622e-01 5.600000000000000533e-01 3.648437500000000222e-01
5.700000000000000622e-01 5.600000000000000533e-01 3.695312500000000333e-01
5.700000000000000622e-01 5.600000000000000533e-01 3.835937500000000111e-01
5.700000000000000622e-01 5.600000000000000533e-01 3.882812500000000222e-01
5.700000000000000622e-01 7.299999999999999822e-01 3.367187500000000111e-01
5.700000000000000622e-01 7.299999999999999822e-01 3.414062500000000222e-01
5.700000000000000622e-01 7.299999999999999822e-01 3.460937500000000333e-01
5.700000000000000622e-01 6.025000000000000355e-01 3.296875000000000222e-01
5.700000000000000622e-01 6.025000000000000355e-01 3.390625000000000444e-01
5.700000000000000622e-01 6.025000000000000355e-01 3.484375000000000111e-01
5.700000000000000622e-01 6.875000000000000000e-01 1.937499999999999778e-01
5.700000000000000622e-01 6.875000000000000000e-01 2.687499999999999889e-01
5.700000000000000622e-01 5.812500000000000444e-01 3.625000000000000444e-01
5.700000000000000622e-01 5.812500000000000444e-01 3.343749999999999778e-01
5.700000000000000622e-01 5.812500000000000444e-01 3.531250000000000222e-01
5.700000000000000622e-01 6.237500000000000266e-01 3.625000000000000444e-01
5.700000000000000622e-01 6.237500000000000266e-01 3.343749999999999778e-01
5.700000000000000622e-01 6.237500000000000266e-01 3.531250000000000222e-01
5.700000000000000622e-01 6.662500000000000089e-01 2.124999999999999944e-01
5.700000000000000622e-01 6.662500000000000089e-01 3.625000000000000444e-01
5.700000000000000622e-01 7.087499999999999911e-01 2.124999999999999944e-01
5.700000000000000622e-01 5.706250000000000488e-01 3.437500000000000000e-01
5.700000000000000622e-01 5.918750000000000400e-01 3.437500000000000000e-01
5.700000000000000622e-01 6.556250000000000133e-01 3.437500000000000000e-01
5.700000000000000622e-01 6.768750000000000044e-01 3.437500000000000000e-01
5.700000000000000622e-01 5.653125000000001066e-01 3.250000000000000111e-01
5.700000000000000622e-01 5.759374999999999911e-01 3.250000000000000111e-01
5.700000000000000622e-01 6.078125000000000888e-01 3.250000000000000111e-01
5.700000000000000622e-01 5.626562500000000799e-01 2.500000000000000000e-01
5.700000000000000622e-01 5.679687500000000222e-01 2.500000000000000000e-01
5.700000000000000622e-01 5.732812500000000755e-01 2.500000000000000000e-01
5.700000000000000622e-01 5.785937500000000178e-01 2.500000000000000000e-01
5.700000000000000622e-01 6.104687500000000044e-01 2.500000000000000000e-01
5.700000000000000622e-01 5.613281250000000666e-01 4.000000000000000222e-01
5.700000000000000622e-01 5.639843750000000933e-01 4.000000000000000222e-01
5.700000000000000622e-01 5.666406250000000089e-01 4.000000000000000222e-01
5.700000000000000622e-01 5.692968750000000355e-01 4.000000000000000222e-01
5.700000000000000622e-01 5.719531250000000622e-01 4.000000000000000222e-01
5.700000000000000622e-01 5.746093750000000888e-01 4.000000000000000222e-01
5.700000000000000622e-01 5.772656250000000044e-01 4.000000000000000222e-01
5.700000000000000622e-01 5.799218750000000311e-01 4.000000000000000222e-01
5.700000000000000622e-01 6.091406249999999911e-01 4.000000000000000222e-01
5.700000000000000622e-01 6.117968750000000178e-01 4.000000000000000222e-01
5.000000000000000000e-01 6.450000000000000178e-01 3.718750000000000111e-01
5.000000000000000000e-01 6.450000000000000178e-01 3.367187500000000111e-01
5.000000000000000000e-01 6.450000000000000178e-01 3.414062500000000222e-01
5.000000000000000000e-01 6.450000000000000178e-01 3.460937500000000333e-01
5.000000000000000000e-01 6.450000000000000178e-01 3.554687500000000000e-01
5.000000000000000000e-01 6.450000000000000178e-01 3.601562500000000111e-01
5.000000000000000000e-01 5.600000000000000533e-01 2.828125000000000222e-01
5.000000000000000000e-01 5.600000000000000533e-01 3.390625000000000444e-01
5.000000000000000000e-01 5.600000000000000533e-01 3.484375000000000111e-01
5.000000000000000000e-01 5.600000000000000533e-01 3.578125000000000333e-01
5.000000000000000000e-01 5.600000000000000533e-01 3.671875000000000000e-01
5.000000000000000000e-01 5.600000000000000533e-01 3.859375000000000444e-01
5.000000000000000000e-01 7.299999999999999822e-01 2.734375000000000000e-01
5.000000000000000000e-01 7.299999999999999822e-01 2.828125000000000222e-01
5.000000000000000000e-01 7.299999999999999822e-01 3.578125000000000333e-01
5.000000000000000000e-01 6.025000000000000355e-01 3.343749999999999778e-01
5.000000000000000000e-01 6.025000000000000355e-01 3.531250000000000222e-01
5.000000000000000000e-01 6.025000000000000355e-01 3.718750000000000111e-01
5.000000000000000000e-01 6.025000000000000355e-01 3.906250000000000000e-01
5.000000000000000000e-01 6.875000000000000000e-01 2.593750000000000222e-01
5.000000000000000000e-01 6.875000000000000000e-01 2.781250000000000111e-01
5.000000000000000000e-01 5.812500000000000444e-01 3.437500000000000000e-01
5.000000000000000000e-01 5.812500000000000444e-01 3.812500000000000333e-01
5.000000000000000000e-01 6.237500000000000266e-01 3.437500000000000000e-01
5.000000000000000000e-01 6.237500000000000266e-01 3.812500000000000333e-01
5.000000000000000000e-01 6.662500000000000089e-01 2.687499999999999889e-01
5.000000000000000000e-01 6.662500000000000089e-01 3.437500000000000000e-01
5.000000000000000000e-01 7.087499999999999911e-01 2.687499999999999889e-01
5.000000000000000000e-01 5.706250000000000488e-01 3.625000000000000444e-01
5.000000000000000000e-01 5.918750000000000400e-01 3.625000000000000444e-01
5.000000000000000000e-01 6.768750000000000044e-01 2.874999999999999778e-01
5.000000000000000000e-01 6.768750000000000044e-01 3.625000000000000444e-01
5.000000000000000000e-01 5.653125000000001066e-01 2.500000000000000000e-01
5.000000000000000000e-01 6.078125000000000888e-01 2.500000000000000000e-01
5.000000000000000000e-01 6.184374999999999734e-01 2.500000000000000000e-01
5.000000000000000000e-01 6.715625000000000622e-01 3.250000000000000111e-01
5.000000000000000000e-01 6.821874999999999467e-01 3.250000000000000111e-01
5.000000000000000000e-01 5.626562500000000799e-01 4.000000000000000222e-01
5.000000000000000000e-01 5.679687500000000222e-01 4.000000000000000222e-01
5.000000000000000000e-01 5.732812500000000755e-01 4.000000000000000222e-01
5.000000000000000000e-01 5.785937500000000178e-01 4.000000000000000222e-01
5.000000000000000000e-01 6.051562500000000622e-01 4.000000000000000222e-01
5.000000000000000000e-01 6.104687500000000044e-01 4.000000000000000222e-01
5.000000000000000000e-01 6.157812500000000577e-01 4.000000000000000222e-01
5.000000000000000000e-01 6.210937500000000000e-01 4.000000000000000222e-01
6.400000000000001243e-01 6.450000000000000178e-01 3.718750000000000111e-01
6.400000000000001243e-01 6.450000000000000178e-01 3.906250000000000000e-01
6.400000000000001243e-01 6.450000000000000178e-01 3.367187500000000111e-01
6.400000000000001243e-01 6.450000000000000178e-01 3.414062500000000222e-01
6.400000000000001243e-01 6.450000000000000178e-01 3.460937500000000333e-01
6.400000000000001243e-01 5.600000000000000533e-01 3.390625000000000444e-01
6.400000000000001243e-01 5.600000000000000533e-01 3.484375000000000111e-01
6.400000000000001243e-01 5.600000000000000533e-01 3.671875000000000000e-01
6.400000000000001243e-01 5.600000000000000533e-01 3.859375000000000444e-01
6.400000000000001243e-01 5.600000000000000533e-01 3.953125000000000111e-01
6.400000000000001243e-01 6.025000000000000355e-01 3.343749999999999778e-01
6.400000000000001243e-01 6.025000000000000355e-01 3.531250000000000222e-01
6.400000000000001243e-01 6.025000000000000355e-01 3.718750000000000111e-01
6.400000000000001243e-01 6.025000000000000355e-01 3.906250000000000000e-01
6.400000000000001243e-01 6.875000000000000000e-01 1.843749999999999833e-01
6.400000000000001243e-01 6.875000000000000000e-01 2.031250000000000000e-01
6.400000000000001243e-01 5.812500000000000444e-01 3.437500000000000000e-01
6.400000000000001243e-01 5.812500000000000444e-01 3.812500000000000333e-01
6.400000000000001243e-01 6.237500000000000266e-01 3.437500000000000000e-01
6.400000000000001243e-01 6.237500000000000266e-01 3.812500000000000333e-01
6.400000000000001243e-01 6.662500000000000089e-01 3.437500000000000000e-01
6.400000000000001243e-01 7.087499999999999911e-01 1.937499999999999778e-01
6.400000000000001243e-01 7.087499999999999911e-01 2.312500000000000111e-01
6.400000000000001243e-01 5.706250000000000488e-01 3.250000000000000111e-01
6.400000000000001243e-01 6.131250000000000311e-01 3.625000000000000444e-01
6.400000000000001243e-01 6.343750000000000222e-01 3.625000000000000444e-01
6.400000000000001243e-01 6.981249999999999956e-01 2.124999999999999944e-01
6.400000000000001243e-01 7.193749999999999867e-01 2.124999999999999944e-01
6.400000000000001243e-01 5.653125000000001066e-01 2.500000000000000000e-01
6.400000000000001243e-01 5.759374999999999911e-01 2.500000000000000000e-01
6.400000000000001243e-01 6.078125000000000888e-01 2.500000000000000000e-01
6.400000000000001243e-01 5.626562500000000799e-01 4.000000000000000222e-01
6.400000000000001243e-01 5.679687500000000222e-01 4.000000000000000222e-01
6.400000000000001243e-01 5.732812500000000755e-01 4.000000000000000222e-01
6.400000000000001243e-01 5.785937500000000178e-01 4.000000000000000222e-01
6.400000000000001243e-01 6.051562500000000622e-01 4.000000000000000222e-01
6.400000000000001243e-01 6.104687500000000044e-01 4.000000000000000222e-01
5.350000000000000311e-01 6.450000000000000178e-01 3.062500000000000222e-01
5.350000000000000311e-01 6.450000000000000178e-01 2.828125000000000222e-01
5.350000000000000311e-01 6.450000000000000178e-01 3.578125000000000333e-01
5.350000000000000311e-01 5.600000000000000533e-01 3.718750000000000111e-01
5.350000000000000311e-01 7.299999999999999822e-01 2.781250000000000111e-01
5.350000000000000311e-01 7.299999999999999822e-01 2.968750000000000000e-01
5.350000000000000311e-01 7.299999999999999822e-01 3.156250000000000444e-01
5.350000000000000311e-01 6.025000000000000355e-01 3.437500000000000000e-01
5.350000000000000311e-01 6.025000000000000355e-01 3.812500000000000333e-01
5.350000000000000311e-01 6.875000000000000000e-01 3.437500000000000000e-01
5.350000000000000311e-01 6.875000000000000000e-01 3.812500000000000333e-01
5.350000000000000311e-01 5.812500000000000444e-01 3.250000000000000111e-01
5.350000000000000311e-01 6.662500000000000089e-01 3.625000000000000444e-01
5.350000000000000311e-01 7.087499999999999911e-01 3.625000000000000444e-01
5.350000000000000311e-01 5.918750000000000400e-01 2.500000000000000000e-01
5.350000000000000311e-01 6.131250000000000311e-01 4.000000000000000222e-01
5.350000000000000311e-01 6.768750000000000044e-01 3.250000000000000111e-01
5.350000000000000311e-01 5.865625000000000977e-01 4.000000000000000222e-01
5.350000000000000311e-01 5.971874999999999822e-01 4.000000000000000222e-01
5.350000000000000311e-01 6.078125000000000888e-01 4.000000000000000222e-01
6.050000000000000933e-01 6.450000000000000178e-01 3.484375000000000111e-01
6.050000000000000933e-01 6.450000000000000178e-01 3.578125000000000333e-01
6.050000000000000933e-01 5.600000000000000533e-01 3.531250000000000222e-01
6.050000000000000933e-01 5.600000000000000533e-01 3.718750000000000111e-01
6.050000000000000933e-01 5.600000000000000533e-01 3.906250000000000000e-01
6.050000000000000933e-01 7.299999999999999822e-01 2.593750000000000222e-01
6.050000000000000933e-01 7.299999999999999822e-01 2.781250000000000111e-01
6.050000000000000933e-01 7.299999999999999822e-01 3.531250000000000222e-01
6.050000000000000933e-01 6.025000000000000355e-01 3.812500000000000333e-01
6.050000000000000933e-01 6.875000000000000000e-01 2.687499999999999889e-01
6.050000000000000933e-01 5.812500000000000444e-01 4.000000000000000222e-01
6.050000000000000933e-01 6.237500000000000266e-01 4.000000000000000222e-01
6.050000000000000933e-01 5.706250000000000488e-01 2.500000000000000000e-01
6.050000000000000933e-01 6.131250000000000311e-01 3.250000000000000111e-01
6.050000000000000933e-01 6.343750000000000222e-01 3.250000000000000111e-01
6.050000000000000933e-01 5.653125000000001066e-01 4.000000000000000222e-01
6.050000000000000933e-01 5.759374999999999911e-01 4.000000000000000222e-01
6.050000000000000933e-01 6.078125000000000888e-01 4.000000000000000222e-01
5.175000000000000711e-01 6.450000000000000178e-01 2.874999999999999778e-01
5.175000000000000711e-01 5.600000000000000533e-01 2.687499999999999889e-01
5.175000000000000711e-01 5.600000000000000533e-01 3.062500000000000222e-01
5.175000000000000711e-01 5.600000000000000533e-01 3.437500000000000000e-01
5.175000000000000711e-01 5.600000000000000533e-01 3.812500000000000333e-01
5.175000000000000711e-01 7.299999999999999822e-01 2.687499999999999889e-01
5.175000000000000711e-01 7.299999999999999822e-01 3.062500000000000222e-01
5.175000000000000711e-01 6.025000000000000355e-01 3.625000000000000444e-01
5.175000000000000711e-01 6.875000000000000000e-01 3.625000000000000444e-01
5.525000000000001021e-01 6.450000000000000178e-01 3.343749999999999778e-01
5.525000000000001021e-01 6.450000000000000178e-01 3.531250000000000222e-01
5.525000000000001021e-01 6.450000000000000178e-01 3.718750000000000111e-01
5.525000000000001021e-01 6.450000000000000178e-01 3.906250000000000000e-01
5.525000000000001021e-01 5.600000000000000533e-01 3.062500000000000222e-01
5.525000000000001021e-01 5.600000000000000533e-01 3.437500000000000000e-01
5.525000000000001021e-01 5.600000000000000533e-01 3.812500000000000333e-01
5.525000000000001021e-01 7.299999999999999822e-01 3.062500000000000222e-01
5.525000000000001021e-01 7.299999999999999822e-01 3.437500000000000000e-01
5.525000000000001021e-01 7.299999999999999822e-01 3.812500000000000333e-01
5.525000000000001021e-01 6.025000000000000355e-01 3.250000000000000111e-01
5.525000000000001021e-01 6.875000000000000000e-01 3.625000000000000444e-01
5.525000000000001021e-01 5.812500000000000444e-01 2.500000000000000000e-01
5.525000000000001021e-01 5.706250000000000488e-01 4.000000000000000222e-01
5.525000000000001021e-01 5.918750000000000400e-01 4.000000000000000222e-01
5.875000000000000222e-01 6.450000000000000178e-01 3.343749999999999778e-01
5.875000000000000222e-01 6.450000000000000178e-01 3.531250000000000222e-01
5.875000000000000222e-01 5.600000000000000533e-01 3.437500000000000000e-01
5.875000000000000222e-01 5.600000000000000533e-01 3.812500000000000333e-01
5.875000000000000222e-01 7.299999999999999822e-01 3.437500000000000000e-01
5.875000000000000222e-01 6.237500000000000266e-01 3.250000000000000111e-01
5.875000000000000222e-01 5.706250000000000488e-01 4.000000000000000222e-01
6.225000000000000533e-01 6.450000000000000178e-01 3.343749999999999778e-01
6.225000000000000533e-01 6.450000000000000178e-01 3.531250000000000222e-01
6.225000000000000533e-01 5.600000000000000533e-01 3.437500000000000000e-01
6.225000000000000533e-01 5.600000000000000533e-01 3.812500000000000333e-01
6.225000000000000533e-01 7.299999999999999822e-01 3.437500000000000000e-01
6.225000000000000533e-01 6.237500000000000266e-01 3.250000000000000111e-01
6.225000000000000533e-01 5.706250000000000488e-01 4.000000000000000222e-01
5.087500000000000355e-01 5.600000000000000533e-01 2.874999999999999778e-01
5.087500000000000355e-01 7.299999999999999822e-01 2.874999999999999778e-01
5.087500000000000355e-01 6.025000000000000355e-01 2.500000000000000000e-01
5.087500000000000355e-01 5.812500000000000444e-01 4.000000000000000222e-01
5.087500000000000355e-01 6.237500000000000266e-01 4.000000000000000222e-01
5.262500000000001066e-01 6.450000000000000178e-01 3.250000000000000111e-01
5.262500000000001066e-01 5.600000000000000533e-01 2.874999999999999778e-01
5.262500000000001066e-01 5.600000000000000533e-01 3.625000000000000444e-01
5.262500000000001066e-01 7.299999999999999822e-01 2.874999999999999778e-01
5.262500000000001066e-01 6.025000000000000355e-01 2.500000000000000000e-01
5.262500000000001066e-01 5.812500000000000444e-01 4.000000000000000222e-01
5.262500000000001066e-01 6.237500000000000266e-01 4.000000000000000222e-01
5.437500000000000666e-01 5.600000000000000533e-01 3.250000000000000111e-01
5.437500000000000666e-01 7.299999999999999822e-01 3.625000000000000444e-01
5.612500000000000266e-01 5.600000000000000533e-01 3.250000000000000111e-01
5.612500000000000266e-01 7.299999999999999822e-01 3.625000000000000444e-01
5.612500000000000266e-01 6.025000000000000355e-01 2.500000000000000000e-01
5.787500000000000977e-01 6.450000000000000178e-01 3.250000000000000111e-01
5.787500000000000977e-01 6.450000000000000178e-01 3.437500000000000000e-01
5.787500000000000977e-01 5.600000000000000533e-01 3.625000000000000444e-01
5.787500000000000977e-01 7.299999999999999822e-01 3.625000000000000444e-01
5.787500000000000977e-01 6.025000000000000355e-01 2.500000000000000000e-01
5.962500000000000577e-01 6.450000000000000178e-01 3.250000000000000111e-01
5.962500000000000577e-01 6.450000000000000178e-01 3.437500000000000000e-01
5.962500000000000577e-01 5.600000000000000533e-01 3.625000000000000444e-01
5.962500000000000577e-01 7.299999999999999822e-01 3.625000000000000444e-01
6.137500000000000178e-01 6.450000000000000178e-01 3.437500000000000000e-01
6.137500000000000178e-01 6.875000000000000000e-01 2.500000000000000000e-01
6.137500000000000178e-01 6.662500000000000089e-01 4.000000000000000222e-01
6.137500000000000178e-01 7.087499999999999911e-01 4.000000000000000222e-01
6.312500000000000888e-01 6.450000000000000178e-01 3.437500000000000000e-01
5.218750000000000888e-01 5.600000000000000533e-01 3.250000000000000111e-01
5.218750000000000888e-01 6.025000000000000355e-01 4.000000000000000222e-01
5.306250000000000133e-01 5.600000000000000533e-01 3.250000000000000111e-01
5.306250000000000133e-01 6.025000000000000355e-01 4.000000000000000222e-01
5.481250000000000844e-01 6.450000000000000178e-01 4.000000000000000222e-01
5.481250000000000844e-01 5.600000000000000533e-01 2.500000000000000000e-01
5.568750000000000089e-01 6.450000000000000178e-01 4.000000000000000222e-01
5.568750000000000089e-01 5.600000000000000533e-01 2.500000000000000000e-01
5.568750000000000089e-01 6.025000000000000355e-01 4.000000000000000222e-01
5.656250000000000444e-01 6.450000000000000178e-01 4.000000000000000222e-01
5.656250000000000444e-01 5.600000000000000533e-01 2.500000000000000000e-01
5.656250000000000444e-01 6.025000000000000355e-01 4.000000000000000222e-01
5.743750000000000799e-01 6.450000000000000178e-01 3.625000000000000444e-01
5.831250000000001155e-01 6.450000000000000178e-01 3.625000000000000444e-01
5.918750000000000400e-01 5.600000000000000533e-01 3.250000000000000111e-01
5.918750000000000400e-01 6.025000000000000355e-01 4.000000000000000222e-01
6.006250000000000755e-01 6.450000000000000178e-01 4.000000000000000222e-01
6.006250000000000755e-01 5.600000000000000533e-01 2.500000000000000000e-01
6.093750000000001110e-01 6.875000000000000000e-01 4.000000000000000222e-01
6.181250000000000355e-01 6.450000000000000178e-01 4.000000000000000222e-01
6.181250000000000355e-01 7.299999999999999822e-01 2.500000000000000000e-01
6.181250000000000355e-01 6.875000000000000000e-01 4.000000000000000222e-01
5.459375000000000755e-01 5.600000000000000533e-01 4.000000000000000222e-01
5.503125000000000933e-01 5.600000000000000533e-01 4.000000000000000222e-01
5.546875000000001110e-01 5.600000000000000533e-01 4.000000000000000222e-01
5.590625000000000178e-01 5.600000000000000533e-01 4.000000000000000222e-01
5.634375000000000355e-01 5.600000000000000533e-01 4.000000000000000222e-01
5.678125000000000533e-01 5.600000000000000533e-01 4.000000000000000222e-01
5.896875000000000311e-01 5.600000000000000533e-01 4.000000000000000222e-01
5.940625000000000488e-01 5.600000000000000533e-01 4.000000000000000222e-01
5.984375000000000666e-01 5.600000000000000533e-01 4.000000000000000222e-01
6.028125000000000844e-01 5.600000000000000533e-01 4.000000000000000222e-01
6.159375000000000266e-01 7.299999999999999822e-01 4.000000000000000222e-01
6.203125000000000444e-01 7.299999999999999822e-01 4.000000000000000222e-01
