5.800000000000000711e-01 6.500000000000000222e-01 3.576171875000000444e-01
5.800000000000000711e-01 6.500000000000000222e-01 3.603515625000000000e-01
5.800000000000000711e-01 6.500000000000000222e-01 3.630859375000000111e-01
5.800000000000000711e-01 6.500000000000000222e-01 3.658203125000000222e-01
5.800000000000000711e-01 6.500000000000000222e-01 3.740234375000000000e-01
5.800000000000000711e-01 6.500000000000000222e-01 3.767578125000000111e-01
5.800000000000000711e-01 6.500000000000000222e-01 3.904296875000000111e-01
5.800000000000000711e-01 6.500000000000000222e-01 3.931640625000000222e-01
5.800000000000000711e-01 6.500000000000000222e-01 3.958984375000000333e-01
5.800000000000000711e-01 6.500000000000000222e-01 3.986328125000000444e-01
5.800000000000000711e-01 5.600000000000000533e-01 3.589843750000000222e-01
5.800000000000000711e-01 5.600000000000000533e-01 3.644531250000000444e-01
5.800000000000000711e-01 5.600000000000000533e-01 3.699218750000000111e-01
5.800000000000000711e-01 5.600000000000000533e-01 3.753906250000000333e-01
5.800000000000000711e-01 5.600000000000000533e-01 3.808593750000000000e-01
5.800000000000000711e-01 5.600000000000000533e-01 3.863281250000000222e-01
5.800000000000000711e-01 5.600000000000000533e-01 3.917968750000000444e-01
5.800000000000000711e-01 5.600000000000000533e-01 3.972656250000000111e-01
5.800000000000000711e-01 7.399999999999999911e-01 3.589843750000000222e-01
5.800000000000000711e-01 7.399999999999999911e-01 3.644531250000000444e-01
5.800000000000000711e-01 7.399999999999999911e-01 3.699218750000000111e-01
5.800000000000000711e-01 7.399999999999999911e-01 3.753906250000000333e-01
5.800000000000000711e-01 7.399999999999999911e-01 3.917968750000000444e-01
5.800000000000000711e-01 7.399999999999999911e-01 3.972656250000000111e-01
5.800000000000000711e-01 6.049999999999999822e-01 3.726562500000000222e-01
5.800000000000000711e-01 6.049999999999999822e-01 3.835937500000000111e-01
5.800000000000000711e-01 6.049999999999999822e-01 3.945312500000000000e-01
5.800000000000000711e-01 6.950000000000000622e-01 3.726562500000000222e-01
5.800000000000000711e-01 5.825000000000000178e-01 3.671875000000000000e-01
5.800000000000000711e-01 5.825000000000000178e-01 3.890625000000000333e-01
5.800000000000000711e-01 6.275000000000000577e-01 3.671875000000000000e-01
5.800000000000000711e-01 6.275000000000000577e-01 3.890625000000000333e-01
5.800000000000000711e-01 6.724999999999999867e-01 2.906250000000000222e-01
5.800000000000000711e-01 6.724999999999999867e-01 3.671875000000000000e-01
5.800000000000000711e-01 6.724999999999999867e-01 3.890625000000000333e-01
5.800000000000000711e-01 7.175000000000000266e-01 3.562500000000000111e-01
5.800000000000000711e-01 7.175000000000000266e-01 2.906250000000000222e-01
5.800000000000000711e-01 5.712500000000000355e-01 3.781250000000000444e-01
5.800000000000000711e-01 5.937500000000000000e-01 3.781250000000000444e-01
5.800000000000000711e-01 5.993749999999999911e-01 3.125000000000000000e-01
5.800000000000000711e-01 6.106250000000000844e-01 4.000000000000000222e-01
5.800000000000000711e-01 6.106250000000000844e-01 3.562500000000000111e-01
5.800000000000000711e-01 6.218750000000000666e-01 3.562500000000000111e-01
5.800000000000000711e-01 6.331250000000000488e-01 3.125000000000000000e-01
5.800000000000000711e-01 6.443750000000000311e-01 3.125000000000000000e-01
5.800000000000000711e-01 7.118750000000000355e-01 4.000000000000000222e-01
5.800000000000000711e-01 6.021875000000000977e-01 2.250000000000000056e-01
5.800000000000000711e-01 6.303125000000000533e-01 2.250000000000000056e-01
5.800000000000000711e-01 6.359375000000000444e-01 2.250000000000000056e-01
5.800000000000000711e-01 6.007812500000000444e-01 4.000000000000000222e-01
5.800000000000000711e-01 6.035937500000000400e-01 4.000000000000000222e-01
5.800000000000000711e-01 6.289062500000000000e-01 4.000000000000000222e-01
5.800000000000000711e-01 6.317187499999999956e-01 4.000000000000000222e-01
5.800000000000000711e-01 6.345312499999999911e-01 4.000000000000000222e-01
5.800000000000000711e-01 6.373437499999999867e-01 4.000000000000000222e-01
5.000000000000000000e-01 6.500000000000000222e-01 3.589843750000000222e-01
5.000000000000000000e-01 6.500000000000000222e-01 3.644531250000000444e-01
5.000000000000000000e-01 6.500000000000000222e-01 3.699218750000000111e-01
5.000000000000000000e-01 6.500000000000000222e-01 3.753906250000000333e-01
5.000000000000000000e-01 6.500000000000000222e-01 3.808593750000000000e-01
5.000000000000000000e-01 6.500000000000000222e-01 3.863281250000000222e-01
5.000000000000000000e-01 6.500000000000000222e-01 3.917968750000000444e-01
5.000000000000000000e-01 6.500000000000000222e-01 3.972656250000000111e-01
5.000000000000000000e-01 5.600000000000000533e-01 3.617187499999999778e-01
5.000000000000000000e-01 5.600000000000000533e-01 3.726562500000000222e-01
5.000000000000000000e-01 5.600000000000000533e-01 3.835937500000000111e-01
5.000000000000000000e-01 7.399999999999999911e-01 2.906250000000000222e-01
5.000000000000000000e-01 7.399999999999999911e-01 3.617187499999999778e-01
5.000000000000000000e-01 7.399999999999999911e-01 3.726562500000000222e-01
5.000000000000000000e-01 7.399999999999999911e-01 3.835937500000000111e-01
5.000000000000000000e-01 6.049999999999999822e-01 3.671875000000000000e-01
5.000000000000000000e-01 6.049999999999999822e-01 3.890625000000000333e-01
5.000000000000000000e-01 6.950000000000000622e-01 3.671875000000000000e-01
5.000000000000000000e-01 6.950000000000000622e-01 3.890625000000000333e-01
5.000000000000000000e-01 5.825000000000000178e-01 3.781250000000000444e-01
5.000000000000000000e-01 6.275000000000000577e-01 3.781250000000000444e-01
5.000000000000000000e-01 6.724999999999999867e-01 3.343750000000000333e-01
5.000000000000000000e-01 6.724999999999999867e-01 3.781250000000000444e-01
5.000000000000000000e-01 7.175000000000000266e-01 3.781250000000000444e-01
5.000000000000000000e-01 5.937500000000000000e-01 3.125000000000000000e-01
5.000000000000000000e-01 6.162500000000000755e-01 3.125000000000000000e-01
5.000000000000000000e-01 6.162500000000000755e-01 3.562500000000000111e-01
5.000000000000000000e-01 6.387500000000000400e-01 3.125000000000000000e-01
5.000000000000000000e-01 6.612500000000000044e-01 3.125000000000000000e-01
5.000000000000000000e-01 6.612500000000000044e-01 3.562500000000000111e-01
5.000000000000000000e-01 6.837499999999999689e-01 3.562500000000000111e-01
5.000000000000000000e-01 5.881250000000000089e-01 2.250000000000000056e-01
5.000000000000000000e-01 5.993749999999999911e-01 2.250000000000000056e-01
5.000000000000000000e-01 6.106250000000000844e-01 2.250000000000000056e-01
5.000000000000000000e-01 6.331250000000000488e-01 2.250000000000000056e-01
5.000000000000000000e-01 6.443750000000000311e-01 2.250000000000000056e-01
5.000000000000000000e-01 5.965624999999999956e-01 4.000000000000000222e-01
5.000000000000000000e-01 6.021875000000000977e-01 4.000000000000000222e-01
5.000000000000000000e-01 6.078125000000000888e-01 4.000000000000000222e-01
5.000000000000000000e-01 6.134375000000000799e-01 4.000000000000000222e-01
5.000000000000000000e-01 6.303125000000000533e-01 4.000000000000000222e-01
5.000000000000000000e-01 6.359375000000000444e-01 4.000000000000000222e-01
6.600000000000001421e-01 6.500000000000000222e-01 3.589843750000000222e-01
6.600000000000001421e-01 6.500000000000000222e-01 3.644531250000000444e-01
6.600000000000001421e-01 6.500000000000000222e-01 3.699218750000000111e-01
6.600000000000001421e-01 6.500000000000000222e-01 3.753906250000000333e-01
6.600000000000001421e-01 6.500000000000000222e-01 3.808593750000000000e-01
6.600000000000001421e-01 6.500000000000000222e-01 3.863281250000000222e-01
6.600000000000001421e-01 6.500000000000000222e-01 3.917968750000000444e-01
6.600000000000001421e-01 6.500000000000000222e-01 3.972656250000000111e-01
6.600000000000001421e-01 5.600000000000000533e-01 3.617187499999999778e-01
6.600000000000001421e-01 5.600000000000000533e-01 3.726562500000000222e-01
6.600000000000001421e-01 5.600000000000000533e-01 3.835937500000000111e-01
6.600000000000001421e-01 7.399999999999999911e-01 3.617187499999999778e-01
6.600000000000001421e-01 7.399999999999999911e-01 3.726562500000000222e-01
6.600000000000001421e-01 7.399999999999999911e-01 3.835937500000000111e-01
6.600000000000001421e-01 7.399999999999999911e-01 3.945312500000000000e-01
6.600000000000001421e-01 6.049999999999999822e-01 3.671875000000000000e-01
6.600000000000001421e-01 6.049999999999999822e-01 3.890625000000000333e-01
6.600000000000001421e-01 6.950000000000000622e-01 3.234375000000000444e-01
6.600000000000001421e-01 6.950000000000000622e-01 3.453125000000000222e-01
6.600000000000001421e-01 6.950000000000000622e-01 3.671875000000000000e-01
6.600000000000001421e-01 6.950000000000000622e-01 3.890625000000000333e-01
6.600000000000001421e-01 5.825000000000000178e-01 3.781250000000000444e-01
6.600000000000001421e-01 6.275000000000000577e-01 3.343750000000000333e-01
6.600000000000001421e-01 6.275000000000000577e-01 3.781250000000000444e-01
6.600000000000001421e-01 6.724999999999999867e-01 3.343750000000000333e-01
6.600000000000001421e-01 6.724999999999999867e-01 3.781250000000000444e-01
6.600000000000001421e-01 7.175000000000000266e-01 3.343750000000000333e-01
6.600000000000001421e-01 7.175000000000000266e-01 3.781250000000000444e-01
6.600000000000001421e-01 5.937500000000000000e-01 3.125000000000000000e-01
6.600000000000001421e-01 6.162500000000000755e-01 3.125000000000000000e-01
6.600000000000001421e-01 6.162500000000000755e-01 3.562500000000000111e-01
6.600000000000001421e-01 6.387500000000000400e-01 3.125000000000000000e-01
6.600000000000001421e-01 6.387500000000000400e-01 3.562500000000000111e-01
6.600000000000001421e-01 6.612500000000000044e-01 4.000000000000000222e-01
6.600000000000001421e-01 5.993749999999999911e-01 2.250000000000000056e-01
6.600000000000001421e-01 6.331250000000000488e-01 2.250000000000000056e-01
6.600000000000001421e-01 6.443750000000000311e-01 2.250000000000000056e-01
6.600000000000001421e-01 6.556250000000000133e-01 3.125000000000000000e-01
6.600000000000001421e-01 6.668749999999999956e-01 3.125000000000000000e-01
6.600000000000001421e-01 7.118750000000000355e-01 3.125000000000000000e-01
6.600000000000001421e-01 5.965624999999999956e-01 4.000000000000000222e-01
6.600000000000001421e-01 6.021875000000000977e-01 4.000000000000000222e-01
6.600000000000001421e-01 6.303125000000000533e-01 4.000000000000000222e-01
6.600000000000001421e-01 6.359375000000000444e-01 4.000000000000000222e-01
6.600000000000001421e-01 7.090625000000000400e-01 4.000000000000000222e-01
6.600000000000001421e-01 7.146875000000000311e-01 4.000000000000000222e-01
5.400000000000000355e-01 6.500000000000000222e-01 3.781250000000000444e-01
5.400000000000000355e-01 6.500000000000000222e-01 3.617187499999999778e-01
5.400000000000000355e-01 6.500000000000000222e-01 3.726562500000000222e-01
5.400000000000000355e-01 6.500000000000000222e-01 3.835937500000000111e-01
5.400000000000000355e-01 5.600000000000000533e-01 3.562500000000000111e-01
5.400000000000000355e-01 5.600000000000000533e-01 3.671875000000000000e-01
5.400000000000000355e-01 5.600000000000000533e-01 3.890625000000000333e-01
5.400000000000000355e-01 7.399999999999999911e-01 3.671875000000000000e-01
5.400000000000000355e-01 7.399999999999999911e-01 3.890625000000000333e-01
5.400000000000000355e-01 6.950000000000000622e-01 2.906250000000000222e-01
5.400000000000000355e-01 6.950000000000000622e-01 3.781250000000000444e-01
5.400000000000000355e-01 6.275000000000000577e-01 3.125000000000000000e-01
5.400000000000000355e-01 6.724999999999999867e-01 3.562500000000000111e-01
5.400000000000000355e-01 5.937500000000000000e-01 2.250000000000000056e-01
5.400000000000000355e-01 6.162500000000000755e-01 2.250000000000000056e-01
5.400000000000000355e-01 6.387500000000000400e-01 2.250000000000000056e-01
5.400000000000000355e-01 6.837499999999999689e-01 2.250000000000000056e-01
5.400000000000000355e-01 5.881250000000000089e-01 4.000000000000000222e-01
5.400000000000000355e-01 5.993749999999999911e-01 4.000000000000000222e-01
5.400000000000000355e-01 6.106250000000000844e-01 4.000000000000000222e-01
5.400000000000000355e-01 6.218750000000000666e-01 4.000000000000000222e-01
5.400000000000000355e-01 6.331250000000000488e-01 4.000000000000000222e-01
5.400000000000000355e-01 6.443750000000000311e-01 4.000000000000000222e-01
5.400000000000000355e-01 6.781249999999999778e-01 4.000000000000000222e-01
5.400000000000000355e-01 6.893749999999999600e-01 4.000000000000000222e-01
6.200000000000001066e-01 6.500000000000000222e-01 3.726562500000000222e-01
6.200000000000001066e-01 6.500000000000000222e-01 3.835937500000000111e-01
6.200000000000001066e-01 5.600000000000000533e-01 3.671875000000000000e-01
6.200000000000001066e-01 5.600000000000000533e-01 3.890625000000000333e-01
6.200000000000001066e-01 7.399999999999999911e-01 9.375000000000000000e-02
6.200000000000001066e-01 7.399999999999999911e-01 1.812499999999999944e-01
6.200000000000001066e-01 7.399999999999999911e-01 2.687499999999999889e-01
6.200000000000001066e-01 7.399999999999999911e-01 3.671875000000000000e-01
6.200000000000001066e-01 7.399999999999999911e-01 3.890625000000000333e-01
6.200000000000001066e-01 6.049999999999999822e-01 3.781250000000000444e-01
6.200000000000001066e-01 6.950000000000000622e-01 3.125000000000000000e-01
6.200000000000001066e-01 6.950000000000000622e-01 3.343750000000000333e-01
6.200000000000001066e-01 6.950000000000000622e-01 3.781250000000000444e-01
6.200000000000001066e-01 6.275000000000000577e-01 3.562500000000000111e-01
6.200000000000001066e-01 6.724999999999999867e-01 4.000000000000000222e-01
6.200000000000001066e-01 5.937500000000000000e-01 2.250000000000000056e-01
6.200000000000001066e-01 6.612500000000000044e-01 3.125000000000000000e-01
6.200000000000001066e-01 5.881250000000000089e-01 4.000000000000000222e-01
6.200000000000001066e-01 5.993749999999999911e-01 4.000000000000000222e-01
6.200000000000001066e-01 6.331250000000000488e-01 4.000000000000000222e-01
6.200000000000001066e-01 6.443750000000000311e-01 4.000000000000000222e-01
5.200000000000000178e-01 6.500000000000000222e-01 3.562500000000000111e-01
5.200000000000000178e-01 6.500000000000000222e-01 3.890625000000000333e-01
5.200000000000000178e-01 5.600000000000000533e-01 3.781250000000000444e-01
5.200000000000000178e-01 7.399999999999999911e-01 3.781250000000000444e-01
5.200000000000000178e-01 6.049999999999999822e-01 4.000000000000000222e-01
5.200000000000000178e-01 6.275000000000000577e-01 2.250000000000000056e-01
5.200000000000000178e-01 5.937500000000000000e-01 4.000000000000000222e-01
5.200000000000000178e-01 6.162500000000000755e-01 4.000000000000000222e-01
5.200000000000000178e-01 6.387500000000000400e-01 4.000000000000000222e-01
5.200000000000000178e-01 6.837499999999999689e-01 4.000000000000000222e-01
5.600000000000000533e-01 6.500000000000000222e-01 3.890625000000000333e-01
5.600000000000000533e-01 5.600000000000000533e-01 3.781250000000000444e-01
5.600000000000000533e-01 7.399999999999999911e-01 3.781250000000000444e-01
5.600000000000000533e-01 6.049999999999999822e-01 3.125000000000000000e-01
5.600000000000000533e-01 5.825000000000000178e-01 2.250000000000000056e-01
5.600000000000000533e-01 6.275000000000000577e-01 2.250000000000000056e-01
5.600000000000000533e-01 5.712500000000000355e-01 4.000000000000000222e-01
5.600000000000000533e-01 5.937500000000000000e-01 4.000000000000000222e-01
5.600000000000000533e-01 6.162500000000000755e-01 4.000000000000000222e-01
5.600000000000000533e-01 6.387500000000000400e-01 4.000000000000000222e-01
5.600000000000000533e-01 6.837499999999999689e-01 4.000000000000000222e-01
6.000000000000000888e-01 6.500000000000000222e-01 3.562500000000000111e-01
6.000000000000000888e-01 5.600000000000000533e-01 3.781250000000000444e-01
6.000000000000000888e-01 7.399999999999999911e-01 3.343750000000000333e-01
6.000000000000000888e-01 7.399999999999999911e-01 3.781250000000000444e-01
6.000000000000000888e-01 5.937500000000000000e-01 4.000000000000000222e-01
6.400000000000001243e-01 6.500000000000000222e-01 9.375000000000000000e-02
6.400000000000001243e-01 6.500000000000000222e-01 1.812499999999999944e-01
6.400000000000001243e-01 6.500000000000000222e-01 2.687499999999999889e-01
6.400000000000001243e-01 6.500000000000000222e-01 3.562500000000000111e-01
6.400000000000001243e-01 5.600000000000000533e-01 3.781250000000000444e-01
6.400000000000001243e-01 7.399999999999999911e-01 7.187499999999999445e-02
6.400000000000001243e-01 7.399999999999999911e-01 1.156249999999999917e-01
6.400000000000001243e-01 7.399999999999999911e-01 1.593749999999999889e-01
6.400000000000001243e-01 7.399999999999999911e-01 2.031250000000000000e-01
6.400000000000001243e-01 7.399999999999999911e-01 3.343750000000000333e-01
6.400000000000001243e-01 7.399999999999999911e-01 3.781250000000000444e-01
6.400000000000001243e-01 6.950000000000000622e-01 1.375000000000000111e-01
6.400000000000001243e-01 6.950000000000000622e-01 2.687499999999999889e-01
6.400000000000001243e-01 6.950000000000000622e-01 3.562500000000000111e-01
6.400000000000001243e-01 6.724999999999999867e-01 3.125000000000000000e-01
6.400000000000001243e-01 7.175000000000000266e-01 3.125000000000000000e-01
6.400000000000001243e-01 5.937500000000000000e-01 4.000000000000000222e-01
5.100000000000000089e-01 7.399999999999999911e-01 3.562500000000000111e-01
5.100000000000000089e-01 6.275000000000000577e-01 4.000000000000000222e-01
5.300000000000000266e-01 5.600000000000000533e-01 3.125000000000000000e-01
5.300000000000000266e-01 7.399999999999999911e-01 2.687499999999999889e-01
5.300000000000000266e-01 7.399999999999999911e-01 3.562500000000000111e-01
5.300000000000000266e-01 6.049999999999999822e-01 2.250000000000000056e-01
5.300000000000000266e-01 6.950000000000000622e-01 3.125000000000000000e-01
5.300000000000000266e-01 5.825000000000000178e-01 4.000000000000000222e-01
5.300000000000000266e-01 6.275000000000000577e-01 4.000000000000000222e-01
5.500000000000000444e-01 5.825000000000000178e-01 4.000000000000000222e-01
5.500000000000000444e-01 6.275000000000000577e-01 4.000000000000000222e-01
5.700000000000000622e-01 5.600000000000000533e-01 3.125000000000000000e-01
5.700000000000000622e-01 6.049999999999999822e-01 2.250000000000000056e-01
5.700000000000000622e-01 6.950000000000000622e-01 2.250000000000000056e-01
5.700000000000000622e-01 5.825000000000000178e-01 4.000000000000000222e-01
5.700000000000000622e-01 6.275000000000000577e-01 4.000000000000000222e-01
5.700000000000000622e-01 6.724999999999999867e-01 4.000000000000000222e-01
5.700000000000000622e-01 7.175000000000000266e-01 4.000000000000000222e-01
5.900000000000000799e-01 7.399999999999999911e-01 3.562500000000000111e-01
6.100000000000000977e-01 7.399999999999999911e-01 3.562500000000000111e-01
6.100000000000000977e-01 6.950000000000000622e-01 2.250000000000000056e-01
6.100000000000000977e-01 6.724999999999999867e-01 4.000000000000000222e-01
6.100000000000000977e-01 7.175000000000000266e-01 4.000000000000000222e-01
6.300000000000001155e-01 6.500000000000000222e-01 3.125000000000000000e-01
6.300000000000001155e-01 7.399999999999999911e-01 2.687499999999999889e-01
6.300000000000001155e-01 7.399999999999999911e-01 3.562500000000000111e-01
6.300000000000001155e-01 6.950000000000000622e-01 2.250000000000000056e-01
6.300000000000001155e-01 6.724999999999999867e-01 4.000000000000000222e-01
6.300000000000001155e-01 7.175000000000000266e-01 4.000000000000000222e-01
6.500000000000001332e-01 7.399999999999999911e-01 3.562500000000000111e-01
5.150000000000000133e-01 6.500000000000000222e-01 4.000000000000000222e-01
5.150000000000000133e-01 7.399999999999999911e-01 2.250000000000000056e-01
5.250000000000000222e-01 6.500000000000000222e-01 3.125000000000000000e-01
5.250000000000000222e-01 5.600000000000000533e-01 2.250000000000000056e-01
5.250000000000000222e-01 7.399999999999999911e-01 2.250000000000000056e-01
5.250000000000000222e-01 6.049999999999999822e-01 4.000000000000000222e-01
5.250000000000000222e-01 6.950000000000000622e-01 4.000000000000000222e-01
5.350000000000000311e-01 6.500000000000000222e-01 3.125000000000000000e-01
5.350000000000000311e-01 5.600000000000000533e-01 2.250000000000000056e-01
5.350000000000000311e-01 6.049999999999999822e-01 4.000000000000000222e-01
5.450000000000000400e-01 6.500000000000000222e-01 4.000000000000000222e-01
5.450000000000000400e-01 7.399999999999999911e-01 2.250000000000000056e-01
5.550000000000000488e-01 6.500000000000000222e-01 4.000000000000000222e-01
5.550000000000000488e-01 7.399999999999999911e-01 2.250000000000000056e-01
5.650000000000000577e-01 6.500000000000000222e-01 3.125000000000000000e-01
5.650000000000000577e-01 5.600000000000000533e-01 2.250000000000000056e-01
5.650000000000000577e-01 6.049999999999999822e-01 4.000000000000000222e-01
5.650000000000000577e-01 6.950000000000000622e-01 4.000000000000000222e-01
5.750000000000000666e-01 6.950000000000000622e-01 4.000000000000000222e-01
6.250000000000001110e-01 6.500000000000000222e-01 4.000000000000000222e-01
6.250000000000001110e-01 7.399999999999999911e-01 2.250000000000000056e-01
6.250000000000001110e-01 7.399999999999999911e-01 3.125000000000000000e-01
6.250000000000001110e-01 6.950000000000000622e-01 4.000000000000000222e-01
6.350000000000001199e-01 6.500000000000000222e-01 4.000000000000000222e-01
6.350000000000001199e-01 7.399999999999999911e-01 2.250000000000000056e-01
6.350000000000001199e-01 7.399999999999999911e-01 3.125000000000000000e-01
6.350000000000001199e-01 6.950000000000000622e-01 4.000000000000000222e-01
6.450000000000001288e-01 6.500000000000000222e-01 4.000000000000000222e-01
6.450000000000001288e-01 7.399999999999999911e-01 2.250000000000000056e-01
6.550000000000000266e-01 6.500000000000000222e-01 4.000000000000000222e-01
6.550000000000000266e-01 7.399999999999999911e-01 2.250000000000000056e-01
5.125000000000000666e-01 7.399999999999999911e-01 4.000000000000000222e-01
5.175000000000000711e-01 7.399999999999999911e-01 4.000000000000000222e-01
5.225000000000000755e-01 6.500000000000000222e-01 2.250000000000000056e-01
5.225000000000000755e-01 5.600000000000000533e-01 4.000000000000000222e-01
5.225000000000000755e-01 7.399999999999999911e-01 4.000000000000000222e-01
5.325000000000000844e-01 6.500000000000000222e-01 2.250000000000000056e-01
5.325000000000000844e-01 5.600000000000000533e-01 4.000000000000000222e-01
5.325000000000000844e-01 7.399999999999999911e-01 4.000000000000000222e-01
5.375000000000000888e-01 6.500000000000000222e-01 2.250000000000000056e-01
5.375000000000000888e-01 5.600000000000000533e-01 4.000000000000000222e-01
5.375000000000000888e-01 7.399999999999999911e-01 4.000000000000000222e-01
5.425000000000000933e-01 7.399999999999999911e-01 4.000000000000000222e-01
5.475000000000000977e-01 7.399999999999999911e-01 4.000000000000000222e-01
5.525000000000001021e-01 7.399999999999999911e-01 4.000000000000000222e-01
5.575000000000001066e-01 7.399999999999999911e-01 4.000000000000000222e-01
6.225000000000000533e-01 7.399999999999999911e-01 4.000000000000000222e-01
6.275000000000000577e-01 7.399999999999999911e-01 4.000000000000000222e-01
6.325000000000000622e-01 7.399999999999999911e-01 4.000000000000000222e-01
6.375000000000000666e-01 7.399999999999999911e-01 4.000000000000000222e-01
6.425000000000000711e-01 7.399999999999999911e-01 4.000000000000000222e-01
6.475000000000000755e-01 7.399999999999999911e-01 4.000000000000000222e-01
6.525000000000000799e-01 7.399999999999999911e-01 4.000000000000000222e-01
6.575000000000000844e-01 7.399999999999999911e-01 4.000000000000000222e-01
5.212500000000001021e-01 6.500000000000000222e-01 4.000000000000000222e-01
5.237500000000000488e-01 6.500000000000000222e-01 4.000000000000000222e-01
5.312500000000001110e-01 6.500000000000000222e-01 4.000000000000000222e-01
5.337500000000000577e-01 6.500000000000000222e-01 4.000000000000000222e-01
5.362500000000001155e-01 6.500000000000000222e-01 4.000000000000000222e-01
5.387500000000000622e-01 6.500000000000000222e-01 4.000000000000000222e-01
