5.358122069052715375e-01 5.745042871175601862e-01 6.135718815679336302e-01
5.395744791409899932e-01 5.701716030861376794e-01 6.099925195603759231e-01
5.479784155254745492e-01 5.664550561138291807e-01 5.975758096765144689e-01
5.594352199427661265e-01 5.710373808055320133e-01 5.850128155939821051e-01
5.924551945661113983e-01 5.715015590094686404e-01 5.562762731514026004e-01
6.009139319999210471e-01 5.745001118646437810e-01 5.470098148829725115e-01
5.938364106498520423e-01 6.022867078714210232e-01 5.145969151922180629e-01
5.755621527777765589e-01 5.705119268664455845e-01 5.183108347028992924e-01
5.353411549555203708e-01 5.013905407334202646e-01 5.538439897423993452e-01
5.937256437751592397e-01 6.451373086047749172e-01 6.164936588387645022e-01
6.152604803955497026e-01 6.484002059667604012e-01 5.901321523020746085e-01
6.439381744927359374e-01 6.552760124066946412e-01 5.595538835682363210e-01
6.483308569603399851e-01 6.453253723165331968e-01 5.672300341383966771e-01
5.627037688657016146e-01 5.722294800130235393e-01 5.321649860808835841e-01
5.795281535204186429e-01 5.591917951993843339e-01 5.166798678293059721e-01
6.122180559839358605e-01 6.009486441310865068e-01 5.720082186041832717e-01
5.651843615729457149e-01 5.601664302555324770e-01 5.130423413005010813e-01
5.386128606140381248e-01 5.771407423383226876e-01 6.019479361269863826e-01
5.820473809177824087e-01 5.785835890678172611e-01 5.534177785251108705e-01
5.403667580639877066e-01 5.873729225504691343e-01 6.212418478019804402e-01
5.909786875950916452e-01 5.950098814858035823e-01 5.662921918188323911e-01
5.685293189082050169e-01 6.233138435054513815e-01 6.249758731677754753e-01
5.665980466497302359e-01 5.710285906052257054e-01 5.367442896538747732e-01
5.464220243240690555e-01 5.601281802412840793e-01 5.654257755242974026e-01
5.332229666869550133e-01 5.548928948702605002e-01 5.875168561019799007e-01
5.256256424243478387e-01 5.505082650895113394e-01 6.124906954618966060e-01
5.396074561117431001e-01 5.613725728808666160e-01 6.217487145808612281e-01
5.701363257806224549e-01 5.977005697173529697e-01 5.993038030419270967e-01
5.938811674772797033e-01 6.315139127878448555e-01 5.813201900819576773e-01
5.493279404447212189e-01 5.203573001419139477e-01 5.198529841693143583e-01
5.746165082009943026e-01 5.441584436999791219e-01 4.993648804475175895e-01
5.928360984627549790e-01 5.622303573198150772e-01 4.803262787557506241e-01
5.775390772354280777e-01 5.472915778949623000e-01 5.194208892160266933e-01
5.892947390518414874e-01 5.601049530522204112e-01 5.170119377589775800e-01
6.259198133394687780e-01 5.946400618050229347e-01 4.995813028480837192e-01
6.221237718196764854e-01 5.899403527560727056e-01 5.268344948728272970e-01
6.145252556168459002e-01 5.884580339707370378e-01 5.168727458065650593e-01
5.439828252227756344e-01 6.834844590451224500e-01 6.715090220495771867e-01
6.362050802860772514e-01 6.195003320466758723e-01 5.457912796648638487e-01
6.425402986387185322e-01 6.304311373890540970e-01 5.471482732359065349e-01
5.390575243797542937e-01 6.062919238703681213e-01 6.524852902033160262e-01
5.442673261074619795e-01 6.178016126606340475e-01 6.375342552932676821e-01
5.846988792662788370e-01 6.016280748410242074e-01 6.047334504846131331e-01
5.935863865122587013e-01 5.871221490343597749e-01 5.919973023112596877e-01
6.061974970500484394e-01 5.748888656923699658e-01 5.846608250338665158e-01
6.090043621799776652e-01 5.559235924670269391e-01 5.993244828411909975e-01
6.311454690101533371e-01 6.028758785530503594e-01 4.898769197353612936e-01
6.041097797022374483e-01 5.555841188146721787e-01 5.181037368875596183e-01
7.177095212773680899e-01 7.134975621221020248e-01 5.330433517343757810e-01
6.998187384051378634e-01 6.711311622288259615e-01 5.651855959637057669e-01
6.051811192693716812e-01 6.115715130546499623e-01 5.807763200481720345e-01
6.294963419750237987e-01 6.017301753520486463e-01 5.243357380216233654e-01
6.142574261804978342e-01 6.453013323895243625e-01 6.129274327336217132e-01
6.878391995881534271e-01 6.775516887206233241e-01 5.233582632634555809e-01
6.128976501764282769e-01 5.979549612638933587e-01 5.441878951148985122e-01
5.781999557182511129e-01 5.803595489507861194e-01 5.986926270264842920e-01
6.053024719276317578e-01 6.111251539990556481e-01 5.955486712372030089e-01
6.528942977366182232e-01 6.622723225314011142e-01 5.783688870037131391e-01
6.043308668908926595e-01 5.469734018525960195e-01 5.214846561177086670e-01
6.255455044170371570e-01 5.614012498430190901e-01 5.368150757172888143e-01
6.394599548134187739e-01 5.782750529642002313e-01 5.442062248548721337e-01
5.981155799234336712e-01 5.432931248330843399e-01 5.989356464344764985e-01
6.355686957225707978e-01 5.759947130895961553e-01 5.797070111879520926e-01
5.989560056956924061e-01 7.068495230265361418e-01 6.706757437473720440e-01
6.569189397384613827e-01 6.061293179538831399e-01 5.641495131272500352e-01
5.774757942030706026e-01 7.013935036243835741e-01 6.815224532892073528e-01
6.901644035102605379e-01 6.450786739084355403e-01 5.426005745027633331e-01
7.098214271307822232e-01 6.588873464042680483e-01 5.556824421798717273e-01
5.715453625195361376e-01 6.164141070851332227e-01 6.525364176041709152e-01
5.803018057362493431e-01 6.274988359128348403e-01 6.514308569060220933e-01
5.878480303341918622e-01 6.425709915717343623e-01 6.412579970850310618e-01
5.831301878174950382e-01 6.377893271040853129e-01 6.529249788977927738e-01
5.292655673126869242e-01 5.765475488227693734e-01 5.792251544562132537e-01
5.583312073178585688e-01 5.914943824813063689e-01 5.371119735594316325e-01
5.538685567548786715e-01 5.497874563194302677e-01 5.585821910556427738e-01
5.445458491434437276e-01 5.763747735051610865e-01 5.614163644926112307e-01
5.474733069327771817e-01 5.608479418948516537e-01 5.462231075824708348e-01
5.238896041592070452e-01 6.063254920448085672e-01 6.597034070727221255e-01
5.512460632046065623e-01 6.100388659246012146e-01 6.337683830323492806e-01
5.736987768481887073e-01 5.907628261667012826e-01 6.135033460372332215e-01
5.040728717894522593e-01 5.446974287661369152e-01 6.048230896605560902e-01
5.105500652093064584e-01 5.243924072312388107e-01 5.647289256939717061e-01
5.242550915053598715e-01 5.931769290451009979e-01 6.197499824696671711e-01
5.879535078608166820e-01 6.295781027210168856e-01 5.320538514548991404e-01
5.240358253488457407e-01 5.512109541577273619e-01 5.429988595946581009e-01
5.167236926781125783e-01 5.570231477777995988e-01 5.644325617993448674e-01
5.077930356805032686e-01 6.282993311524429636e-01 6.236753425130912021e-01
5.865763221796782556e-01 6.395205354625356220e-01 5.085368087641806145e-01
5.817760839877204049e-01 6.433010152448733754e-01 5.526341532514238430e-01
5.490010733291669220e-01 5.388446425510433624e-01 4.845631837745210113e-01
5.467211948092242091e-01 5.344441698847911537e-01 5.142939035015603455e-01
5.633122932870365807e-01 5.544188312417744902e-01 5.054145535155107893e-01
5.668142083486958915e-01 5.603377989018387684e-01 5.204687635912668142e-01
5.398506322736896790e-01 6.831835136639836659e-01 6.090062235599718043e-01
6.198257568669038875e-01 6.154843784557237907e-01 4.814025182377583145e-01
5.164980771229282785e-01 6.633677664764739967e-01 6.533708568130013328e-01
6.304196006743277847e-01 6.390604204470468064e-01 4.874626105175867696e-01
6.486212657771430745e-01 6.665674068449746192e-01 4.775780315918178864e-01
5.058744610620595772e-01 5.968560108721819857e-01 6.402962705746204630e-01
5.990949177401247994e-01 5.911776947191897946e-01 5.669969764052982253e-01
6.194155875022395730e-01 5.846223109747181734e-01 5.656588446561259254e-01
6.023902243442964544e-01 5.992935284767232362e-01 5.440672514500494161e-01
5.555767896105916481e-01 5.311565924751251444e-01 5.439026012805737720e-01
5.962304714922154192e-01 6.431209686044943030e-01 6.361777072422396540e-01
6.503190231836812885e-01 6.573833079819058067e-01 5.743736705471296222e-01
5.547061745455673654e-01 5.580810387216250668e-01 5.782613345599189048e-01
5.959739931321748063e-01 6.123241579448357452e-01 6.009458827258059577e-01
6.082022581165428265e-01 5.665903772879384848e-01 4.897919782269487543e-01
6.653443663037578171e-01 6.162802812267259567e-01 5.142480993208722317e-01
6.663142323620123708e-01 6.256210484040380937e-01 5.321401194938040202e-01
5.486384238105939115e-01 6.781324624308699978e-01 7.044105823390824916e-01
6.699931308660171947e-01 6.408520417145926462e-01 5.541824497792331439e-01
5.408434544508252673e-01 5.971632030332313379e-01 6.617108130589789416e-01
5.583120034164954504e-01 6.255363853456407108e-01 6.404795622390417886e-01
5.569118550304987814e-01 5.728615011947781888e-01 5.582208442029280571e-01
5.526010722008467546e-01 6.249889675449319393e-01 6.309092189968142916e-01
5.278082011994267297e-01 5.510939977947403312e-01 5.749282568287786832e-01
5.944963964530338707e-01 6.397507294715351067e-01 5.521157988982756670e-01
5.644838968048359051e-01 5.418180161080012880e-01 4.951733721132298149e-01
6.070248032769597346e-01 5.843012818940112041e-01 5.116338131492603747e-01
5.447925964702456936e-01 6.833770209293318354e-01 6.359160185531499421e-01
6.437837766701085540e-01 6.361616685125333071e-01 4.843490921536894867e-01
6.467862591461448485e-01 6.483590094712231577e-01 5.196932817108111946e-01
5.187011229708249349e-01 5.915757048526448791e-01 6.182621582901993706e-01
5.222695364589737821e-01 5.993876649311753457e-01 6.282206876784969252e-01
5.604054619430529627e-01 5.849609580000904030e-01 6.246783848349817259e-01
5.965656162420087671e-01 5.796478148744859116e-01 5.713599937316741206e-01
6.064348915425468167e-01 5.828583954145073465e-01 5.327395052814921650e-01
6.414824005724260036e-01 6.537910308102768964e-01 6.056223685253816491e-01
6.331257716361214927e-01 5.802374293567624797e-01 5.026132466288384393e-01
6.556138623904566032e-01 6.192218157399500544e-01 5.442168495736852130e-01
5.725590856488206315e-01 6.307193792532891363e-01 6.551462620471489862e-01
5.372036015222758643e-01 5.713460910229428702e-01 6.238281217819023894e-01
5.726678261147979399e-01 5.676298364429340770e-01 5.782484966451848507e-01
5.799287220119935249e-01 5.669680042417722943e-01 5.356374491882700539e-01
6.135346530317892233e-01 6.461122227547986263e-01 5.953051703976650622e-01
5.650468969782930229e-01 5.338343192886704225e-01 5.446012078674308254e-01
5.571024205411189145e-01 6.883678685306704459e-01 6.744555625728958503e-01
5.956673354141797105e-01 5.767423823364181690e-01 5.943436994859261358e-01
5.293778354481937232e-01 5.911631306662695762e-01 6.497441136874161360e-01
5.575806886509021565e-01 6.273898335740535348e-01 6.512694611614833207e-01
5.585163442549028190e-01 5.531311822987362570e-01 5.559183242365973721e-01
5.624550013764973988e-01 6.062581972409134545e-01 6.463574403637690757e-01
5.706225847584447397e-01 5.390525691235207306e-01 5.284898185314388375e-01
6.019366322542842873e-01 5.886561256392602859e-01 5.735202384118059937e-01
5.183848233042509523e-01 5.899998292501920094e-01 6.377908491926947976e-01
4.996256058036366854e-01 5.498243440402057480e-01 6.333688986806618182e-01
5.476322917936394807e-01 5.602291793344587045e-01 5.734242384834260520e-01
5.351048001980873714e-01 5.414476523441781319e-01 5.583972675271896557e-01
5.506297362219298996e-01 6.054442466460698835e-01 6.358781970080966683e-01
6.242206691009825059e-01 6.339289057799565308e-01 5.085652663807289642e-01
5.177475909789349684e-01 6.002438300515950953e-01 6.064354340624101836e-01
5.818311005777907496e-01 5.850198003877806752e-01 6.058184887888105052e-01
5.950099636190379071e-01 5.451838423411147216e-01 5.049436893587727626e-01
7.318403515111349122e-01 6.945133331204055294e-01 5.251862229150886519e-01
5.637188853356769336e-01 5.676384988289797651e-01 6.168411681324993401e-01
5.514013311487967473e-01 5.104008448136277964e-01 5.342487869227133812e-01
6.949260773149021908e-01 6.721956543972643638e-01 5.426712405015996499e-01
5.507012690580848080e-01 5.587369818843644920e-01 6.130174644783297211e-01
5.235723716767992642e-01 4.876151996952324263e-01 5.607899746623968840e-01
6.609286047308811085e-01 6.534187990906106247e-01 5.545977062752853737e-01
5.445916851603916919e-01 6.034518986926076245e-01 6.623408052850754402e-01
5.424570651556952505e-01 5.597100630380920094e-01 6.143803562771585902e-01
5.336029640020027998e-01 5.001197473186982378e-01 5.487450928218192692e-01
6.610227197968201462e-01 6.580653254938995111e-01 5.463657102479380079e-01
5.381121002201669778e-01 6.015017083493219285e-01 6.571197702830313681e-01
5.257543714946268931e-01 5.470842468150025617e-01 6.242863932485561707e-01
5.194578836031040758e-01 4.811855975182680600e-01 5.704691494837590415e-01
5.102543582826174484e-01 6.575101763068094129e-01 7.245694959134079127e-01
6.395377323477197118e-01 6.389792013206047061e-01 5.667934784974688611e-01
5.343710896489095585e-01 6.039009080431907428e-01 6.429684190688899070e-01
5.386613778304684130e-01 5.665608896532030592e-01 5.922541487951709094e-01
5.240918851405461654e-01 4.962638885071801176e-01 5.439858744482278796e-01
6.615720768970262400e-01 6.723725856244954224e-01 5.238210188329573969e-01
5.305083067146807441e-01 5.622875193516608805e-01 5.955220633525304397e-01
6.578421787893078410e-01 6.715445156045851682e-01 5.189900760490658849e-01
5.364637119233126583e-01 5.730923762221216133e-01 5.648683196858317324e-01
5.293551248613465043e-01 5.160183012782463274e-01 5.069010793093438050e-01
6.271989322856740268e-01 6.403825455932142807e-01 5.474709295577959711e-01
6.275652918372780498e-01 5.726748840032291898e-01 5.700269816206411377e-01
6.412458524592061782e-01 5.911469912869898868e-01 5.420798502432133681e-01
6.206577725169670767e-01 5.736322271535840844e-01 5.592776918591839674e-01
6.473935247869982978e-01 6.010727705942046084e-01 5.289368295882931337e-01
6.204902668903854446e-01 5.795005512446027574e-01 5.594978382025372898e-01
5.985819036324944165e-01 5.670285049073915395e-01 5.674814044101665900e-01
5.932810864020894304e-01 5.660859400392681540e-01 5.560736900904288404e-01
5.894269084694750971e-01 5.630234656519415015e-01 5.582755048863243807e-01
5.908434357771458201e-01 5.626253634383124869e-01 5.527362277191526507e-01
5.462241558289185894e-01 6.236507466421984391e-01 6.713395662603579561e-01
5.828458105911763498e-01 5.555333946964416958e-01 5.655543728154261984e-01
5.417823574247275786e-01 6.245127854760986752e-01 6.666842571064151013e-01
5.980052962789190740e-01 5.768432990536884741e-01 5.357317472278242398e-01
6.073298056938415401e-01 5.913268166118406111e-01 5.122511377283662792e-01
5.843276350182986523e-01 5.740055364361115187e-01 5.284081409879302083e-01
5.810184057440892502e-01 5.719513873022101791e-01 5.269660004563108124e-01
