5.957138440175601124e-01 5.968990208906268524e-01 5.729090671630657772e-01
6.251578510886748319e-01 6.361945770088267560e-01 6.118722224040549218e-01
6.575859954685285835e-01 6.620426595728409191e-01 5.724636024028275649e-01
6.365016793241254911e-01 6.598958476816847440e-01 5.935269093838766441e-01
6.315789340074635660e-01 6.540256749157103977e-01 5.994679306703109001e-01
5.702956464424318028e-01 6.113079074401828183e-01 6.353230235736890830e-01
5.900214472968334789e-01 6.171236124720088645e-01 6.136989957295450049e-01
5.987880768189508540e-01 6.196504347421687431e-01 6.011580160076523960e-01
6.148546248943691506e-01 6.273649137522144814e-01 5.833747788358421005e-01
6.162609342658919021e-01 6.273640739310242243e-01 5.824971439765895820e-01
6.237608957109304075e-01 6.364992738719946752e-01 5.728881619610431963e-01
6.136574838701448487e-01 6.249798310986834915e-01 5.843576254980074047e-01
5.920727483372714151e-01 6.246466936300358874e-01 6.079524159985483234e-01
5.792760275413408877e-01 5.667208585588019432e-01 5.824955619536000828e-01
5.697276321569968438e-01 5.530619248264777577e-01 5.961117375293351062e-01
6.116430255581759567e-01 6.188734535360093103e-01 5.680404845208043563e-01
5.489207253811699827e-01 6.096550115796145475e-01 6.420207847989916061e-01
5.582171057335977293e-01 6.134445032921650443e-01 6.248214716067287400e-01
5.957014352936231827e-01 6.279836913135202758e-01 5.805400479762626853e-01
5.972896306561489288e-01 6.275696188448607327e-01 5.778282131317930004e-01
5.950622869600158404e-01 6.246477872723534830e-01 5.793310636051192120e-01
5.975215202623432864e-01 6.218158550069748935e-01 5.806866892745842224e-01
6.001653541567135708e-01 6.199718157550994091e-01 5.752548299148884103e-01
6.046470466716136194e-01 6.215320450605813507e-01 5.726366312173540862e-01
6.088385157235967071e-01 6.122836853097608500e-01 5.738495490543362720e-01
6.184246837772033878e-01 6.172713331771890743e-01 5.630310470781823007e-01
6.291874197699642846e-01 6.240288295364987414e-01 5.516697627516257141e-01
6.476598468331981051e-01 6.349748335607250382e-01 5.317831275634653521e-01
5.569976192026436790e-01 6.876879830859907727e-01 6.725028625503566282e-01
6.160938494607512972e-01 6.379921273000654924e-01 5.978184256233437521e-01
6.058576095704449882e-01 5.771009013496430917e-01 5.432908015591182416e-01
5.986966791412910993e-01 5.695178981243838034e-01 5.511862808618310794e-01
6.050162520272502897e-01 5.826377184241152696e-01 5.576953482674514850e-01
6.098861241914717013e-01 5.882201481566086132e-01 5.529156935013257446e-01
5.873681393089952296e-01 6.052061737339848868e-01 5.895867236150902357e-01
5.885112586737710760e-01 5.976575524571581255e-01 5.896443778514538492e-01
6.060395406745463509e-01 6.121777931351619628e-01 5.918934993051452320e-01
6.328796367531533962e-01 6.201204299745364246e-01 5.639748295615987228e-01
6.454654850413592548e-01 6.326335374069604889e-01 5.494184889350911538e-01
5.756151106110681814e-01 6.087938226014460996e-01 6.181743342179596423e-01
6.394861650487368987e-01 6.228052140501544320e-01 5.544135672554810768e-01
6.432231287196330527e-01 6.214884955379931242e-01 5.503230076298187834e-01
5.800384030440238758e-01 6.162323360435895125e-01 6.198985797430002220e-01
6.506987089748129671e-01 6.378453867403814925e-01 5.461047340737498201e-01
5.847601797631500897e-01 6.471519642058869426e-01 6.394048776528932221e-01
6.046651840583193716e-01 6.235713514376736155e-01 6.278683744460101801e-01
5.335636482672685421e-01 5.941103312276373449e-01 6.359375000000000444e-01
5.533249813144709428e-01 5.937447773034314480e-01 6.069952014633053228e-01
5.763936981161894568e-01 5.686308754047414427e-01 5.902655375123870840e-01
5.820430164540256746e-01 6.060879127815577139e-01 5.944454696576768615e-01
5.925393867516499657e-01 6.216456170666294634e-01 5.807260048382717477e-01
5.524336035210072327e-01 6.029826257309027771e-01 6.380524818751470706e-01
6.439016776632393579e-01 6.218767353868283054e-01 5.455367050319054334e-01
6.005075404786178739e-01 6.206405154401111179e-01 5.865025791416831336e-01
6.628055563494968938e-01 6.435569550869901789e-01 5.316594235702307714e-01
5.619466933310901524e-01 6.096908025038954015e-01 6.382823629288112421e-01
5.893940865481572811e-01 6.210545226371975147e-01 6.073529183948039867e-01
6.047490153537773416e-01 6.480030175595592468e-01 6.066782361552728320e-01
5.990765244062209449e-01 6.393393482510346670e-01 6.211003251642790435e-01
6.030730642125663454e-01 6.431978421037601867e-01 6.225064414183680839e-01
6.129049339826916354e-01 6.525289532325314612e-01 6.134710963624165903e-01
5.993894892011945030e-01 5.672583841890816991e-01 5.664514606467385693e-01
5.705553454934262358e-01 5.885827387249080722e-01 5.838556852729237523e-01
5.954924061158199944e-01 5.647821261905311419e-01 5.712144816103276179e-01
5.698032695015354809e-01 5.885101488972758199e-01 5.887155907898473650e-01
5.999719788344860527e-01 6.009783947621345490e-01 5.820067527322937417e-01
5.531939919481539958e-01 5.954175851573524358e-01 6.345538167095440274e-01
5.630418529565436314e-01 6.095716297315608712e-01 6.170427473716190159e-01
6.067875500615840245e-01 6.103993817789975518e-01 5.711969935013098132e-01
5.692786345545047810e-01 6.195569028807377254e-01 6.050907262031320899e-01
6.071034603577766253e-01 6.128084041926115111e-01 5.703155014674168299e-01
5.872079410898369822e-01 6.171304712692955441e-01 5.931003086328550111e-01
5.826491206685823210e-01 6.109076022126173067e-01 6.034781261466858338e-01
5.838864878045024742e-01 6.133318757364536467e-01 6.107074461432797641e-01
5.896464871571377442e-01 6.219699935030956750e-01 6.086166779696974283e-01
6.015538163780254077e-01 6.061619481979738655e-01 5.809006549648081386e-01
6.073128740943168902e-01 6.112323825773212649e-01 5.803121907815609326e-01
6.061848673246020835e-01 6.098299495810937110e-01 5.839463275641542106e-01
6.060223712145904607e-01 6.098952324547081139e-01 5.858646980727223452e-01
6.040762239476247242e-01 6.086692098272009632e-01 5.921099164459184827e-01
6.011048413811118651e-01 6.060723196327587603e-01 5.968712882221826055e-01
6.069780291167115038e-01 6.131519029849693547e-01 5.915530073530869126e-01
6.042538397935427463e-01 6.099556298692706546e-01 5.976078569455984812e-01
6.141163185252309642e-01 6.228327478743755918e-01 5.840946232123119808e-01
6.140280357118821364e-01 6.237466926676731305e-01 5.848545235802977693e-01
5.458399936557263299e-01 6.129165492307495633e-01 6.440297405886091786e-01
6.699970623961319927e-01 6.259434426107797211e-01 5.339554392076453215e-01
5.769020216198216255e-01 5.936688809783163823e-01 6.413642224365790900e-01
5.751522247901007523e-01 5.882800963906934522e-01 6.467612918084010287e-01
5.825279511125728282e-01 5.958789173160917718e-01 6.388353402415334337e-01
6.176222246678707561e-01 6.528413940536460514e-01 6.565829433914094349e-01
7.470464537445415942e-01 7.050069626552020186e-01 5.373538602069857228e-01
6.350444844571568881e-01 6.584896189928672872e-01 6.348829455507440933e-01
6.992042676273942936e-01 6.947241988984832473e-01 5.722831353815506228e-01
5.893977584463380159e-01 5.865638985246640624e-01 5.808793146825069753e-01
6.163643365774728045e-01 5.770479586487372581e-01 5.588515198926122807e-01
5.986283191109529334e-01 6.051032034799067594e-01 6.523734861326112577e-01
6.561096770327270455e-01 6.450554767430631831e-01 5.860769730571950831e-01
5.862967654402234663e-01 6.054968360543008243e-01 6.748891040263493846e-01
5.869330571178527078e-01 6.039170770771463692e-01 6.723857279402254417e-01
6.120520401690270340e-01 6.266697165956043314e-01 6.273042514694022742e-01
6.087793309473682468e-01 6.244709058366025856e-01 6.307245203164670855e-01
6.233755277492466496e-01 5.869194492163930521e-01 5.211310043207998399e-01
6.082068383466672223e-01 5.730807015813802474e-01 5.891754734630839652e-01
6.248800021625983137e-01 5.863681266484721544e-01 5.756092800893426453e-01
6.263670687147369076e-01 5.799473504635623833e-01 5.771333825227045189e-01
5.825922452070043667e-01 6.205802641263215014e-01 6.614414076535739540e-01
5.775376863627820212e-01 6.035336768531716078e-01 6.681117233845867975e-01
6.078176013345896189e-01 6.043150021571812580e-01 6.274097785878598454e-01
6.695673603922329686e-01 6.414894764689474949e-01 5.606788766968137105e-01
6.883774644719018454e-01 6.435275114092092741e-01 5.474714145474162130e-01
6.361314192864535588e-01 6.467650487759906142e-01 6.206121247314854150e-01
6.180553506562799226e-01 5.782432795709387952e-01 5.175188015952195686e-01
6.135435558427889680e-01 5.636284783231358952e-01 5.597733688504120675e-01
6.118345471201317443e-01 5.660315222744808361e-01 5.536068563306095758e-01
6.129755965468137724e-01 5.754894825617645759e-01 5.820300265051747690e-01
6.205913920646038973e-01 5.739749019332346380e-01 5.757200427519622021e-01
6.214431372633951733e-01 5.889555559352457337e-01 5.863581651036740006e-01
6.405986838322117460e-01 5.980594109106969203e-01 5.607558709759180582e-01
6.872775870933676146e-01 6.505267438124675561e-01 5.490184161005446928e-01
5.965942394155300255e-01 6.145846701521371358e-01 6.670476312809745512e-01
6.107911141252229115e-01 6.349721988523007177e-01 6.599877167243560772e-01
5.899242280082219736e-01 5.914927914560214051e-01 6.176563688265297447e-01
6.012193593986044915e-01 5.983278916990485419e-01 6.053802533549624831e-01
5.938372345425344534e-01 5.838624116826404142e-01 6.190020560405237182e-01
5.990355686383183054e-01 5.845264526714838427e-01 6.122349161727150824e-01
6.120636127637431034e-01 5.951581882401102419e-01 5.941804042397650365e-01
5.756045984473866506e-01 6.060189061117630116e-01 6.656501392499710734e-01
5.918401766851193457e-01 6.059865255028733522e-01 6.505161931542502440e-01
6.049984679623576778e-01 6.111402482470649211e-01 6.290248410516143807e-01
5.803346002429431438e-01 6.122904519322290851e-01 6.732086213263351882e-01
5.933518763006163654e-01 6.512080649876192950e-01 6.815004996555218408e-01
5.919476979974088726e-01 5.975041360102830712e-01 6.242870447562763880e-01
5.952466248759306078e-01 6.072519625721909398e-01 6.370231955476948205e-01
5.911207540557241735e-01 6.007794477545940204e-01 6.498620030546581328e-01
6.824150552547110227e-01 6.392913739286990582e-01 5.586263830160136390e-01
6.943494228035342886e-01 6.522515406072599831e-01 5.472700357235660285e-01
7.184803520930662657e-01 6.812692378785387692e-01 5.494558186603293315e-01
7.238187662774935305e-01 6.862690544306877527e-01 5.485805861987673726e-01
7.174908400091258853e-01 6.777821092788783863e-01 5.595914458072873687e-01
5.745029847061383643e-01 6.176139704796530516e-01 6.345312499999997691e-01
5.701768557002084847e-01 5.865437381074428691e-01 6.413529645452216155e-01
6.105105300573784310e-01 5.776729195054974841e-01 5.958561603494618719e-01
5.743431749481653359e-01 6.177463760287761341e-01 6.373437499999998757e-01
5.693770427412083723e-01 5.857282910500605233e-01 6.463406603729707767e-01
6.234854176443627161e-01 5.917952571893438929e-01 5.793084815688320788e-01
5.922158127945262862e-01 6.008995384113303695e-01 6.309669917513943682e-01
5.953468784694810889e-01 6.034335920821417565e-01 6.473143604285235275e-01
6.051222867460545052e-01 6.159794039576085289e-01 6.326536846025512251e-01
6.037046846702618375e-01 6.143588098384650253e-01 6.374023658934296899e-01
6.025566261153093572e-01 6.164699100582496927e-01 6.383782215656703674e-01
6.682951130746712654e-01 6.547402860130300262e-01 5.711680857475824880e-01
6.257342000205837751e-01 6.467550117952136635e-01 6.264557955505206666e-01
6.335857132484840060e-01 6.541242156658795270e-01 6.191896000308382275e-01
6.377743244319531435e-01 6.593794300279893772e-01 6.133753370576496833e-01
6.357466152332016396e-01 6.560838306307846812e-01 6.213127835122079778e-01
6.280695055830594065e-01 6.476603795827960974e-01 6.374937822617406935e-01
6.382900495143770669e-01 6.582123672241413370e-01 6.278467531582627714e-01
6.350556073107528343e-01 6.551843036087984240e-01 6.323571580003621850e-01
6.362041894801216957e-01 6.590720209828938581e-01 6.319004220466208910e-01
6.020008545134037936e-01 5.475256691894135885e-01 6.114932395136827292e-01
6.226098616437785171e-01 5.691382531261960365e-01 5.874596986395922427e-01
6.103324521941138059e-01 5.575626053618782940e-01 5.988218013565967945e-01
6.268949054327414006e-01 5.750039746398927232e-01 5.810032933257825993e-01
5.943779539944928914e-01 7.073522685751802985e-01 6.828480697207588435e-01
6.654446825678841382e-01 6.228201770685366512e-01 5.623721855325333197e-01
5.745942658264746594e-01 6.249995523518078189e-01 6.557491289472776597e-01
5.799728754763365801e-01 6.299312813664195154e-01 6.523001913728497803e-01
5.704834872399291434e-01 5.738307581839210414e-01 5.743567642522112715e-01
5.913640153571662061e-01 5.894922915773406213e-01 5.447251796174165106e-01
6.006904587040187149e-01 5.975517323623380506e-01 5.364698308642061875e-01
5.270677869093223222e-01 5.375847570214304927e-01 5.377970719742324324e-01
6.015999368003434045e-01 6.557623909286505182e-01 5.870421961367696673e-01
6.039524293580561531e-01 6.493364633818867748e-01 5.888542867609323217e-01
6.009078131066735162e-01 6.295899025632436530e-01 6.019958762442025879e-01
6.163764689499096061e-01 6.362531691097434994e-01 5.853357734543053192e-01
6.353989942895134080e-01 6.527198712785480250e-01 5.588374213624702769e-01
6.404249557464261056e-01 6.587080233449590372e-01 5.550164036201203910e-01
5.257676737735500483e-01 6.093935558820902099e-01 6.414064863783365267e-01
5.196336439634646753e-01 5.949302134390920260e-01 6.563235368747996068e-01
5.523826733239114439e-01 6.089549884401290747e-01 6.097432373473619105e-01
5.560537723911778141e-01 6.115966352329285094e-01 6.054481052161262422e-01
5.577296122462080952e-01 6.122319254713286529e-01 6.038928041996415308e-01
5.653995377527905042e-01 6.151215695643978965e-01 5.956281738236050005e-01
5.714167940186801742e-01 6.179252675565665154e-01 5.873794046830250748e-01
5.689017257552128060e-01 6.087512747578822658e-01 5.956798898063772052e-01
5.835717568422867929e-01 6.179749677917373285e-01 5.799845906029840181e-01
5.793095925880757946e-01 6.092658336987850642e-01 5.872078113494245688e-01
5.900526250115064597e-01 6.157357322535963462e-01 5.726099990985885624e-01
5.960365073726672236e-01 6.169781092125455890e-01 5.667036167231713772e-01
5.918044270524553951e-01 6.274276381873029607e-01 5.649324336431004179e-01
5.072525639096333583e-01 6.559454234075489110e-01 6.945313591594919345e-01
5.888788356827860948e-01 6.229032622313885881e-01 5.701261942422630735e-01
5.855939832242506027e-01 6.209312509402662439e-01 5.751207163350289253e-01
5.845076709968042294e-01 6.203833814252484036e-01 5.693375132034000918e-01
5.378493210921974077e-01 5.320965413505567287e-01 6.038751520397884764e-01
5.755721945212171065e-01 5.656218452509811367e-01 5.509107570785014563e-01
5.647000815777574179e-01 5.555242697215462266e-01 5.659899461424601208e-01
5.565021490037103113e-01 5.727844484221666921e-01 6.097620047358738304e-01
5.152187499141529514e-01 5.851525148481375727e-01 6.528318108827072530e-01
5.117210051115355096e-01 5.788104739794794895e-01 6.593681294398560100e-01
5.103437487551258922e-01 5.670869432114222786e-01 6.743326445350162901e-01
5.092505238895441710e-01 5.635397913748653176e-01 6.785874177654946937e-01
5.378288923772442942e-01 5.745788642975204752e-01 6.341673521205937192e-01
5.374254866328462832e-01 5.734239967800159876e-01 6.305484119542940080e-01
5.420435526772239276e-01 5.785787371393789069e-01 6.282689424800018685e-01
5.310995221268287603e-01 5.650425054546128756e-01 6.454877953642295108e-01
5.316066216817216805e-01 5.674819850364716256e-01 6.397949021078411791e-01
5.397282900893214386e-01 5.727058284996228155e-01 6.296199549602741197e-01
5.497107210133482802e-01 5.836216124027531205e-01 6.158182262470629498e-01
5.479853250894716199e-01 5.787464516709160955e-01 6.192307465639081965e-01
5.498530879860646925e-01 5.790441060343896051e-01 6.181091839552903533e-01
5.519804746490247771e-01 5.790683279383830317e-01 6.151507072740683979e-01
5.524610019179199139e-01 5.767881899625763031e-01 6.169346624482461294e-01
5.540745598357945667e-01 5.750449953195080344e-01 6.191074935118519029e-01
5.534487638308012158e-01 5.661797192812703106e-01 6.194261797658152657e-01
5.570905307006328577e-01 5.672801569067769112e-01 6.152260960975765025e-01
5.665124586629990411e-01 5.758473102481433958e-01 6.013278997918490854e-01
5.663314983022257332e-01 5.730260026179478938e-01 6.042710089737661772e-01
5.734287213701426689e-01 5.796446152724679113e-01 5.923637184648127274e-01
5.772747004990517183e-01 5.829038835752449188e-01 5.881749643496789748e-01
5.100161209970479614e-01 6.380246864246892358e-01 7.211487696408649395e-01
5.137758072165882206e-01 6.442217308556436040e-01 7.126438289176850738e-01
5.950229106821106617e-01 6.348996552237540225e-01 5.772497598107727557e-01
5.907424254978536071e-01 6.289453408942291546e-01 5.841366199526376590e-01
5.494859016677204888e-01 5.402466748068459612e-01 5.480366676030212769e-01
5.619224669755463752e-01 5.503693393759383490e-01 5.673955762315702200e-01
5.580066934260440314e-01 5.449740846705282138e-01 5.613931095812645378e-01
5.551296665682941001e-01 5.436627291727388345e-01 5.649230677258845201e-01
5.946346192843539047e-01 5.876728118245624355e-01 5.389720978696865838e-01
5.705019147278771463e-01 5.703670484801016682e-01 5.911704252432362638e-01
5.372564722770851731e-01 5.652904016494324502e-01 6.259403150299128749e-01
5.574695464351249186e-01 5.849080586880766042e-01 5.978647199379265587e-01
5.655552531649581383e-01 5.916394312991594129e-01 5.855512697387802445e-01
5.673480612036904125e-01 5.883806579958124061e-01 5.881014899501100235e-01
5.260193536551435178e-01 6.579003898128978900e-01 6.868407720521985116e-01
5.098539463696730722e-01 6.510771670544417411e-01 7.051866721940123206e-01
5.372587970759461484e-01 5.368235722684352451e-01 5.954107436709893397e-01
5.423181783755723906e-01 5.513911567090500343e-01 5.892703060698899487e-01
5.591043932414204720e-01 5.921769215550237719e-01 5.850829791645429934e-01
5.696657336765680313e-01 5.970646155934264954e-01 5.711102946190096397e-01
5.317392269989442699e-01 5.679805169752347727e-01 6.430847547798763664e-01
5.573344731691297627e-01 5.908843545544144593e-01 5.971969517919489823e-01
5.722849362704994780e-01 6.001729474650726592e-01 5.824968135979418093e-01
6.015853906572131704e-01 6.021215406083868515e-01 5.608910031127974927e-01
5.370251120761102559e-01 5.955209929240604660e-01 6.322218324347923524e-01
5.571095725569071844e-01 6.078140827953416592e-01 6.060578837952487197e-01
5.893648075481422444e-01 6.472133496601806257e-01 5.980182779692914119e-01
5.749711296530907179e-01 5.629661601003668192e-01 5.548501665527199034e-01
5.233942649867666663e-01 5.548382379663996389e-01 6.204461242533405585e-01
5.820913513516901006e-01 5.655777570537658949e-01 5.875332032616851219e-01
5.811456267066145154e-01 5.662171494401035954e-01 5.927816704779396151e-01
5.269673477609261303e-01 5.956984760045963556e-01 6.313559973161175787e-01
5.189187611992009952e-01 5.735101282190906424e-01 6.557063895776731322e-01
5.088109768782563824e-01 5.843932690852280398e-01 6.622452058575863942e-01
5.634566359210630981e-01 5.856385590169271849e-01 6.045802897963800104e-01
5.213876761594403719e-01 6.035925079064383691e-01 6.495774892637549147e-01
5.277491210642802910e-01 5.970451647259594763e-01 6.451695212644961153e-01
5.419154636136408465e-01 5.925725589548027639e-01 6.264440281576221237e-01
5.544632648445630974e-01 6.106247548722744112e-01 6.130565839775421466e-01
5.229506505106094050e-01 5.503198634145269885e-01 6.515476702844770207e-01
5.259785297619253841e-01 5.548899337410801991e-01 6.499287954772763332e-01
5.337616841115251365e-01 5.669060206961237247e-01 6.335345801294332002e-01
5.221868622052753262e-01 5.844185725998386483e-01 6.447380312953028270e-01
5.284530364890924758e-01 5.627722715904994732e-01 6.396723117300837647e-01
5.175066292461629747e-01 5.789679409881057781e-01 6.510818642774565124e-01
5.859229606152783765e-01 5.744030302434961488e-01 5.856801145195522640e-01
5.653154966393892922e-01 5.977501363779818000e-01 5.917695397531017587e-01
5.802960327989624689e-01 5.692963444415902741e-01 5.940915251256506657e-01
5.716441715604729801e-01 6.064806862100220464e-01 5.814718847835860238e-01
5.980408379184275480e-01 5.952664716639031184e-01 5.659944459049390808e-01
5.252926813839537967e-01 5.862041385671209470e-01 6.485610303747325611e-01
6.122479266124156716e-01 6.127143290107982532e-01 5.477965286905192022e-01
5.311111594178699047e-01 5.952300133494821122e-01 6.366199652495747596e-01
5.815844563275772705e-01 6.121558636622936866e-01 5.791588505854492475e-01
6.114735794641432687e-01 6.204135828950891884e-01 5.482216629899436811e-01
5.796965761562743458e-01 6.128679306560607110e-01 5.792140449124325574e-01
6.174693752405436831e-01 6.293284312765483612e-01 5.445967312029343921e-01
5.524030597524475228e-01 5.586057598468512353e-01 6.151718442754746663e-01
5.547383448589934263e-01 5.627158258320212880e-01 6.126529212237741273e-01
5.184501167387146614e-01 5.691102371661567183e-01 6.548058418779841849e-01
5.175877391641723335e-01 5.681965869427819671e-01 6.528200273312877444e-01
5.201764428100834614e-01 5.717451032505260766e-01 6.573650289087697995e-01
5.597457415526334579e-01 5.697635387092336856e-01 6.079300472132029842e-01
5.162448946558346741e-01 5.695916391525708278e-01 6.586733750735954684e-01
5.581081097835285387e-01 5.694325667216550979e-01 6.072520705485471293e-01
5.173658841138140119e-01 5.702867857356634929e-01 6.574648054564491417e-01
5.607043681371760568e-01 5.749821151943946829e-01 6.062746289411726774e-01
5.081564037422091618e-01 5.580460624741564457e-01 6.778174304595229183e-01
5.501786072948904316e-01 5.624759007691235713e-01 6.225211433962736240e-01
5.292196774631193756e-01 5.656489391425634228e-01 6.427827321651833348e-01
5.295005961193837152e-01 5.621428910599371997e-01 6.484996458505911665e-01
5.397527155110420916e-01 5.755556179628643632e-01 6.315482524587057167e-01
5.377787288584834346e-01 5.744144945606479702e-01 6.349424761352289170e-01
5.369102640811600491e-01 5.734814789405865421e-01 6.380913936135268472e-01
5.366487422006349650e-01 5.762385712849746877e-01 6.358043157421593428e-01
5.346287503212641123e-01 5.756696093200766029e-01 6.428720963659703136e-01
5.399835998027705530e-01 5.831057185179403524e-01 6.351896455756629312e-01
5.450716449087158466e-01 5.897285808274158603e-01 6.235776243270071406e-01
5.502995438309797871e-01 5.966904046671035466e-01 6.134977139831054860e-01
5.529901530442445923e-01 6.029902983286734575e-01 6.080193747056226172e-01
5.636369789133881536e-01 6.187804222567024892e-01 5.964536348706570568e-01
5.524407494587462164e-01 5.655430248313381147e-01 6.202523153848017445e-01
5.561487891695506836e-01 5.689956683180580344e-01 6.153632568453965002e-01
5.642656069924687490e-01 5.782771671647282119e-01 6.041333639410121359e-01
5.644382064864634785e-01 5.776261139578614534e-01 6.057146433359547055e-01
5.653808523501397953e-01 5.805353205788055249e-01 6.038431125476635408e-01
5.627125861932785744e-01 5.774652996862460475e-01 6.087091377233326828e-01
5.629206314559035418e-01 5.781741223834996335e-01 6.089181466810805743e-01
5.639791717016200412e-01 5.787915898465355591e-01 6.074216098537522646e-01
5.616473377697885905e-01 5.800189300318111529e-01 6.107751919256849682e-01
5.628943711411161788e-01 5.818928284825903852e-01 6.050464915609693461e-01
5.613039324348521042e-01 5.801428883689623284e-01 6.120147496483809846e-01
5.562518697908677145e-01 5.725118760283188779e-01 6.210185297912335090e-01
5.843361269243636524e-01 6.077526799306496308e-01 5.784142790848577631e-01
5.807973670426896939e-01 6.048445928767373081e-01 5.827658767856884747e-01
5.803148209357746889e-01 6.050232023565078610e-01 5.830481564917313619e-01
5.871106734186701814e-01 6.133751738713394408e-01 5.754602516534524925e-01
5.850588057019866506e-01 6.133502428155040986e-01 5.758968777704622788e-01
5.888180285731660080e-01 6.186418898020820123e-01 5.723105175833772540e-01
5.744285759794121038e-01 5.813311992430321151e-01 6.335622066647532691e-01
5.788048406904338083e-01 5.842625734344414346e-01 6.300774719985812178e-01
6.015284296308298639e-01 5.868169703314187746e-01 5.974306944324965229e-01
5.733211836127755090e-01 5.965912860465940604e-01 6.213811971808065326e-01
5.704098750802153450e-01 5.927757152431888388e-01 6.263791928457160818e-01
5.788076519326411651e-01 5.974924043154682396e-01 6.169846825998449580e-01
5.769629682911400215e-01 5.939255961949746476e-01 6.209904836744367662e-01
5.760575589650611672e-01 5.933299139651564413e-01 6.208895674173017243e-01
5.799359635818638337e-01 5.972268068157826626e-01 6.170463764479056090e-01
5.682094191277240469e-01 5.353349857285683022e-01 5.644898851576194421e-01
5.956495408823674342e-01 5.924072958722401694e-01 5.712465667867999697e-01
5.955917066578870767e-01 5.881529072531821445e-01 5.753252719638041190e-01
5.943353491539166145e-01 5.858654402391074711e-01 5.782157559435875394e-01
5.711665234360843169e-01 5.481665734684928459e-01 5.730008507991741773e-01
6.609501769112852143e-01 6.578603610606910124e-01 5.981617864137764862e-01
6.144006809042416029e-01 6.355928892303842614e-01 6.477772269775696756e-01
7.390398962856437048e-01 7.227724168006706140e-01 5.173628851070766199e-01
6.060916730911420913e-01 6.540333756082170602e-01 6.418997878602077378e-01
6.100158932067405448e-01 6.551396392513774147e-01 6.416787771376610827e-01
6.151755781611637497e-01 6.607415072512350385e-01 6.364567435040002774e-01
6.472396782439517882e-01 6.643682449357095621e-01 6.039830380940043320e-01
5.658005993919269505e-01 5.631371725251083094e-01 6.069451107595852379e-01
5.939389213346762952e-01 5.619134133981922297e-01 5.657434856329420780e-01
5.943996154264702403e-01 5.592475532872952515e-01 5.679583191970141165e-01
5.543863698861163369e-01 6.024817616041083790e-01 6.928348033116252802e-01
7.119781064395589443e-01 6.839788737027169274e-01 5.110145610144756212e-01
6.011091642042247774e-01 6.219223493679555403e-01 6.273567082402787820e-01
5.619061652151424724e-01 5.960265716878420106e-01 6.779303358486341580e-01
5.980850946700284609e-01 6.315790340394520364e-01 6.241470204871145677e-01
6.000394893869633872e-01 6.327244191645305937e-01 6.223840553075579152e-01
5.996694003084800384e-01 6.313360961659605364e-01 6.234305344594754938e-01
5.979162710475439679e-01 6.286723512800217462e-01 6.260149967765793466e-01
5.716980731347376388e-01 5.677927951458003886e-01 5.811180763714882680e-01
5.773645593063880810e-01 5.791401621744894923e-01 5.968687205104897808e-01
6.125040591230866971e-01 5.829276449406917138e-01 5.646297144283187741e-01
5.999200682170974241e-01 5.682582679253294078e-01 5.839450190377951655e-01
5.604168085822696099e-01 6.014831639166245969e-01 6.575078603178527992e-01
6.667918762628479712e-01 6.413487909912263252e-01 5.366382712063103577e-01
5.998662264771732477e-01 6.328347742337799842e-01 6.444042375014809032e-01
6.928841712989370905e-01 6.841787161802568296e-01 5.400866049292993853e-01
5.814682364638945611e-01 5.507177781285252927e-01 5.469312324274251402e-01
5.835725543073964072e-01 5.491724647929102643e-01 5.697869758008902163e-01
5.856078110610899445e-01 5.737298991112190771e-01 5.890911809736103510e-01
5.987256685941866330e-01 5.777518453257985964e-01 5.673974278245514924e-01
6.275875469654109695e-01 5.864139655752835800e-01 5.381623497273178014e-01
5.896561605084552626e-01 6.067381272563596717e-01 6.138196621910406714e-01
5.843311303031939463e-01 5.887795234716525217e-01 6.279228241729405413e-01
5.639221216166288020e-01 6.026314563216010889e-01 6.692939288652403063e-01
6.950436636804255830e-01 6.719222155667279317e-01 5.343996609494923167e-01
5.832996510898945663e-01 6.385917878553155624e-01 6.706741967027276541e-01
6.051445221152671472e-01 6.364893508962835567e-01 6.479557040180954353e-01
5.553201117834133393e-01 5.496913319817384735e-01 6.228717074975776979e-01
5.764225198445910303e-01 5.573204151440156462e-01 5.978192132416001447e-01
5.708439031974158473e-01 5.678629259512263383e-01 6.062369445976123483e-01
5.951720196090862780e-01 5.785208058962111322e-01 5.835126691197748405e-01
5.911612883898219595e-01 5.674908107470668650e-01 5.975503783327387186e-01
5.617216656870092084e-01 5.884615079552538708e-01 6.351571501936799091e-01
6.142171848022310865e-01 5.948524853247101341e-01 5.746409802887670892e-01
5.912110507551976424e-01 5.892761825801713371e-01 6.016859008640280670e-01
6.173557321731253378e-01 6.084085481447245591e-01 5.724217113904443988e-01
5.648394445440246825e-01 6.032647098824870380e-01 6.495490951097340204e-01
6.296584374067122347e-01 6.205418512356927208e-01 6.033502454209649368e-01
6.340942859465019676e-01 6.334391291618030051e-01 6.006383552883869381e-01
5.918284449717379214e-01 6.414498912144269704e-01 6.485167348619119698e-01
5.948413977830286914e-01 6.443869386839075064e-01 6.562445431784527106e-01
6.149591444356101722e-01 5.725111618034164351e-01 5.683621392087393476e-01
6.307133692475579423e-01 5.906367923173111434e-01 5.498220723845395064e-01
6.592984167819674335e-01 6.258921180518668415e-01 5.230182215201925056e-01
5.724509994391453471e-01 5.977199175588021607e-01 6.328903578427074184e-01
6.153068876363738671e-01 5.995667115630199939e-01 5.891602933577387846e-01
5.658935812978505009e-01 5.912358040740763876e-01 6.473951917092127806e-01
6.276819018725784405e-01 6.145401416103655201e-01 5.744166020865673072e-01
5.818804031393831622e-01 6.121231486320146686e-01 6.266149521422280655e-01
6.367919520909997022e-01 6.248690658964866085e-01 5.671942644054384086e-01
5.817812963365640577e-01 6.196302448739680058e-01 6.442017959233606872e-01
6.524046246610755162e-01 6.469136448787953242e-01 5.657122487293568813e-01
5.969104481352029978e-01 6.469781198822917023e-01 6.552890182299752064e-01
6.393809197907880382e-01 6.391930854254772587e-01 6.189743878593272353e-01
6.689517601660806001e-01 6.358214306235543400e-01 5.214374934267800299e-01
6.878868498449574043e-01 6.559881323668020903e-01 5.118852592830367421e-01
6.969857193780865101e-01 6.655741225385469750e-01 5.128261313306865521e-01
6.998991059008182747e-01 6.675752623909351202e-01 5.159957964149443077e-01
7.060054240000962489e-01 6.777384379876728593e-01 5.135480528741029893e-01
7.255253794516343113e-01 7.047719296839330960e-01 5.165142307704696512e-01
7.210046531770967215e-01 7.008759139305292818e-01 5.221578129775221733e-01
7.126173744939712229e-01 6.926456952198538630e-01 5.367611668751243181e-01
7.311533348216373573e-01 7.077373878660603301e-01 5.224977057710363804e-01
7.370829074162287275e-01 7.158106166321676067e-01 5.188903014389742996e-01
5.912689561064242705e-01 6.021309344464459423e-01 6.338572057771574286e-01
5.958045707058693408e-01 6.063279790393157898e-01 6.293724949244894340e-01
5.980975272990034508e-01 6.094274308237720428e-01 6.279169239239413836e-01
5.978618337970831309e-01 6.094862619966938677e-01 6.300317358853988470e-01
5.977091169608690358e-01 6.151304525252372368e-01 6.291895991301460489e-01
5.883738633263884132e-01 6.051028371949225271e-01 6.446247274144151218e-01
6.152720515052270134e-01 6.403169155944375968e-01 6.250757814768165277e-01
6.171789285775799438e-01 6.426388951159937024e-01 6.244960204906242485e-01
6.164643093914643490e-01 6.414148306256485244e-01 6.277532114433209687e-01
6.131702555576814540e-01 6.366740780151093348e-01 6.352801198087755230e-01
6.046081643663370198e-01 6.276366862990737649e-01 6.464832128343105389e-01
6.108860771775939114e-01 6.342386101753363370e-01 6.426585948262554249e-01
6.101045900321351301e-01 6.327223617487480745e-01 6.474239953279464777e-01
6.140369186037165639e-01 6.377466538904729143e-01 6.439198996091530791e-01
6.181051725084252269e-01 6.432519057253369699e-01 6.367533661984567939e-01
6.182870091543665181e-01 6.462030621289188703e-01 6.380551941211163314e-01
5.528745642493174683e-01 6.140287290410714194e-01 6.525783840250473089e-01
5.652636958970455039e-01 5.385515546439482160e-01 5.217935831585490680e-01
5.573054667616653690e-01 5.407466586936455766e-01 5.761134206727316354e-01
5.779106238838627174e-01 5.499349689907253591e-01 5.511726502409516337e-01
6.209228239496331625e-01 6.375760362554661054e-01 5.605976532030124693e-01
5.841630082658832990e-01 5.651280597855997678e-01 5.624510558413597927e-01
5.785937685189278534e-01 5.596298966129442665e-01 5.656501149133582595e-01
6.182461055027399510e-01 6.182917005368177010e-01 5.518596309814132184e-01
5.969886500942843677e-01 6.066905045253058182e-01 5.734116710066172740e-01
6.376293195659464841e-01 6.305228417329498125e-01 5.319056026271685722e-01
5.364659898283995476e-01 6.728422312994255527e-01 6.795092542666236746e-01
5.933336661565229431e-01 5.738817227456975978e-01 5.350962032607229357e-01
5.849212152281451083e-01 5.621453900164524731e-01 5.498638825792308005e-01
5.631859329468061892e-01 5.894014071126938425e-01 6.104119795143969629e-01
6.083695316852842927e-01 6.141525432176334620e-01 5.701790201652605639e-01
6.257622449471423876e-01 6.263397334723085352e-01 5.543507435939353245e-01
6.122316425784726235e-01 6.273816484625329704e-01 5.622232281319965441e-01
6.105290162351748595e-01 6.222403796566550183e-01 5.639784636196992773e-01
5.532227990230860204e-01 5.691007203007616422e-01 5.866440628752228603e-01
5.692290427882102932e-01 5.790143383219208406e-01 5.683053945345916125e-01
5.984804748346075343e-01 5.989660916555835657e-01 5.299753475850575990e-01
5.710712901997035962e-01 5.947405564279700796e-01 6.009073562594914319e-01
5.450993576942395613e-01 5.867932198838685665e-01 6.395025360905093326e-01
5.351877416747631289e-01 5.839582377885885744e-01 6.534632544953269395e-01
5.575911937061015511e-01 5.572181869158481238e-01 5.750822408020532794e-01
5.746833428989041037e-01 5.535606557712050568e-01 5.640549839313916403e-01
5.837840489677064149e-01 5.777178070192859893e-01 5.521647359720501802e-01
5.954511137978042434e-01 5.757803646783141716e-01 5.433970010674106232e-01
5.844451405973084546e-01 5.801894874936877056e-01 5.547991351990783082e-01
5.877731574546846138e-01 5.696824801535234073e-01 5.533160751823213985e-01
5.268308682210375293e-01 5.974515993016452642e-01 6.566238300402716943e-01
6.173856434446067798e-01 5.996384523082682882e-01 5.596249069995702374e-01
6.163580956566919733e-01 5.981269058740027456e-01 5.653604232706620492e-01
6.178021937075953707e-01 6.263870336269460326e-01 5.608638942803189087e-01
6.257455369597223482e-01 5.881200349348341128e-01 5.885370901094958418e-01
5.783030391263733749e-01 5.961416901909886157e-01 6.282794404188830617e-01
5.799839707381975185e-01 5.943918896191628942e-01 6.282016515424867498e-01
5.926035937523145281e-01 6.068715076351842708e-01 6.094730685133445958e-01
5.889008084289726330e-01 5.962331269817237045e-01 6.198383956259784222e-01
5.842923370219954560e-01 5.880073881351748355e-01 6.296516766954702859e-01
5.829269797365946859e-01 5.865034003365715565e-01 6.304711655041005391e-01
5.917804285047121304e-01 5.950364184220942043e-01 6.145852096701613920e-01
5.919012516718594741e-01 5.928255073031827305e-01 6.128508149746563216e-01
6.163508233660951463e-01 5.922964935647146989e-01 5.980242803549296049e-01
6.178513182583760255e-01 5.940276887945804551e-01 5.919261831984734545e-01
5.998207461889120129e-01 5.801072011608657819e-01 6.129862277467190701e-01
6.084202072780200421e-01 5.921088610568518984e-01 5.623815871423856194e-01
6.081044879072550202e-01 5.917070138570008631e-01 5.563343288660376196e-01
5.884078489521358257e-01 5.568229741514554298e-01 5.584487774438607888e-01
5.957900642607510955e-01 6.584251710756602316e-01 6.689025264128126702e-01
6.582353141568940691e-01 6.470639092098358081e-01 6.177094676818364327e-01
6.852849013219641794e-01 6.641964537349653863e-01 5.889565462811067187e-01
7.287011987637366239e-01 6.923771835691603371e-01 5.465997348825307744e-01
6.386787912002657164e-01 6.720464128970540241e-01 6.160807091620436049e-01
6.415429529792087138e-01 6.708311222289431441e-01 6.159116524935037695e-01
6.407939387283849708e-01 6.672521639678150596e-01 6.227027056588680942e-01
6.638889129598962713e-01 6.621414302697624654e-01 6.041135306667629878e-01
6.203614295028422321e-01 6.665143292672403019e-01 6.387994108924107683e-01
6.276915642390640260e-01 6.677456887672138519e-01 6.296428095221834331e-01
6.273763242747102398e-01 6.643271424585232010e-01 6.329751670283584319e-01
6.261239728427859808e-01 6.622198899528635163e-01 6.346718188681114148e-01
6.260688911663312428e-01 6.623745399704318304e-01 6.341504207377806068e-01
6.145540355079243122e-01 6.135414345786075474e-01 6.310771481937927918e-01
5.686557518159134350e-01 6.200750716957333930e-01 6.711751044667810806e-01
5.671932941394578487e-01 6.105498887312668099e-01 6.802480727784481207e-01
7.238772927029992754e-01 6.781035855802755030e-01 5.187206312840249023e-01
7.026074997063478378e-01 6.569587126995812820e-01 5.407758707610921256e-01
5.969050760899242691e-01 6.330508147170847977e-01 6.358394302668527454e-01
6.011437526924143793e-01 6.366112811056773291e-01 6.266349688354896363e-01
6.177499327600426415e-01 6.492274926680594582e-01 6.096285701499072340e-01
6.167649665454292274e-01 6.474762156773428146e-01 6.091309374523660169e-01
6.160251935851499550e-01 6.436042500820147172e-01 6.139704801170068338e-01
6.146097376875271356e-01 6.403306341116338229e-01 6.175221894951875568e-01
6.132246267510536031e-01 6.375981415781226680e-01 6.204355475297713696e-01
6.140596309415297105e-01 6.383385686508650236e-01 6.188899177797466677e-01
6.095421190900135455e-01 6.343538346539865369e-01 6.221472980773826711e-01
6.104803021111507855e-01 6.348498049603402693e-01 6.213655446018196971e-01
6.109037799066450170e-01 5.848304649791612464e-01 5.853242299742366095e-01
6.231303132163715786e-01 5.666601834915949709e-01 5.800639211139174689e-01
6.569830422191416108e-01 6.259218954869447682e-01 5.673366981133450837e-01
6.838280018050564291e-01 6.354610735519593545e-01 5.432947680210892250e-01
6.026728756601718029e-01 6.324659513280381784e-01 6.098611343372613014e-01
5.931415052322962511e-01 6.494646136925302793e-01 6.529189208836060354e-01
6.002250066188639099e-01 6.468871606519613904e-01 6.464355368492171738e-01
6.821515948999460344e-01 6.683597138487750167e-01 5.658199245832115087e-01
7.221441593451098928e-01 6.885545091198573830e-01 5.336479252226589143e-01
6.259361749007020803e-01 6.727505722317254078e-01 6.044622308659477472e-01
6.033993548975600252e-01 5.813861455543691825e-01 5.776224873723225794e-01
6.213200076214331347e-01 5.957165221701411495e-01 5.491447194985367153e-01
6.331494239847893502e-01 5.834433346765964812e-01 5.489414237051575274e-01
6.174792664381925089e-01 5.623401200102435826e-01 5.718128523424043097e-01
5.749918854360037690e-01 5.960889600585193016e-01 6.253034768039724689e-01
6.080973819466994890e-01 5.746764873405046936e-01 5.947109999861829310e-01
5.752098535501790622e-01 6.093520156365652696e-01 6.366289050510711700e-01
5.588964620401721817e-01 6.111691250566145817e-01 6.787489241719312227e-01
5.780044202548445531e-01 6.180984298719690573e-01 6.782030670548472306e-01
7.274846870578648428e-01 6.884144599925432484e-01 5.213873149658073691e-01
7.366174111548409176e-01 6.928887159874443924e-01 5.167782325983485414e-01
6.855590336236458970e-01 6.587158557843854068e-01 5.785360911247329208e-01
5.936510759526123504e-01 6.512644403821882255e-01 6.650329442931829371e-01
6.016284718733092562e-01 6.498837314368822726e-01 6.568664654796598779e-01
5.999825468159900588e-01 5.771002697679693538e-01 5.826113356985723746e-01
6.211264942934904276e-01 6.028224395797490143e-01 5.577364782873313054e-01
6.256739814886584927e-01 6.061420489436570858e-01 5.599330866848918342e-01
6.380980443566064420e-01 5.869449109085831395e-01 5.589948888425091411e-01
6.284822134692947815e-01 6.032370991630960910e-01 5.858524024463306334e-01
6.488098617758720765e-01 5.996354660413520943e-01 5.826640290606375228e-01
5.955586603262680301e-01 6.009747801552417501e-01 6.603839763434505850e-01
7.174872352393542041e-01 6.764325549677324689e-01 5.242609949473184816e-01
5.986697269011056477e-01 6.123544548151076405e-01 6.593105237749943282e-01
7.244309266013032600e-01 6.943376383570766253e-01 5.196480872095261550e-01
6.126972289293638463e-01 6.299938658413437587e-01 6.436925915891079653e-01
6.112404704181247928e-01 6.625092959775197299e-01 6.363378860774497880e-01
6.185785615979881857e-01 6.353441486459636689e-01 6.509185203617708915e-01
6.089020809312248872e-01 6.636319801350533121e-01 6.457510717397100253e-01
5.992627335190169324e-01 5.281360960698620044e-01 5.984835803350739836e-01
5.693345697725495924e-01 6.138272705731705470e-01 6.303125000000000533e-01
5.686591901471683697e-01 5.907074153408338191e-01 6.270576996375091250e-01
6.155409102791162823e-01 5.824335899008417083e-01 5.819675209751397071e-01
5.644732780889151202e-01 6.116201393544616893e-01 6.359374999999998224e-01
5.588495016100224477e-01 6.088906691620434852e-01 6.471874999999999156e-01
5.727882859278711214e-01 6.074899448173406435e-01 6.347178094829464268e-01
5.887264384909333126e-01 5.943990617452383773e-01 6.325826059415172731e-01
6.194892458286371806e-01 6.062254215670345170e-01 5.901552877577381784e-01
6.723848513363702706e-01 6.361063680600458348e-01 5.344875128792598851e-01
5.957011424428980684e-01 5.931982588830212455e-01 6.246064916753309992e-01
5.956819578771611612e-01 5.962536057202214579e-01 6.255133613625083466e-01
6.584949291643804603e-01 6.376893194063282255e-01 5.841257672587903960e-01
6.591617895323853560e-01 6.393495543058288488e-01 5.863478542014793904e-01
6.523713176000138780e-01 6.401553323294386644e-01 5.927074231105361468e-01
6.524131096056590140e-01 6.451204125535813239e-01 5.906078147915271304e-01
6.213100412295035069e-01 6.657285441149205507e-01 6.165583091813898742e-01
6.202716490521601456e-01 6.658161710433654346e-01 6.212049062618733020e-01
6.115560848291407003e-01 6.562331195453778854e-01 6.415380744835549320e-01
6.270889510683737011e-01 6.442013598755083059e-01 6.428204774752166450e-01
6.189023381200415841e-01 6.666198176771638284e-01 6.339658251350260842e-01
6.110842274512929828e-01 5.486960883716919257e-01 5.978985424550048444e-01
6.230822418189393419e-01 5.625868759742902458e-01 5.862670936255226506e-01
6.327718190826501221e-01 5.725588653983207932e-01 5.705897637372370212e-01
6.390163035025484550e-01 5.802912036709573229e-01 5.665819303027919140e-01
6.431374129263122130e-01 5.926494029585399614e-01 5.607072897767656494e-01
6.573018075655736592e-01 6.080614249266586002e-01 5.453098328056934507e-01
5.579338291542885742e-01 6.093927309323583508e-01 6.476948986667845354e-01
5.645533547083495529e-01 6.178326352296953372e-01 6.681081745901400470e-01
6.045247664184635328e-01 6.348452605333869680e-01 6.167623672652642330e-01
6.621148031059357342e-01 6.433053899224002725e-01 5.660983866126269026e-01
5.649407997420790029e-01 6.194637183162085003e-01 6.754733157190033754e-01
6.594981979843628217e-01 6.107750833108899213e-01 5.486737327760795591e-01
6.619281002890581300e-01 6.129464876646328886e-01 5.493707402856684574e-01
6.690072953005729017e-01 6.224573111459544839e-01 5.666034916355727757e-01
6.857148758463093019e-01 6.415924782114089675e-01 5.450578886846073612e-01
6.927686150192722270e-01 6.504283156439700786e-01 5.477680298090522593e-01
6.873688516298517293e-01 6.450601465690116720e-01 5.530864556702111967e-01
6.030065072267867254e-01 6.071792695307873799e-01 6.283190330431703829e-01
6.129197942567482515e-01 6.192288628317362820e-01 6.182075710291000670e-01
6.130789313939014606e-01 6.188785510816805502e-01 6.179594689200944568e-01
6.163785073583233354e-01 6.237271379192587117e-01 6.152554988317660012e-01
6.122317334650577703e-01 6.205428158157451080e-01 6.277370656079501732e-01
6.101474186444239001e-01 6.211517026771781191e-01 6.299756970726986260e-01
5.957577601203521978e-01 6.044941952636875282e-01 6.497203895801160201e-01
5.915629511572156884e-01 6.006455204299290251e-01 6.557058518295098004e-01
6.194940176482277572e-01 5.906350821337443824e-01 5.656515577357615898e-01
5.704302154572927774e-01 5.994922935505904160e-01 6.108672344737271498e-01
5.678989089836306015e-01 5.927798901292151701e-01 6.188096137468668267e-01
5.777547200540471550e-01 6.015820413778723008e-01 6.081510629727628903e-01
5.647640025054736501e-01 5.821381152206066556e-01 6.297513560632476137e-01
5.829957411884689744e-01 5.765116321923242637e-01 6.094560739156614781e-01
6.971722810945797377e-01 6.799310447127072665e-01 5.479048529625277775e-01
6.088066965112353124e-01 6.437639867970540442e-01 6.407711721036895014e-01
6.244782364894264637e-01 6.603383789926131620e-01 6.186315435934492957e-01
6.049857011697563625e-01 6.351738186307122058e-01 6.052762588293559842e-01
6.067906100377120637e-01 5.948413927331492879e-01 6.007808254193969244e-01
5.777078199053782281e-01 5.687125155838427260e-01 5.862388490726578860e-01
5.580516182460057983e-01 5.984129898535444081e-01 6.409066583369902315e-01
5.934201586592275923e-01 5.864238627048360408e-01 6.110507026756878401e-01
6.185993760995123214e-01 6.186191552075477329e-01 5.940810164722652997e-01
5.559276308807579170e-01 6.064329110441246673e-01 6.218750000000000666e-01
5.397200713675389672e-01 5.965157435878553072e-01 6.553860941359537229e-01
5.959400711177620380e-01 5.472929932453962643e-01 5.786503099759717772e-01
6.046656142477547791e-01 5.612955454219206164e-01 5.690584023708273875e-01
6.463306087625229068e-01 6.131396804706944481e-01 5.323120114398329772e-01
6.447965080104818281e-01 6.085719712341615129e-01 5.446881949977309123e-01
5.931269684042477230e-01 6.032521289793276731e-01 6.062149912638103988e-01
6.023220468790982940e-01 6.226425726825624007e-01 6.155915046540942903e-01
6.110984384994124774e-01 6.337904031062309151e-01 6.412546799937872688e-01
5.619612878057461680e-01 5.333713931174248746e-01 5.410119895431680925e-01
5.785010831386113717e-01 5.583665379483526703e-01 5.590132163247327757e-01
5.994324490217728396e-01 5.699223902671228803e-01 5.361058322319959268e-01
5.584971267285252505e-01 6.037912985482883910e-01 6.237949226418133541e-01
6.049033610821581419e-01 5.732434386172111651e-01 5.397237679519222286e-01
6.287189805997540626e-01 6.051054450288039233e-01 5.245747439409187418e-01
5.838553158367885132e-01 6.000649200178220788e-01 5.897643413299371584e-01
6.320932113190473878e-01 6.269240648106615410e-01 5.608739472657314762e-01
6.306658411953752763e-01 6.404577069565557945e-01 5.527190841115158237e-01
5.677891251704605402e-01 5.743571982291105771e-01 5.659012161638420357e-01
5.783341110958694076e-01 5.737491230913458473e-01 5.551723936627638301e-01
5.735055182199881862e-01 5.584625285374122949e-01 5.664963131309451727e-01
5.694695830053846386e-01 5.549699798368066261e-01 5.820419449596542227e-01
5.809508550937967364e-01 5.670379471626219026e-01 5.697736929071314238e-01
5.836783799638678438e-01 5.719263526546330967e-01 5.672853407999701725e-01
6.373455057725208039e-01 6.059218082923596427e-01 5.579711356953327428e-01
5.737351591193919909e-01 5.715903210062298623e-01 5.585554816189497451e-01
5.659617821067384202e-01 5.641739178529217025e-01 5.728346106066781740e-01
5.678662063198434140e-01 5.380493756225728230e-01 5.872598167541676073e-01
5.817667387281459934e-01 5.543760341689479842e-01 5.713805155463593799e-01
5.938340414703127124e-01 5.671887534709816325e-01 5.562693385163008930e-01
6.001445786694161733e-01 5.751634773916838306e-01 5.468909145549119000e-01
6.164601015823191199e-01 5.916736624494131069e-01 5.307132299162121702e-01
6.078003193719075936e-01 5.831933451698889659e-01 5.412377933863637969e-01
5.916566095473654308e-01 5.991502222730495930e-01 5.888525485735833787e-01
5.912240358043252542e-01 6.096708132288719550e-01 5.798901633660270560e-01
5.706371325427138652e-01 5.488431240989807280e-01 5.672448882085845412e-01
5.390695070686750690e-01 5.598401954125723501e-01 5.923426612571939254e-01
5.372118888938630654e-01 5.573988866071588610e-01 6.050621285488220202e-01
5.828543807911326091e-01 5.677839427147881590e-01 5.971227019875834374e-01
5.812039509324770092e-01 5.790720862843650174e-01 5.469212234164995134e-01
5.641946911776403173e-01 5.618302948390653251e-01 5.721224298630851468e-01
6.338530672280994205e-01 6.602067918176210970e-01 6.343798524013731788e-01
6.771786045200459681e-01 6.490405952727298367e-01 5.656776122366879989e-01
7.120237423970214863e-01 6.653455140064659101e-01 5.359793644931207801e-01
6.106060544006470803e-01 6.285257117780214120e-01 6.306063681806775012e-01
6.024471222508289703e-01 6.349442351405649720e-01 6.347555735537824262e-01
6.072332213137392465e-01 6.343241518813858004e-01 5.824999999999999067e-01
5.757771231588963978e-01 6.179075396465234515e-01 6.274999999999999467e-01
5.685535721901485706e-01 5.861133532039672911e-01 6.304666684469193427e-01
6.048896522160577272e-01 5.706468011877632307e-01 5.912498931255623091e-01
6.389456593628797254e-01 5.854553949996775808e-01 5.544124742110352333e-01
6.049324358278107550e-01 5.434398397251846147e-01 5.448111900042413858e-01
6.059553090593968738e-01 5.421393129801975741e-01 5.724246427264712000e-01
6.337814697125427887e-01 6.140939184770530801e-01 5.555967048525440877e-01
6.563041834817657794e-01 6.073578780241711828e-01 5.407762077236759612e-01
5.998290381125275239e-01 5.963924292993406651e-01 6.262019547114792140e-01
7.164640460105098363e-01 6.789648251386960487e-01 5.344865645123669795e-01
6.060134866486164285e-01 6.484877694040978025e-01 6.518959255657926777e-01
6.418118363014186922e-01 5.881432572126273906e-01 5.693650184993803709e-01
6.524803300400697781e-01 6.009186920806184329e-01 5.590395199581505992e-01
5.822077319047359589e-01 6.055095891240296346e-01 6.389487207794507517e-01
6.463428351227543667e-01 6.258700865256797696e-01 5.712781214379433203e-01
5.918926821825567508e-01 5.893536074650324030e-01 6.148998593737833307e-01
5.956233441004605833e-01 5.955075535582148305e-01 6.115256239753943390e-01
6.573567927364469821e-01 6.074384351360812007e-01 5.489598898432125340e-01
6.636588833937516752e-01 6.124766877396932152e-01 5.515779097127696540e-01
6.581590272163051480e-01 6.083284017410768296e-01 5.630836202675256752e-01
6.742666509950311360e-01 6.267327592506325429e-01 5.682546244402262303e-01
6.834485828829093279e-01 6.354795277758135130e-01 5.621640908074122533e-01
6.133198862089224157e-01 6.191428539707122258e-01 6.196238624749041968e-01
5.879321326258464264e-01 6.048725857518557625e-01 6.103234359061319170e-01
5.942407554343676068e-01 6.067428361528022229e-01 6.015769998526788731e-01
6.063440469382087583e-01 5.974647862559169242e-01 5.624212116173538112e-01
5.770749260423054805e-01 5.480405905352893070e-01 5.732249075504832758e-01
5.711842515503119388e-01 5.416613298301549140e-01 5.725216730778994734e-01
6.295766695215263553e-01 6.585992110885050543e-01 6.283690477399738183e-01
6.584406456378908423e-01 6.659965251032325950e-01 6.008230767710490694e-01
6.571345154180714410e-01 6.590292660913228406e-01 6.030192174974691177e-01
5.655355529676920900e-01 6.162505725055721362e-01 6.726518211425041027e-01
5.743447403134711582e-01 6.125794150904699809e-01 6.696192868040464763e-01
6.645448515747551799e-01 6.450644017425680721e-01 5.661253569664532748e-01
7.105582673245154357e-01 6.734478980485620880e-01 5.222734150060711622e-01
5.973156559421622935e-01 6.348021875227206623e-01 6.310976001813298764e-01
6.361481575498604268e-01 5.923533340464309793e-01 5.486445629088685383e-01
5.818778931448773672e-01 6.258870245982162128e-01 6.205268678102734414e-01
5.708518425598051449e-01 6.963225392264391633e-01 6.844578344860389185e-01
5.959501854441787705e-01 6.273874047014259547e-01 6.252148914046156136e-01
6.369256297486056706e-01 6.194463822720163160e-01 5.895212763306557635e-01
5.572471781501924237e-01 6.144261211244561594e-01 6.990310482606407749e-01
6.460544769291676204e-01 6.375239631230997794e-01 5.899187456480066150e-01
5.681548702743373092e-01 6.107870993710255991e-01 6.853960033545619668e-01
6.958611238439326163e-01 6.670555144195656760e-01 5.416406246212789322e-01
5.920071344750369446e-01 6.444245173918843328e-01 6.647537674868113644e-01
5.812024655513873261e-01 5.814916542627086571e-01 5.859907814871235798e-01
5.713465383953224563e-01 6.145480023398365299e-01 6.218749999999999556e-01
5.568361831556001285e-01 6.136925400654645868e-01 6.617075507411178670e-01
5.670925625380421886e-01 6.237207160344098167e-01 6.575362964516933140e-01
6.898600941398014275e-01 6.539404991407157253e-01 5.457642267208445697e-01
6.978460642931609836e-01 6.692172695725085996e-01 5.408302165836521569e-01
5.786709466994428563e-01 6.174705516381638892e-01 6.078125000000001998e-01
5.762023864107519433e-01 6.168208035196048877e-01 6.134374999999999689e-01
6.004366018305592467e-01 5.468773142042410162e-01 5.872214689061652226e-01
6.659801677010689369e-01 6.245372075920418986e-01 5.292059900307632958e-01
6.623327074062446140e-01 6.192346329178637365e-01 5.419053753523145334e-01
6.644953715160049068e-01 6.228988113054618747e-01 5.430944326293675184e-01
7.013546097753178277e-01 6.632742807377969285e-01 5.241191574972906553e-01
7.073450167367298924e-01 6.708999553863423948e-01 5.229970575863558402e-01
6.114992822898560609e-01 5.524589736421454678e-01 5.690750707320729740e-01
6.163025681400914335e-01 5.594935344525125975e-01 5.558165609671080754e-01
6.165273577861051235e-01 6.248485818896646338e-01 6.061161755141334373e-01
5.534484951593156010e-01 5.810616313750632811e-01 6.483685457906823713e-01
5.755731388297424811e-01 5.813099286662452014e-01 6.277737429994745266e-01
5.579428999520871235e-01 5.398791119852215381e-01 6.099477769869543486e-01
5.820226830966083176e-01 5.702480334160509035e-01 5.792403743919943837e-01
6.348007405974158690e-01 6.476297167999502946e-01 6.198915242828516581e-01
6.265951749570848328e-01 6.635367070176976245e-01 6.173042679203883942e-01
6.142957505433052079e-01 6.271829525848191533e-01 6.032774229378918829e-01
6.349889667939737636e-01 6.369402844419117526e-01 5.811966785727689100e-01
6.029785875247879456e-01 5.560100361133148983e-01 5.738191256343390112e-01
6.592250658698604049e-01 6.252086452596511412e-01 5.262101851450501355e-01
6.056056721013836075e-01 5.890244994628199837e-01 5.763874747421606770e-01
6.346848710629172663e-01 6.070603212016454364e-01 5.421668940816409821e-01
5.715022510101226416e-01 5.341243523957583950e-01 5.436496783313962133e-01
6.159803106633203740e-01 6.575042527688899074e-01 6.193955544927535195e-01
6.947023719199434399e-01 6.890042157130306100e-01 5.450794402763650126e-01
7.115993511900154944e-01 6.970370871983893046e-01 5.275710373444291168e-01
6.030439294009847240e-01 5.526980477975816930e-01 5.489220510169215972e-01
6.593591356910453172e-01 6.435268605568756906e-01 5.516550822628690787e-01
5.446606416417636432e-01 6.001377064621002955e-01 6.275000000000000577e-01
6.081009887477049070e-01 5.671001349036484118e-01 5.573634593278457006e-01
6.397622343701288017e-01 6.087144612561656842e-01 5.429966483690267243e-01
6.066770012808938572e-01 5.657000924855912771e-01 5.357884735850131364e-01
6.100927210071677154e-01 5.837696615226737329e-01 5.496630113382092730e-01
6.185674259115989670e-01 5.900624138963327381e-01 5.375543678082150834e-01
5.636370957847209873e-01 6.011389101796789092e-01 6.192630040795699120e-01
5.709369868678479953e-01 5.709090433946627519e-01 5.739523986504803110e-01
5.841774369515256859e-01 5.482445499269275047e-01 5.512036076653623606e-01
5.957337701969259713e-01 5.746155430921195961e-01 5.572000538448476092e-01
5.993066896786271025e-01 5.767704605715877619e-01 5.403537497477696183e-01
5.551719548368486690e-01 5.935012939710907487e-01 6.188095755849812862e-01
5.636604230443649222e-01 5.619452589886115845e-01 5.747216369331016317e-01
5.712596219503566219e-01 5.284070536026497233e-01 5.324799493838583420e-01
5.856042729314233641e-01 5.819322717715049720e-01 5.700280362603695750e-01
5.864761912352290940e-01 6.236676870355871705e-01 6.162499999999999645e-01
5.720989468278472323e-01 6.166501736746847762e-01 6.387499999999998179e-01
6.000758263392726999e-01 5.445360632070408435e-01 5.631809784302836963e-01
6.072901827692035459e-01 5.466518273289873164e-01 5.717802296270804163e-01
6.132317743348117967e-01 5.515454965792285780e-01 5.847917351741140912e-01
6.105244858072347292e-01 5.537966011417211343e-01 5.885498128021875441e-01
6.252605822028023397e-01 5.699794131610764758e-01 5.853009030277255276e-01
6.504362534667046392e-01 5.996571127775224275e-01 5.522817436153104609e-01
6.085775404102283792e-01 6.096600641436404899e-01 5.969783899365106450e-01
5.791298841640190043e-01 5.725973018817884785e-01 5.822027599626581340e-01
5.731384633763314529e-01 6.157572841730082347e-01 6.274999999999998357e-01
5.986001872367130439e-01 6.294476394164097988e-01 5.937500000000000000e-01
5.806921854039537312e-01 6.201032249740648927e-01 6.162499999999999645e-01
6.267263187749185782e-01 5.709763954939324204e-01 5.838545395301666385e-01
5.601678767806068659e-01 6.091348143762796985e-01 6.596071758798777163e-01
6.292913852370023431e-01 5.655486163980293357e-01 5.577582111980856627e-01
6.341934121959558190e-01 5.752331298152173478e-01 5.612547912776346681e-01
6.005013832575389898e-01 5.982599909876499256e-01 6.040972232012795651e-01
5.948474948145857644e-01 6.072525101433423611e-01 6.035423004973166083e-01
6.110002835964930545e-01 5.891454323568411366e-01 5.939161735542475284e-01
6.219360873896460085e-01 6.555794175030869031e-01 6.395937967562023152e-01
5.730446511652667052e-01 5.688130425237561960e-01 5.987581087908460109e-01
5.758353808613272395e-01 6.198664278971133257e-01 6.618277395556622089e-01
6.027825376436888316e-01 6.216910667966060178e-01 6.353724079880147535e-01
5.675338470453422657e-01 5.894698833892859646e-01 6.212629962347779866e-01
5.990373222688962773e-01 5.702376425946842353e-01 5.935040204126992291e-01
5.945226791949476119e-01 6.244975443084308520e-01 6.219205018554121445e-01
5.925081502546898360e-01 5.948950572754448940e-01 6.435452083808577139e-01
6.777812710563985155e-01 6.428155332994081039e-01 5.662815302127053307e-01
6.613488093130214240e-01 6.224171835229092009e-01 5.316002210988688415e-01
5.906178175915050010e-01 5.767163612461441158e-01 6.117427801794680375e-01
5.817494577604205297e-01 5.957049349703774643e-01 6.181663853088343874e-01
6.089534086578791694e-01 5.911852743985460679e-01 5.894156781382828836e-01
6.154624143333488062e-01 6.387237645698915500e-01 5.600000000000000533e-01
5.740984862752146478e-01 5.473663758458595652e-01 5.635046420776037568e-01
6.567397785426836165e-01 6.611718894609760477e-01 5.984474045131943365e-01
5.646109719210355982e-01 6.129473450500022569e-01 6.756469848177100168e-01
5.699629607248500873e-01 6.069233215740921228e-01 6.704464871959734396e-01
6.112336545503566088e-01 5.619043078708955141e-01 5.266787480939942867e-01
6.337970600883504613e-01 6.204493242478820170e-01 5.769818840100731094e-01
5.797073248886830399e-01 6.302445549806942049e-01 6.246712086454533353e-01
5.823132092956586625e-01 6.170419372202292640e-01 6.287983335317423039e-01
6.036452753579064634e-01 6.270896681477740042e-01 6.429078079089420861e-01
5.877501451873068383e-01 6.478827616897117059e-01 6.496678575298020508e-01
5.937662660481953791e-01 6.429402810790639800e-01 6.471018669065491391e-01
5.788491436090381637e-01 6.160222013085981940e-01 6.233671697230678266e-01
5.764509996114167700e-01 6.145766761852728965e-01 6.513675713819098156e-01
6.842941784886866774e-01 6.578171957762066757e-01 5.512659946073140693e-01
5.737790071429167416e-01 6.171468201403843556e-01 6.715759968559095183e-01
5.966559570660507905e-01 6.526140242819065129e-01 6.515680571749196126e-01
5.772228661633781455e-01 5.768961703414434705e-01 5.928732672083610877e-01
5.832959258928003266e-01 5.834912091411574853e-01 5.886915863317778719e-01
5.769510008587755978e-01 6.167405837585953066e-01 6.078125000000005329e-01
5.705927653029111424e-01 6.139707370986307033e-01 6.190625000000001821e-01
5.680264131755369261e-01 6.125370468331543528e-01 6.246875000000000622e-01
5.624325749032663690e-01 6.096120220835251624e-01 6.303125000000000533e-01
6.075205107102663593e-01 5.536676645004454667e-01 5.609209057695185852e-01
6.081800440021480902e-01 5.543724564907914765e-01 5.641279588118733868e-01
6.102196199377852848e-01 5.611111605019573068e-01 5.643016057971033117e-01
6.238553843552513412e-01 5.750834544960904404e-01 5.474832474830796381e-01
6.068817792035727798e-01 5.609974466406644211e-01 5.807913130438440152e-01
6.111010891693954283e-01 5.656599559114124931e-01 5.775276491858752914e-01
5.508931292392182932e-01 5.883320222497394614e-01 6.505402930824135677e-01
5.684738252470861175e-01 5.762457051427282151e-01 6.399422988121801215e-01
5.851060139317287856e-01 5.959337811471182578e-01 6.105824039483387367e-01
5.721921926154472926e-01 5.179941552414639716e-01 5.557560736127703516e-01
5.963067460607360815e-01 5.941801180973207419e-01 5.759859440004788667e-01
5.721411103376822238e-01 5.704903325339432119e-01 5.883991999750158852e-01
6.222663422316395687e-01 6.270635745722733523e-01 5.983750920341875945e-01
5.769550994796242005e-01 5.904767777984606392e-01 6.153980840255131035e-01
6.244919543007469986e-01 6.335503244529796518e-01 5.901823115706663625e-01
6.009139736215273198e-01 5.583763319655966617e-01 5.771628805699905440e-01
5.401977482409273668e-01 5.977732832482789416e-01 6.387500000000000400e-01
5.818300920566686907e-01 5.912223975463338776e-01 6.114825157249026422e-01
5.939084355760423373e-01 5.564654620625755221e-01 5.743262061475290503e-01
5.757605714634463911e-01 5.927790607082592533e-01 6.063065250868906464e-01
5.940989325308143609e-01 5.481544078048028457e-01 5.471599866498577658e-01
5.746787238176217505e-01 6.159691889970599910e-01 5.624172836106914319e-01
5.760381587941540982e-01 5.287817681371761447e-01 5.245598822448148679e-01
5.895698451463525780e-01 5.467921962127767488e-01 5.103734573327600721e-01
5.421050194555055990e-01 5.990401938660430137e-01 5.934838551400729578e-01
5.334956743682627289e-01 5.588100681131269454e-01 5.825901908128399143e-01
6.211167963956971683e-01 6.402536636143381088e-01 5.712499999999998135e-01
5.857144558228603026e-01 5.843527228115128480e-01 5.708098238369035959e-01
5.910826332647093340e-01 5.889644625837421321e-01 6.166700225516278389e-01
6.090919668819658739e-01 6.347505144093198437e-01 5.881249999999998979e-01
6.018770730922708978e-01 6.309158002700322454e-01 5.993749999999998801e-01
5.841544523847986836e-01 6.217064331394820398e-01 6.218749999999998446e-01
6.176169272197754578e-01 5.621110823419341873e-01 5.366094376536487687e-01
6.277037255209785283e-01 5.708174122108626847e-01 5.339726683687080477e-01
6.127917114956296096e-01 5.556634819784217472e-01 5.559752144196776769e-01
6.108924793635951422e-01 5.498627515066685234e-01 5.712220491618897888e-01
6.044463417347477607e-01 5.478463493981172716e-01 5.542588276716838847e-01
6.140165750022025248e-01 5.509973001778325497e-01 5.858697577047202731e-01
6.299751848369142815e-01 5.738034749282873159e-01 5.809986337772936604e-01
5.739345931862660510e-01 6.161573876288932716e-01 6.274999999999999467e-01
6.244993375395045954e-01 5.624767158782826293e-01 5.700542985405546714e-01
6.278427631115579555e-01 5.729254033415489555e-01 5.814519388476474537e-01
6.626095682038893875e-01 6.123373324234560044e-01 5.583875507069447908e-01
5.857528598318275659e-01 5.805596807242157098e-01 5.814106141700963182e-01
6.157794735687827092e-01 5.572473566266891165e-01 5.381575006229292191e-01
6.127915203842749792e-01 5.539555474507086297e-01 5.943913312529561788e-01
6.178565374205277072e-01 5.563261779965881226e-01 5.748546879045051128e-01
6.583026893082032371e-01 6.089835798904852382e-01 5.616618622692449714e-01
5.734642573681346667e-01 5.688189258382557734e-01 6.113714793122011493e-01
5.824509139795625012e-01 6.201257834051312479e-01 6.106250000000001954e-01
5.751508339767212874e-01 6.166200970476326537e-01 6.218750000000000666e-01
5.658260931664630400e-01 6.114507857711474204e-01 6.331249999999999378e-01
6.136370555886421219e-01 5.505333564618354325e-01 5.714860533873455939e-01
6.165868864344451472e-01 5.560399629874015481e-01 5.691231289757887613e-01
6.086498213457052220e-01 5.521637651507402822e-01 5.835753198949388265e-01
6.196443205137938115e-01 5.648096646820164324e-01 5.749745876473567607e-01
6.324003064658529905e-01 5.762171690959868586e-01 5.632599999863074913e-01
6.488046329761917308e-01 5.956372069897728494e-01 5.475170781350735538e-01
6.251469224582731909e-01 6.606014415102284820e-01 6.310247382821038142e-01
6.065214722938198078e-01 6.385314219618201115e-01 6.185323096263013465e-01
6.175535530556808261e-01 6.374666470180202493e-01 6.079023657854094598e-01
6.057618541060654227e-01 6.116658826501510937e-01 6.110228436638021066e-01
5.815799088971618236e-01 6.061304076770550608e-01 6.294948816242486034e-01
5.892153239256489039e-01 6.189420927298390218e-01 6.348124106309722681e-01
5.633058678513371831e-01 6.097995534955009678e-01 6.331249999999999378e-01
6.258495103614093447e-01 5.752723962909820354e-01 5.643474860821647843e-01
6.387549622552792794e-01 5.901209322856447725e-01 5.482254405281751231e-01
5.744156127993800265e-01 5.537234355601573510e-01 5.962997977180224396e-01
5.956585923061851195e-01 6.272068406045585576e-01 5.824999999999999067e-01
5.642532928617070009e-01 5.891803331167874136e-01 6.184129715962937146e-01
6.077283338960752790e-01 5.820560960502974002e-01 5.764082770545280177e-01
5.966884711157854904e-01 6.502317491874888278e-01 6.435072864339910215e-01
6.109006397292766621e-01 5.587752805616403862e-01 5.198449815297909726e-01
6.120912639432695146e-01 5.608899437924665943e-01 5.373771649194524214e-01
5.947470990161767279e-01 6.082811984861796750e-01 6.541196704269318651e-01
5.736148930626643327e-01 5.749452292887984317e-01 5.919758633351915877e-01
5.903723426494407178e-01 5.933705116984527850e-01 5.890626885792030754e-01
5.778398640313833212e-01 6.169134101230684397e-01 6.078125000000003109e-01
5.715811691711387699e-01 6.142154009093567790e-01 6.190625000000002931e-01
5.696691710201124970e-01 6.132173746070151976e-01 6.246875000000001732e-01
5.584009306033655973e-01 6.072885704049573175e-01 6.359375000000000444e-01
5.931670002916492601e-01 5.382965588038108873e-01 5.825949129209833099e-01
6.101045501794288839e-01 5.544532354668247898e-01 5.637642811229716111e-01
6.157719084727889536e-01 5.632609169384059644e-01 5.556678971906289233e-01
6.075560634551513406e-01 5.558523441176674851e-01 5.726675827993138457e-01
6.281362341735243771e-01 5.787073598768741611e-01 5.487824327394459356e-01
6.129571368961658218e-01 5.647403976420599658e-01 5.706658160333475394e-01
5.926260419083653197e-01 5.371810123533637960e-01 5.286756977200706142e-01
5.933251269499596470e-01 6.477033858141532097e-01 6.451966422129471468e-01
5.860492891031007234e-01 6.006653673356205925e-01 6.631461907564942804e-01
6.279869376404350056e-01 5.809821047920520343e-01 5.440775948630290904e-01
5.807426675321571974e-01 5.821487183157521006e-01 6.035271267605705203e-01
5.970607711669533302e-01 5.982560585839480360e-01 5.918759712917379678e-01
6.155887423525289170e-01 5.630868183661226212e-01 5.457150055356198015e-01
5.961257215151215538e-01 5.526297506010311444e-01 5.895877488634252428e-01
5.530312893687900910e-01 5.823416456875069036e-01 6.427660148953414643e-01
5.991065719766390796e-01 5.836386109200347727e-01 5.943227982388478159e-01
6.079943824013517295e-01 5.707670024858308988e-01 5.693607306579020477e-01
6.270128325041748329e-01 5.939339391824315362e-01 5.424430132305162466e-01
5.477894149603977914e-01 5.883037188922860539e-01 6.280204825908226596e-01
5.897956638327392920e-01 5.868935070548795263e-01 5.860517197073212836e-01
5.672588488905465631e-01 5.169159766850672799e-01 5.382647129734965397e-01
5.430414363162634483e-01 5.991528270397862288e-01 6.032984525652239638e-01
5.715684244278285142e-01 6.140336082778879989e-01 5.649484369391131189e-01
5.628394354037518088e-01 6.093528532487393345e-01 5.754322700873195640e-01
5.915485366440120796e-01 5.477674511517423017e-01 5.036978865295747010e-01
5.824946428772501683e-01 5.444108163466891970e-01 5.151600035617943663e-01
5.917789884662471023e-01 5.531134362765719459e-01 5.123453993950569663e-01
5.798512787000816848e-01 5.406890724203223808e-01 5.335077084108302836e-01
5.262993577411235746e-01 5.672314012250766480e-01 6.191286082871207963e-01
5.687597646344559887e-01 5.631825257480295166e-01 5.764058611957492140e-01
5.535959343053840076e-01 5.725388037189081958e-01 5.793955358806928135e-01
5.593364944022028995e-01 5.812378906507408294e-01 5.872609897741609686e-01
6.010227147996592967e-01 5.990590754485766167e-01 5.824848705951893857e-01
6.238257989933071457e-01 5.695507726046946662e-01 5.126797338430231221e-01
6.271629544918563282e-01 5.695359502676859975e-01 5.314582140063128790e-01
5.902204881861208285e-01 6.243801582776037362e-01 6.162499999999999645e-01
5.728199555430135703e-01 6.154792715030175110e-01 6.387499999999999289e-01
5.853743190782249028e-01 5.962034137772477260e-01 5.987641118362556636e-01
6.117867063657423943e-01 5.801663878789171669e-01 5.538714346845581282e-01
5.894524391419412312e-01 5.866045103114233550e-01 5.587107149055327016e-01
5.856095755864986208e-01 5.825265984280795228e-01 6.080649043550881983e-01
6.127507626469249624e-01 5.593141976654431025e-01 5.321465497643079745e-01
6.161225401280213676e-01 5.596266905853216622e-01 5.478101098292170734e-01
5.870515148124481053e-01 6.230748407127687516e-01 6.162499999999999645e-01
6.164040061740583276e-01 5.561361311945715036e-01 5.703320021288709185e-01
6.175616266511038122e-01 5.598851850412924769e-01 5.765235894273982309e-01
6.085636232228521791e-01 5.431223442601319507e-01 5.809006459251485621e-01
5.904163799277616365e-01 5.226627808457805502e-01 5.555618643904154386e-01
5.861383015942521757e-01 6.220286262034083746e-01 6.049999999999998712e-01
5.757158073635203488e-01 5.690642827445093754e-01 5.981514326330760190e-01
5.979449811020549621e-01 5.374415175284841251e-01 5.635501550337177479e-01
5.800896657726523076e-01 6.192050405762111742e-01 6.162500000000004086e-01
6.244668013645869875e-01 5.626409356199220113e-01 5.580390839576282458e-01
6.218034728272775480e-01 5.645382218338584890e-01 5.678286298650888630e-01
6.217418169708132103e-01 5.652730668285743665e-01 5.812728569559282299e-01
6.108105027417356503e-01 5.497139791666048048e-01 5.713953973194112468e-01
6.135192607002351028e-01 5.597819993092255642e-01 5.730987148019416333e-01
6.095514889101194544e-01 5.560969205129194792e-01 5.878720430102907235e-01
6.199398877559644250e-01 6.421780406745837277e-01 6.474359708335730712e-01
6.924589089171524492e-01 6.552933506828322319e-01 5.392896513952285531e-01
5.783284283853474816e-01 5.166789947597968391e-01 5.595069960057249547e-01
5.665068128150175797e-01 5.656917602399278433e-01 6.011926211134519527e-01
5.861981613341405994e-01 5.874947460716244407e-01 5.800052818438043989e-01
5.778286535866183904e-01 6.172582758516688139e-01 6.106249999999999734e-01
5.715541116856580617e-01 6.141400482634606917e-01 6.218750000000000666e-01
6.065942030362897475e-01 5.520127359993253213e-01 5.625579196846304253e-01
6.274819487277194519e-01 5.785574832710369542e-01 5.520253922397015955e-01
5.942339743616892322e-01 5.351894028937955738e-01 5.318365292649717135e-01
5.771152549563646206e-01 6.169508118893496373e-01 6.106250000000003064e-01
6.010278244802014225e-01 5.477532414135700689e-01 5.763069307082410164e-01
6.154762523611206904e-01 5.628827450969609014e-01 5.529087813924185024e-01
6.280126282964653139e-01 5.814173911480352563e-01 5.477301485808029335e-01
6.589769225187988022e-01 6.264457332075306084e-01 5.208961220484229493e-01
5.721987807440054308e-01 5.582539722318462516e-01 5.851990363510030102e-01
6.213702090421292512e-01 6.505518854053906619e-01 6.308544264871615015e-01
6.424054196775892400e-01 6.205252904195595054e-01 5.222982738916845946e-01
5.567142305279818570e-01 5.574141120950705242e-01 5.781404787009308821e-01
6.173577104756423628e-01 6.574392166239345636e-01 6.128546832738666073e-01
5.943649488654320079e-01 5.534686427368143979e-01 4.974093634357962257e-01
5.845530880510225735e-01 5.464624934605106787e-01 5.227633497828882980e-01
5.932916938067903656e-01 5.510401329923103608e-01 5.401592412813293054e-01
5.586295132703783528e-01 6.073939660536394891e-01 5.804356436594001467e-01
5.467490028460153528e-01 5.608952347866088539e-01 5.556728193096305279e-01
5.694181430720113291e-01 5.292690208895926007e-01 5.308484155007089367e-01
5.864194586344219084e-01 5.482515263740826983e-01 5.117524458684031829e-01
5.471447214389412173e-01 5.668734381916404885e-01 5.936959605380396354e-01
5.351501500079276497e-01 5.532448059312333744e-01 5.645044038977666823e-01
5.414208739067540854e-01 5.597473068691030118e-01 6.035387427040220798e-01
5.829667498920043656e-01 6.209205190491600135e-01 6.274999999999999467e-01
6.211299888555381621e-01 5.626579920605961904e-01 5.684111311321251581e-01
6.392563091727706537e-01 5.878267952045740374e-01 5.628846921560769490e-01
5.807192240389003057e-01 6.193385811048034428e-01 6.274999999999999467e-01
6.209360364603754290e-01 5.641672351039112021e-01 5.697580899491299089e-01
6.197259452539718438e-01 5.685341120642802837e-01 5.887869001364567367e-01
6.058453395308319722e-01 5.909006201569062533e-01 5.466649871630995250e-01
6.387507173015568585e-01 6.636618898340987949e-01 6.255894845912385316e-01
6.051041038196695032e-01 6.026047623276278298e-01 5.511413202038870640e-01
5.795452920028890675e-01 6.187636223683800063e-01 6.274999999999998357e-01
6.258094309805858346e-01 5.673954429143547307e-01 5.662646015609710259e-01
6.316752805768686141e-01 5.765173159925779389e-01 5.755118573753965627e-01
6.050256521843853097e-01 5.882429228549930222e-01 5.552993525908367367e-01
6.027433486047593103e-01 5.980952024031657155e-01 5.594137241054442100e-01
5.791301757448470422e-01 6.186017447847131923e-01 6.274999999999998357e-01
6.253282759015073022e-01 5.636949717014643202e-01 5.656161100785687124e-01
6.213993417067721348e-01 5.654598256964638026e-01 5.888850434158816594e-01
5.961515282590337250e-01 5.776941522492832215e-01 5.686341555668232850e-01
5.890036630235090387e-01 6.233677226650141678e-01 6.049999999999999822e-01
6.345202871404835854e-01 5.794903285450918595e-01 5.068397589176116824e-01
6.249032516613783894e-01 5.660519525952004694e-01 5.775012201406319878e-01
6.277279154769521696e-01 5.613056371174149906e-01 5.495725110466596064e-01
6.196884938714746216e-01 5.524936876208493830e-01 5.592663787298628453e-01
5.840233881343499522e-01 5.132898308929509934e-01 5.721291713428450221e-01
5.855440253551222884e-01 6.219762942659244898e-01 6.049999999999998712e-01
5.831771661952211971e-01 5.778035520097735134e-01 6.096937046107175906e-01
6.106906105477122315e-01 5.497694623646156575e-01 5.830859123431553215e-01
6.228540024773923101e-01 5.692219942572163127e-01 5.815208461129608430e-01
5.822651484519715259e-01 5.122573103751069112e-01 5.650181992824330202e-01
5.852858772199901471e-01 6.218417939447546949e-01 6.049999999999998712e-01
5.718885616706547159e-01 6.146679791446051366e-01 6.275000000000002798e-01
6.077342051622793839e-01 5.485019895814715607e-01 5.828246929199902837e-01
6.397343472472877268e-01 5.876451355667270393e-01 5.603141973677349119e-01
5.716675665780379667e-01 5.035359013912177328e-01 5.788100411413132917e-01
5.837731560323468072e-01 6.210013079877547693e-01 6.049999999999998712e-01
5.995894748133321350e-01 6.127054551583643871e-01 6.386293907835993711e-01
5.963527158416968010e-01 6.099386489147154977e-01 6.420891880241457184e-01
5.734462648916782701e-01 5.726550223216987368e-01 6.116086534583573542e-01
5.740600742564776482e-01 6.155053818284644818e-01 6.162499999999999645e-01
6.208755609600072889e-01 5.663290729275066715e-01 5.478257036809460745e-01
6.146784216257235034e-01 5.638329340951787616e-01 5.641814990524272044e-01
5.840296369010478106e-01 5.840105172626457453e-01 5.985187507484688307e-01
5.735261136634154377e-01 6.152167911637477227e-01 6.162500000000001865e-01
6.126596055414071929e-01 5.576845860211311345e-01 5.649009497933508150e-01
6.249135374056022929e-01 5.735390359482469558e-01 5.542889144649939537e-01
5.732036125492668832e-01 6.150629144609063292e-01 6.162500000000004086e-01
6.037561852183183086e-01 5.498694835667430336e-01 5.701078743538214866e-01
6.145178008094130950e-01 5.637173640210155767e-01 5.650001404258723214e-01
5.939698119443566071e-01 5.354819358331154300e-01 5.310915441218306832e-01
5.792438671580935061e-01 6.187141099366537667e-01 6.049999999999999822e-01
5.692040805299909412e-01 5.685999933543753881e-01 6.166211671904852087e-01
6.302461892324414672e-01 5.875545929992495031e-01 5.559270174288145627e-01
5.704671470691337065e-01 5.745336137910377339e-01 6.280793045899866200e-01
5.798804326543087750e-01 5.851274138938715730e-01 6.109093336768292026e-01
5.665253674931529648e-01 5.839483593032660513e-01 6.104867692105316879e-01
5.713392166518131976e-01 5.907728113109966817e-01 6.017648530666421802e-01
5.918957861143610000e-01 5.514879441537970939e-01 5.226118726728701258e-01
5.837238456108412299e-01 5.437651373878459315e-01 5.264227097351458218e-01
5.381170528867532665e-01 6.124583772968021922e-01 6.528723881387917816e-01
6.163659458540952096e-01 5.988167471196808034e-01 5.613702381213667714e-01
6.599822086365346729e-01 6.604157933719920770e-01 5.410793811196442649e-01
5.669016876417977135e-01 5.390448184081979566e-01 5.565483312459185150e-01
5.469433610301698279e-01 6.019239361979706882e-01 5.797564425004343436e-01
5.666907884199653411e-01 5.391413473850155125e-01 5.556689932123481945e-01
5.465405768297199041e-01 6.016699563424601216e-01 5.799415833388004149e-01
5.918025550087619990e-01 5.650050698059313481e-01 5.182544402675745010e-01
6.086098519080490599e-01 5.537567914419972981e-01 5.978071692350964694e-01
6.240365136108493305e-01 5.689805458686922890e-01 5.755052949547375674e-01
6.119855320795895004e-01 5.572390657184175256e-01 5.922595712201044194e-01
6.043552361069064460e-01 6.058877655450491950e-01 6.000429865507506122e-01
6.347420323412403809e-01 6.473390677325713272e-01 5.600000000000000533e-01
6.122517498691066873e-01 5.508342875344306444e-01 5.754152315012313057e-01
6.214172252159037013e-01 5.659030007473302426e-01 5.896935190449987818e-01
6.094308607283506207e-01 6.091921841419291050e-01 5.996063037126623252e-01
6.342798195369090397e-01 6.470299027788123380e-01 5.600000000000000533e-01
6.193307899976018271e-01 5.587645567380046252e-01 5.624035227380106416e-01
6.167085663017883856e-01 5.603118806398091900e-01 5.886497640681077614e-01
5.957461196622239052e-01 5.946779920378906237e-01 6.149601540138591727e-01
6.150488773916144014e-01 5.564952847665908253e-01 5.879995434844657032e-01
5.919334585479590904e-01 5.899226189147815935e-01 6.241063099230199640e-01
6.333187878600654575e-01 6.464014809029010600e-01 5.600000000000000533e-01
5.961809715763090045e-01 6.613729657577638310e-01 6.714005512552531085e-01
6.124501648040553414e-01 5.467867157880017537e-01 5.733280676033541967e-01
6.742138871089899954e-01 6.301674211748633514e-01 5.761972482236590309e-01
5.933477659894935696e-01 5.326182896598513627e-01 6.230751042871116585e-01
5.926809431953913299e-01 5.918035326245184580e-01 6.208121227811906895e-01
6.324199103921647191e-01 6.460515829674335908e-01 5.600000000000000533e-01
6.093602438345715466e-01 5.431247826796374856e-01 5.858349631543631197e-01
5.986290430546485908e-01 5.383341381069003395e-01 6.173356397183178412e-01
6.029045869866748175e-01 5.346848188100485899e-01 5.892553385372915065e-01
5.723224548923373511e-01 6.150756599512117173e-01 6.275000000000002798e-01
6.145427482216888615e-01 5.471753018768843457e-01 5.695926500808891069e-01
5.725424851007852034e-01 6.150185192477014562e-01 6.275000000000002798e-01
6.047909820389530955e-01 5.378124805319581814e-01 5.828582834657908274e-01
6.115691973181147656e-01 5.446019954941438979e-01 5.734631565843950618e-01
6.115684647055703582e-01 5.475158037540427403e-01 5.706966354722646795e-01
5.690339702053177628e-01 6.129267981764938700e-01 6.274999999999999467e-01
6.084005031646392281e-01 5.454049458029541775e-01 5.724714413483628084e-01
5.689454354993292995e-01 6.127878999663479709e-01 6.274999999999999467e-01
5.945352984711028688e-01 5.341236022141485629e-01 5.865673195008396235e-01
5.681846547385712709e-01 6.124042732722155824e-01 6.274999999999997247e-01
5.971949091263933918e-01 5.364046163203042283e-01 5.831728774244635538e-01
5.678836164658653818e-01 6.123457867187004355e-01 6.274999999999999467e-01
5.951684350773018828e-01 5.361776575385325261e-01 5.836490900865128895e-01
5.670089681591967690e-01 6.117671364196646255e-01 6.275000000000000577e-01
6.004173229947914470e-01 5.457102504245834318e-01 5.713742670000834245e-01
5.652359744077368742e-01 6.108233113171211981e-01 6.275000000000000577e-01
6.048435471055005896e-01 5.509113808409746849e-01 5.641315045441168685e-01
5.673489856102291728e-01 5.378705533838064046e-01 5.310757921100016654e-01
5.748068652198139450e-01 5.447001868186079898e-01 5.179565955786550324e-01
5.692915888241192324e-01 5.400072551713680502e-01 5.259585745019487169e-01
5.717032109239081894e-01 5.446604021159257014e-01 5.244147755037031899e-01
5.260658787526021340e-01 5.856098966648813908e-01 6.145804064596945837e-01
5.845672827749190947e-01 5.593404375723631805e-01 5.018070989537726234e-01
5.775593741250117930e-01 5.564133317427053527e-01 5.635781117063222156e-01
5.259910842914017337e-01 5.854427757001221533e-01 6.148187911101783421e-01
5.913229541117678290e-01 5.665810909321040700e-01 4.928954226935119975e-01
5.792819584119972554e-01 5.579941539528562311e-01 5.618498089093281189e-01
6.239049528415725465e-01 5.628194188153183841e-01 5.121290951612997855e-01
6.301683822201877838e-01 5.698465909376547733e-01 5.040098820399628865e-01
5.715196516881611011e-01 6.152605931084103030e-01 6.500000000000000222e-01
6.235651025741112408e-01 5.643394316319929604e-01 5.050322093739531004e-01
7.458383949170368510e-01 7.038273251442633827e-01 5.449424049717821461e-01
5.704399163953913776e-01 6.146512623584987622e-01 6.500000000000000222e-01
6.201632519377501263e-01 5.606101579391665757e-01 5.115292748458609706e-01
7.434557438761564274e-01 7.008277067809962624e-01 5.469826392299304008e-01
5.694143770685641259e-01 6.140893967635348005e-01 6.500000000000000222e-01
5.945501661622347722e-01 5.310759850013706540e-01 5.510994767497310320e-01
7.157388636651806912e-01 6.757256905564752447e-01 5.743020540021882558e-01
5.691768285501906943e-01 6.140614653598993611e-01 6.500000000000000222e-01
5.929126751796834904e-01 5.292801871158149263e-01 5.527549582183852728e-01
7.130660452430299667e-01 6.718264026660527577e-01 5.783257700423617420e-01
5.690086948286143809e-01 6.142136398786692819e-01 6.500000000000000222e-01
5.916713897447505310e-01 5.277368689624484244e-01 5.570622684010554382e-01
7.106126429465867700e-01 6.673216710364048287e-01 5.808586405070539360e-01
6.141937330425190078e-01 5.552495628106178804e-01 5.919437150307141904e-01
6.213102953543608864e-01 5.631033295118818005e-01 5.826672683405024200e-01
6.232531518343835675e-01 5.660987741949784491e-01 5.783898486243833625e-01
6.183341522906538046e-01 5.601067850351529875e-01 5.804457827615403520e-01
6.103069330142474325e-01 5.566760857970644016e-01 5.859918575686630104e-01
6.235390019101457737e-01 5.705860615233386834e-01 5.638013022086965087e-01
6.289185357416202660e-01 5.776546623467917474e-01 5.611127869247477529e-01
6.157983009855135803e-01 5.643521119853147638e-01 5.770902977817342627e-01
6.066384370794494219e-01 5.536613401126974088e-01 5.859747937856948363e-01
6.016269316561790870e-01 5.490511361206957819e-01 5.912112817007885157e-01
6.190476104509984312e-01 5.676803095673975674e-01 5.723257042059377575e-01
6.080412208623009462e-01 5.558625758643598314e-01 5.870103235166111988e-01
6.209784923655278233e-01 5.719262665807736123e-01 5.665116805541347000e-01
6.250396916555972515e-01 5.765133627969127872e-01 5.615308956391824591e-01
6.193405371195881415e-01 5.727758275449027492e-01 5.612368359655004468e-01
6.174210257380442490e-01 5.719169870299156688e-01 5.659789673581675506e-01
5.683831530982261793e-01 5.747768946217621799e-01 5.460453191961316399e-01
6.269197820708550806e-01 5.856539565333970243e-01 5.055060271020350715e-01
5.397223232507435409e-01 5.525918661043338620e-01 5.515003243580376413e-01
5.783261893230631223e-01 5.505902032801390789e-01 5.314179200275839232e-01
5.430928095507508990e-01 5.557064810046024039e-01 5.462691073465724134e-01
5.760915908113266592e-01 5.475066617847260675e-01 5.389713559007702770e-01
5.418024063839516069e-01 5.547392003364816082e-01 5.476296151713406779e-01
5.752885725883860601e-01 5.468811138011717699e-01 5.403001540819976078e-01
5.365385113318053012e-01 5.498679380444161380e-01 5.557002970997151348e-01
5.929675690421777334e-01 5.666776789735511466e-01 5.198141158855681399e-01
5.277816617369849306e-01 5.455097422849237709e-01 5.615283023768945503e-01
5.797418108046913376e-01 5.585595206788531719e-01 5.271872377837899526e-01
5.256238638800065921e-01 5.434084871639364156e-01 5.671244503987520336e-01
5.254103165152780308e-01 5.452053952609652310e-01 5.633477111213942568e-01
5.693140119790840448e-01 5.502765130329457799e-01 5.386253754032919172e-01
6.591822281004173778e-01 6.126195562674452422e-01 5.495559149604776206e-01
6.633840457691836390e-01 6.158885811259237064e-01 5.470062034964197073e-01
6.583696561911832612e-01 6.102352765717429239e-01 5.519164677970390676e-01
6.550153447222650804e-01 6.061673650641793420e-01 5.562169811641213268e-01
6.237285042126612389e-01 5.706552105700799515e-01 5.970094320529713006e-01
6.246151623451947632e-01 5.724863813880900487e-01 5.939860324794838942e-01
6.164888707655371558e-01 5.640874492278828978e-01 6.030002474670105306e-01
6.345260001468779887e-01 5.826377509022289125e-01 5.823584226043830858e-01
6.365438950678689034e-01 5.852152954862471779e-01 5.790739777325785154e-01
6.439931560828301427e-01 5.924222329915354024e-01 5.713472430409025637e-01
6.289410688996756038e-01 6.056553108854252354e-01 5.403332065429098385e-01
5.876570718182099196e-01 6.233378407463738835e-01 5.600075796577294041e-01
6.289751303355486378e-01 6.060199100675565109e-01 5.397988110040750076e-01
5.877011355475105780e-01 6.233646455434160849e-01 5.600166444078147343e-01
6.288031971447288759e-01 6.053481078577255259e-01 5.405292541717910959e-01
5.882587526554383661e-01 6.234305433352590464e-01 5.600313594561419084e-01
6.291415070549477573e-01 6.057037169902937945e-01 5.401680349465934894e-01
5.870966997830634471e-01 6.228416819535134152e-01 5.600419979208312027e-01
6.294331690934578116e-01 6.055525427761890844e-01 5.402717340162860316e-01
5.867995325819465036e-01 6.225374455017899100e-01 5.600905658904489215e-01
6.037219158054747403e-01 5.970332159236287906e-01 5.328524454979858271e-01
5.444957509918424421e-01 6.354619636793381598e-01 6.667075797857149322e-01
5.947969508661909988e-01 5.836531233688946330e-01 5.492047869896876655e-01
5.601417281993854580e-01 6.068491191627135573e-01 5.629682147083209243e-01
5.946919504103003185e-01 5.835744500509361110e-01 5.493535240433071731e-01
5.600231231381305186e-01 6.067203524116870916e-01 5.631256395404039550e-01
5.950158799706489754e-01 5.837005172780435069e-01 5.491492190763832548e-01
5.598126237101712643e-01 6.065461018663577120e-01 5.632317148376068117e-01
5.945057684390951946e-01 5.835392914922924446e-01 5.493367954678313181e-01
5.600581468061425205e-01 6.065765893672609987e-01 5.636785709524491095e-01
5.942732304973531443e-01 5.833999264552943709e-01 5.491669020759986086e-01
5.593685466600876177e-01 6.060810329701147303e-01 5.638720313592946454e-01
5.943779215926650039e-01 5.835453315224217175e-01 5.491868687604906096e-01
5.595642659418710307e-01 6.061053602567320064e-01 5.642262248229980015e-01
5.938897886566284479e-01 5.834706468774432109e-01 5.492761009791641280e-01
5.589849349617029839e-01 6.056202424606961232e-01 5.649306903639811361e-01
6.071846389956608858e-01 6.001492982522679265e-01 5.244598452680097056e-01
5.555765136465172782e-01 6.047127210891474203e-01 5.627725505614715740e-01
6.052773038150670581e-01 5.978108165061846169e-01 5.296324754655514777e-01
5.555883196259264745e-01 6.048089504701796848e-01 5.625348551346450732e-01
6.047227692886649741e-01 5.971609451061085094e-01 5.301939550056891104e-01
5.553899036470194561e-01 6.048325772152741697e-01 5.620598151355624683e-01
6.053538006044770770e-01 5.976457571162110405e-01 5.295081553215156278e-01
5.554399220520478409e-01 6.051442099542175823e-01 5.617674201145652635e-01
6.180443558487966893e-01 6.098560296051622753e-01 5.143278868860171604e-01
5.557986272472963396e-01 6.059666035866799749e-01 5.605234325188457323e-01
6.192416632604230697e-01 6.111398305818757093e-01 5.128678229992108539e-01
5.558048682307364929e-01 6.060657564877818260e-01 5.602513680460134982e-01
6.197898876190133244e-01 6.121107869864953477e-01 5.117585930623773649e-01
5.559731913505921996e-01 6.063645848842053043e-01 5.600954568207091588e-01
6.210315324197669407e-01 6.140465796757935690e-01 5.104028154346798019e-01
5.563139701178204666e-01 6.068825100508553616e-01 5.599944499025111266e-01
5.811420786792971249e-01 5.371319088861737923e-01 5.200778614113487075e-01
5.851886100308194560e-01 5.410376439271826765e-01 5.138793585507941408e-01
5.964751054207646508e-01 5.516024959973563346e-01 4.993385871433820844e-01
5.810345766772347931e-01 5.368131586350273210e-01 5.208393712795960084e-01
5.810135704596393058e-01 5.365786691806530007e-01 5.211702255675833007e-01
5.950391187924064518e-01 5.498409179743957154e-01 4.994622701030622669e-01
5.949906106501707814e-01 5.497276424703599895e-01 4.997251980102558888e-01
5.803426695320388351e-01 5.359511790590257840e-01 5.214848778944705110e-01
5.854372614713044820e-01 5.400390935846155482e-01 5.147713656432312268e-01
6.016726526687197207e-01 5.554668619969038712e-01 4.914723237552867663e-01
6.472143264723613232e-01 6.484141069684771219e-01 5.644564436296055643e-01
6.412777572533943093e-01 6.402936491782300621e-01 5.722037040014659182e-01
5.635763015672305976e-01 5.321947100520880714e-01 5.121463864909455710e-01
5.772265544487912292e-01 5.458367192149415903e-01 4.899768755098117268e-01
5.693744697168744429e-01 5.380337433467154984e-01 5.020954648393698427e-01
5.697275569618960311e-01 5.379770825128107337e-01 5.032073074167479065e-01
5.578156428912073306e-01 5.266132112457135861e-01 5.208940124363269364e-01
5.710978358671743305e-01 5.398586456174562231e-01 4.985453425815513651e-01
5.684432107689316727e-01 5.368158790101851263e-01 5.041098283150184933e-01
5.683365576887013937e-01 5.370638124311563066e-01 5.034682816671428585e-01
5.708832321789119035e-01 5.399077286333242576e-01 4.995417196541216409e-01
5.749594212785156255e-01 5.440251092942064437e-01 4.907917544405461241e-01
5.707791108751172349e-01 5.399038143336362117e-01 5.003092729180821374e-01
5.643847247485045404e-01 5.328617962154125198e-01 5.101532252214366903e-01
5.751675621303145025e-01 5.439561454029253618e-01 4.902501583497906879e-01
5.680480668121301591e-01 5.378070173533755494e-01 5.009398424319907450e-01
5.647771475889422632e-01 5.391566698847837236e-01 4.979201401882139000e-01
5.644036596323646071e-01 5.402691606241951661e-01 4.976995123380513197e-01
5.592485599242942307e-01 5.349926601512001723e-01 5.047534750066070552e-01
5.633393083100777243e-01 5.379743504784946229e-01 4.998554308289687165e-01
5.683617505416898030e-01 5.426624028755708817e-01 4.993354777068659267e-01
5.649602945300585821e-01 5.400206044473457867e-01 4.980952242438094202e-01
5.630599388103390002e-01 5.392237672633583001e-01 4.971352728624715001e-01
5.530615232758674393e-01 5.288349430597403256e-01 5.168927190068716149e-01
5.628964683826885862e-01 5.409417633623480048e-01 4.973616237999223810e-01
5.620547664033060942e-01 5.392457365161802407e-01 4.980417762176250762e-01
5.560328317168210521e-01 5.342825953758130186e-01 5.052786691780221107e-01
5.513244813907310915e-01 5.286595577676800328e-01 5.165895435336129715e-01
5.633374944302228515e-01 5.412421885269510513e-01 4.946952136049755366e-01
5.520337613019761225e-01 5.298196238891946797e-01 5.151760501308866314e-01
5.522769539571296127e-01 5.307951183894474845e-01 5.146648309728845128e-01
5.620100907923769595e-01 5.420928337625512405e-01 4.965993164793368608e-01
