5.679423019332509037e-01 6.085295288645957701e-01 5.990459309789550879e-01
5.916229963649990431e-01 6.029909365541400446e-01 5.723348296434203064e-01
5.972760951950059072e-01 6.006495075178900356e-01 5.685778111899189025e-01
5.943599096965713757e-01 5.962252727334481639e-01 5.732419594503777027e-01
6.234384730786501905e-01 6.074323748696677239e-01 5.442807678841601327e-01
5.697165706420779241e-01 5.385974187384632295e-01 5.305186950502052134e-01
5.814945241502356144e-01 5.493300099322223629e-01 5.130526323062467586e-01
6.588275634094171718e-01 6.625424573601460532e-01 5.714205526449245287e-01
6.850289743360596928e-01 6.841242024525361343e-01 5.444757737856970037e-01
6.319588867228232987e-01 6.537410493655313459e-01 6.003036163962240934e-01
6.338260953415080223e-01 6.559075907551643603e-01 5.979367419686322238e-01
6.322954508438546339e-01 6.544874982496001747e-01 5.995041602401045555e-01
6.297825741077014428e-01 6.519397977694173507e-01 6.018151192842848829e-01
5.422578391089186711e-01 5.957867786215296224e-01 6.795992997285514869e-01
6.388574819383129322e-01 6.296191044958860950e-01 5.628999884830230283e-01
5.936947609534977133e-01 6.175714019890258255e-01 6.079532322092442431e-01
6.073223548941221184e-01 6.221672019776290918e-01 5.943255752552623061e-01
6.108877298631135710e-01 6.209218962547584653e-01 5.901033692924857466e-01
5.879926134326289855e-01 6.204913656344148709e-01 6.126748628959929333e-01
5.898367823941933485e-01 6.223551125327650979e-01 6.105446125736824214e-01
5.828847768585868616e-01 5.530865070885169210e-01 5.352817440397240611e-01
5.928386361148387795e-01 5.642622355377541199e-01 5.684592087953825867e-01
5.505316854452013686e-01 6.108348839185052670e-01 6.391002880276890341e-01
5.606105102283924779e-01 6.140545868184867917e-01 6.204356463819973300e-01
5.880699726806650762e-01 6.216451810680780898e-01 5.873698201005920216e-01
5.999803740723301804e-01 6.229501035731309644e-01 5.753637784956193713e-01
6.076026325853821630e-01 6.174295255802935145e-01 5.697147853819751750e-01
6.224288085675226956e-01 6.201039121990412628e-01 5.565973605121468104e-01
6.533615727866746159e-01 6.349041447906101920e-01 5.275077664488505569e-01
5.905346469106519391e-01 6.266975687638739467e-01 5.846743548868710283e-01
5.563586717240789348e-01 6.863129532984590941e-01 6.724933674297099984e-01
6.050772015282896987e-01 6.341439672032838093e-01 6.033404496518983695e-01
5.853242182516478209e-01 5.579664569787480266e-01 5.236305011452548897e-01
5.835521242339496428e-01 5.521241971282129235e-01 5.476866695375356420e-01
5.375918258639378333e-01 5.835116082496615286e-01 6.568032348655730157e-01
5.865075735571954052e-01 5.928843361458819849e-01 5.942506963396920749e-01
6.273357625616244881e-01 6.105338107389198798e-01 5.541532540333171664e-01
6.053892171999442073e-01 6.002279934797466465e-01 5.963177582403721422e-01
5.996208089199561719e-01 6.085096591469649763e-01 5.973852221166239262e-01
6.061643257130744367e-01 6.124811700286759697e-01 5.922571746128828529e-01
6.407812578219002075e-01 6.248450316885233446e-01 5.571833287715401983e-01
6.428202679782633044e-01 6.206461512913485912e-01 5.585905405032057791e-01
5.979727195267262596e-01 5.655099937747164462e-01 5.658091922215924274e-01
5.746274644720551494e-01 5.909788829191001680e-01 5.939316910055482124e-01
5.821296872995863625e-01 5.898302735897225091e-01 5.813945429552173083e-01
5.955172077443079415e-01 5.953364431519847511e-01 5.800838640212424568e-01
5.585627241203846571e-01 6.043848004808611840e-01 6.232867218814464039e-01
5.997757493450195376e-01 6.026922065033460951e-01 5.805617435679825133e-01
5.988762454421805437e-01 6.112241165521681285e-01 5.939177843653054012e-01
6.311706676121021653e-01 6.176691918331043141e-01 5.608948210771033116e-01
5.795066026186268537e-01 6.094130480106653147e-01 6.191667416521174916e-01
6.339760940826164592e-01 6.222836631205267421e-01 5.675404978144316104e-01
5.687603168250997543e-01 5.868754304209047312e-01 5.838493433465773430e-01
5.683896085855965064e-01 5.869320832489013373e-01 5.890946220591941618e-01
5.996891766903759136e-01 6.038319465701194044e-01 5.865976637090288826e-01
5.975708281674271261e-01 6.016223471975159498e-01 5.984391723833371035e-01
6.018744289111835899e-01 6.076570749701252216e-01 5.946226998021755250e-01
6.017754848714578220e-01 6.093904230350415396e-01 5.980248929706580840e-01
5.439407675014915622e-01 6.097517177602383986e-01 6.476587678566472217e-01
5.774780379439103939e-01 5.968482327591375647e-01 6.399147604295813974e-01
5.773355899320137263e-01 5.922186676249513448e-01 6.423970576097781660e-01
5.827449706846546951e-01 5.939523992259262419e-01 6.399311155480251756e-01
5.800054905482907586e-01 5.870259874815296763e-01 6.435741732921734792e-01
5.920945753790041177e-01 5.945292691781691730e-01 6.213824552785358613e-01
6.141607999098809278e-01 6.024860078329609125e-01 5.964598409171285587e-01
6.058765676576189918e-01 5.930686074589814893e-01 6.051307023685351671e-01
6.150155471714637834e-01 6.031247840211775291e-01 5.725029662214385917e-01
6.015367922401988476e-01 5.861204056287671049e-01 5.601708511759577735e-01
5.904378021271020627e-01 5.647380382423297096e-01 5.629800805705135192e-01
6.369545666427838260e-01 5.877406439556057682e-01 4.874954199661948318e-01
6.523490010044001863e-01 6.621178247782347759e-01 6.208954606983835278e-01
6.109799825229633718e-01 6.562471927972954866e-01 6.615218860409421975e-01
6.346486319478142901e-01 6.590990788042478954e-01 6.354955699270030678e-01
6.337023804366732627e-01 6.573294022787952162e-01 6.369045487968577612e-01
6.348981342189272681e-01 6.586659526760414440e-01 6.348820015762536295e-01
6.895869206314102495e-01 6.861202063788565120e-01 5.845475836369048439e-01
6.939115979459790085e-01 6.905937066573203387e-01 5.758767715527405295e-01
6.128979094565076835e-01 6.273792463293943467e-01 6.283627425776263653e-01
6.121374240870659511e-01 6.262278837641046536e-01 6.284530175871749780e-01
6.104364587419189858e-01 6.247779605178226392e-01 6.299009379246049978e-01
6.083531839078591963e-01 6.240434768637997953e-01 6.312986393876628410e-01
6.265617068046464011e-01 5.813108173187129246e-01 5.322848062943976721e-01
6.077467192249602634e-01 5.731683433975102160e-01 5.923439258445822864e-01
6.323293053652032647e-01 5.841933209987980602e-01 5.720664496124467924e-01
6.244581392926864538e-01 6.145776054092788598e-01 6.098349486094227778e-01
6.885494398163553020e-01 6.507067666619742452e-01 5.423452096397630706e-01
5.965646918356370954e-01 6.054726561053630496e-01 6.403696760589474568e-01
6.057953474008361816e-01 6.141036607777341505e-01 6.248615372626165065e-01
6.388331770769588580e-01 6.164590669301942549e-01 5.791766688264450291e-01
5.753616572223876346e-01 6.008891981579741470e-01 6.617083228901500247e-01
5.868868454665452372e-01 5.883762672578657371e-01 6.386863044731504457e-01
6.699902988487559385e-01 6.319707624689805403e-01 5.705827916645764830e-01
6.129185074922769427e-01 6.119519355445782738e-01 6.304604050017165173e-01
6.541546417006491865e-01 6.399723479188142994e-01 5.836300404866507918e-01
6.060632470516932324e-01 6.141122670758172308e-01 6.357979055897990950e-01
5.946345812488186278e-01 6.322739936714725228e-01 6.791886531630980661e-01
6.623019386963804322e-01 6.544922681575745527e-01 6.047353676061205663e-01
6.201781698690029820e-01 6.039387903433530713e-01 5.811930914934104742e-01
5.991623253414577466e-01 6.021066992189575418e-01 6.116026658471636068e-01
5.732263137461740543e-01 5.940019562129228436e-01 6.479008652089460751e-01
5.762687363032098498e-01 5.994932756771429450e-01 6.558891199481485801e-01
6.259683497168461175e-01 6.147574115728129396e-01 6.089417810307421464e-01
6.726034028698110179e-01 6.331620055388809121e-01 5.627129486424816696e-01
6.255541824891212022e-01 6.489523737626363697e-01 6.248780554760557937e-01
6.300938379151678204e-01 6.509618149855145308e-01 6.379241416130323472e-01
6.082334010023886517e-01 5.558741790984353948e-01 6.011985778648701872e-01
5.882470138290898376e-01 5.861286679287442958e-01 6.100278202168685215e-01
5.885097867171229513e-01 5.869225855802424618e-01 6.133462750961443666e-01
5.943680819050578545e-01 7.073373760617160944e-01 6.826830166245312359e-01
6.573771406676496287e-01 6.136327840410799039e-01 5.705651902559321087e-01
5.750879452979633655e-01 6.254231411261360618e-01 6.552890617015703079e-01
5.806536609437844554e-01 6.304009429575022638e-01 6.520889447295549202e-01
5.985097155063567875e-01 5.954456966074116453e-01 5.387176644795201863e-01
6.169323315084060955e-01 6.095770333197082502e-01 5.155626078197711459e-01
5.630287629324230991e-01 5.765753974968031992e-01 5.809580161378785634e-01
5.632771241301349763e-01 5.797697766767758720e-01 5.785201112142233093e-01
5.284269536919395938e-01 5.377648045937691856e-01 5.387765036706092525e-01
5.713045822334386070e-01 5.613509984568310074e-01 4.905048069482017548e-01
6.353070945860949115e-01 6.523595635753220989e-01 5.590510389141145620e-01
6.407116208707275273e-01 6.559205084521518847e-01 5.565721661224303229e-01
6.516851283861341271e-01 6.626833180076412422e-01 5.442336120348896245e-01
6.512363460294525730e-01 6.600726000488813527e-01 5.480894306242841685e-01
6.091707156680447044e-01 6.461476923760853808e-01 5.849107643701416670e-01
6.030406933750738219e-01 6.392570247416232698e-01 5.911868886364997078e-01
5.203313700931664343e-01 6.026247099291847098e-01 6.508241992867074277e-01
5.158267562151871433e-01 5.916518141839880451e-01 6.582086978501211494e-01
5.431515773702653149e-01 6.012141876717186362e-01 6.228335271811694662e-01
5.623303031850049871e-01 6.101802115813682592e-01 6.007745652241039958e-01
5.887317243266474431e-01 6.121735656490049360e-01 5.760915239909751850e-01
5.783245992546673930e-01 6.156365427464633999e-01 5.850055100316358114e-01
5.831481819234125563e-01 6.181699243722729165e-01 5.782627961729590593e-01
6.252586522930038138e-01 6.387114183059067196e-01 5.340513250241690768e-01
6.340291147250861625e-01 6.412740453378972250e-01 5.247383469915074539e-01
5.082636941998663893e-01 6.561283149406920145e-01 6.937481105518223945e-01
5.776666836671514593e-01 6.113527414548433070e-01 5.858048396892914234e-01
5.552427049934376413e-01 5.468344730916713248e-01 5.356437503096799224e-01
5.600195612265809197e-01 5.493868020465170199e-01 5.733537319339179206e-01
5.640943513765226403e-01 5.544032238132090562e-01 5.670179460918051140e-01
5.081430727620882548e-01 5.790717111183957266e-01 6.596631350151583861e-01
5.013297003331048662e-01 5.600299070930913059e-01 6.891116997869191074e-01
5.054787085166319027e-01 5.585602935257242274e-01 6.849975100567963215e-01
5.030986851022847262e-01 5.521146275855918217e-01 6.917735768398043383e-01
5.239228916493695598e-01 5.589230413651762319e-01 6.594996920268398899e-01
5.304645509303675954e-01 5.659538912335895233e-01 6.430775692578961644e-01
5.393901009243424749e-01 5.708827406878231869e-01 6.358637798228192750e-01
5.476897247990468731e-01 5.706369663289685423e-01 6.260763727976955684e-01
5.561610720139207320e-01 5.730881921052984884e-01 6.171090734808990508e-01
5.558661140570171355e-01 5.707751222237931188e-01 6.167768651710300309e-01
5.536720783714741412e-01 5.610175790170497390e-01 6.230901902777661316e-01
5.717575511738164362e-01 5.736584299028882894e-01 5.981297282820294825e-01
5.862853961638199163e-01 5.833144783316676074e-01 5.778152234085934813e-01
5.876652882823364399e-01 5.789616396011503241e-01 5.830561950025715534e-01
5.092335190836310144e-01 6.369627406728146646e-01 7.213420536389822946e-01
5.126055466992219811e-01 6.419840073200773212e-01 7.128887352872517180e-01
5.726237299493879274e-01 6.148723038922261352e-01 6.092806424435965873e-01
5.881521989063602796e-01 6.281157138539672502e-01 5.888191129238549149e-01
5.352856323907035918e-01 5.387625190238359840e-01 5.938536268677043761e-01
5.484747642537033396e-01 5.704110052795284824e-01 6.121769852285849911e-01
5.608724305938775911e-01 5.711176332774324793e-01 6.004144868134478896e-01
5.254994421034366869e-01 6.551240514806551118e-01 6.877407078681854191e-01
5.110554761769197096e-01 6.498637892932155324e-01 7.055899090967795440e-01
5.444620677394700348e-01 5.820966367303521682e-01 6.315770110543112992e-01
5.475826087716086921e-01 5.764816350878266826e-01 6.262142644314966367e-01
5.633059179740464995e-01 5.865721438363293849e-01 6.100628412929899325e-01
5.682101503851505475e-01 5.903022273800264674e-01 6.044835263186105756e-01
5.686013653522727918e-01 5.906757718208965890e-01 6.032115702453394457e-01
5.632367051083477794e-01 5.826497067775852079e-01 6.090738058157032508e-01
5.978699647140479634e-01 6.051773965825725243e-01 5.666828255898554989e-01
6.015619005421714016e-01 6.064078848530627397e-01 5.622407276382772601e-01
6.065340393627018933e-01 6.083621955152568317e-01 5.567669658911178487e-01
6.032993295413791035e-01 6.020801439249359177e-01 5.626904892116547652e-01
5.423276577927065301e-01 5.656348493888694318e-01 5.958852560350292871e-01
5.094901462637029255e-01 5.688743877956931039e-01 6.565575995299889334e-01
5.590298059970424394e-01 5.783453321024608629e-01 5.909835455437250085e-01
5.265612586616336133e-01 5.563171937299051795e-01 6.536884725753190351e-01
5.133437975003231069e-01 5.686997564400636529e-01 6.715573858383804273e-01
5.575991495743966020e-01 5.756245028323011548e-01 6.098257866998709753e-01
5.070450914482212967e-01 5.571631761426891760e-01 6.849403240684986960e-01
5.570289350664802130e-01 5.869982857299499424e-01 6.112914766071797512e-01
5.691738336901017714e-01 5.878491557096703346e-01 5.980553468628249103e-01
5.184210466569942888e-01 5.839689065127342538e-01 6.539944993547472940e-01
5.641459488122527732e-01 6.030228002131911014e-01 5.997333574988572558e-01
5.780539201672914018e-01 6.045643543784579022e-01 5.840455573835777736e-01
5.145604185039844847e-01 5.618832591776797836e-01 6.679479839681470299e-01
5.483773076720682704e-01 5.551120907029873930e-01 6.218682947516116499e-01
5.140792957812458930e-01 5.637921720905749723e-01 6.707801493665910275e-01
5.503752681967398752e-01 5.615612141430652571e-01 6.205073209416031021e-01
5.308184206451456166e-01 5.643454273117416431e-01 6.468812293370775901e-01
5.301236774973427934e-01 5.687270625098721499e-01 6.472167902282924823e-01
5.402152018415709023e-01 5.857261582453190396e-01 6.301193353774703354e-01
5.550990498231341830e-01 6.093584356397112600e-01 6.049248064002504810e-01
5.520346744464376121e-01 5.642045940688390493e-01 6.214437845046925091e-01
5.584297599223586595e-01 5.706056813859923249e-01 6.154559502975491814e-01
5.592300456732558489e-01 5.735349913008438438e-01 6.156955097322029946e-01
5.570643564206676501e-01 5.726521605471097676e-01 6.228588445988250122e-01
5.591827053495346256e-01 5.773467425839940992e-01 6.146171652676529762e-01
5.727641191232679674e-01 5.942461246024163257e-01 5.926567306336516516e-01
5.797322849468445893e-01 6.055720729982639883e-01 5.839525894915513771e-01
5.858774061280493939e-01 6.168944521441317441e-01 5.778832272470276754e-01
5.563476572171945911e-01 5.819767716300966454e-01 6.483252686084784999e-01
5.717466769278681804e-01 5.929864806734670424e-01 6.253623981241522856e-01
5.734125054741160410e-01 5.909560596404755950e-01 6.250214144825707585e-01
5.757371708059871862e-01 5.909442599841104871e-01 6.243905573112725760e-01
5.777927852557034338e-01 5.914136910414181658e-01 6.237178574275128451e-01
5.776267226997443549e-01 5.892674529657140337e-01 6.260376614317688659e-01
5.753621560816007952e-01 5.847455081075326744e-01 6.305931078035441617e-01
5.820469566155846985e-01 5.866549418806393801e-01 6.172649748248180135e-01
5.778535162152612648e-01 5.818649096414384436e-01 6.236031237432627661e-01
5.813508860767819808e-01 5.850804391450769026e-01 6.189863689500133548e-01
6.024776914392079297e-01 5.925490469153139594e-01 5.950155167024734348e-01
6.002978922211228419e-01 5.901021827133604569e-01 5.958825124618332136e-01
5.688290730960625652e-01 5.334949501678716288e-01 5.612666616578048107e-01
5.912975171571724919e-01 5.829809649734888355e-01 5.836591317435730897e-01
5.697149663702852918e-01 5.463860596166895123e-01 5.745885121112040972e-01
6.074151165067237512e-01 6.495817176506013535e-01 6.476536059190340922e-01
6.077681943461054059e-01 6.458683421842508210e-01 6.514555933115613318e-01
6.424658364673164757e-01 6.612178906739231143e-01 6.117931814082645525e-01
6.499688784037220834e-01 6.684626308364169933e-01 5.993580838082208651e-01
5.971097949795124427e-01 6.485241002308089753e-01 6.544733722753687255e-01
5.987065540340911207e-01 6.488687204244916185e-01 6.539362769625559624e-01
6.261247586122776765e-01 6.598494045214388093e-01 6.255046672864238433e-01
6.219923886225482423e-01 6.533279713412083467e-01 6.290973966750844637e-01
6.208100154539005766e-01 6.513904710338661586e-01 6.309157615177327649e-01
6.257521558976677500e-01 6.584011360153915193e-01 6.264081961079165373e-01
5.938801030887058685e-01 5.623049969430812256e-01 5.668964431350385080e-01
6.068830537923296520e-01 5.659775503300461530e-01 5.613658292755734358e-01
5.731887946520098920e-01 5.713592602738188919e-01 5.883105311241980662e-01
6.742816686518129377e-01 6.539765169495433961e-01 5.456539786838376926e-01
5.936467773968956418e-01 6.012907658545095790e-01 6.400761534872900782e-01
6.148336457677665567e-01 6.130697247380416659e-01 6.132782240946826890e-01
5.770358560741006837e-01 6.098855291541627199e-01 6.579440902155265780e-01
5.883905367358247540e-01 6.153116182980321591e-01 6.427771958434971289e-01
5.825722730406054373e-01 6.140275476737067084e-01 6.481202349663803819e-01
5.943695800988004763e-01 6.129654077874129303e-01 6.363821679752439398e-01
5.906358815591735700e-01 5.634847907371096642e-01 5.948695718295728962e-01
6.024836001901967553e-01 5.718017969772146714e-01 5.758521937739403684e-01
6.031742038404185324e-01 5.994325229436956448e-01 6.102512298245699185e-01
6.234417896705038986e-01 6.363997597896905445e-01 6.159688598829804462e-01
6.109517602769224398e-01 5.772945097686128513e-01 5.585133877058811036e-01
6.193478327982774312e-01 5.909031191729010590e-01 5.648444641491637830e-01
5.628968970238164005e-01 5.858291576738827722e-01 6.502649850726297531e-01
6.142346537220727543e-01 5.968005259631914416e-01 5.944474978383433861e-01
6.071040750485715565e-01 6.024581318860970924e-01 6.183768150214564718e-01
6.004406749629703777e-01 6.253620461233159178e-01 6.142090577568865006e-01
6.061742442218611693e-01 6.197237862683279142e-01 6.115583154375612285e-01
6.143315298000148195e-01 6.081202349460804735e-01 6.285515284354714627e-01
6.015258505392351296e-01 5.546119224470353881e-01 5.783702733250105643e-01
5.920143342290877797e-01 5.826280151393358198e-01 6.046017721025811475e-01
6.640901261285444557e-01 6.300379030410858672e-01 5.242403841798867203e-01
6.788989563068256183e-01 6.487475308465291413e-01 5.142687483350326660e-01
5.956398112268587175e-01 6.107410231635341802e-01 6.221116984259117411e-01
7.015006045851476246e-01 6.718686888647703581e-01 5.109041136796653726e-01
6.094906641267197056e-01 6.290633276907832139e-01 6.138729578600583547e-01
7.188534105780449712e-01 7.008869649325455420e-01 5.170445246849322274e-01
7.212229967449704793e-01 7.011990805068979427e-01 5.259886619668949770e-01
5.766962444101016994e-01 5.804495028659516498e-01 6.271907361445775431e-01
5.794566603197569554e-01 5.809216967135124587e-01 6.337620069792446742e-01
5.787783760632818630e-01 5.820078963877665101e-01 6.317247940073650314e-01
5.887101918227537478e-01 5.977167430611787236e-01 6.181515353322040163e-01
5.892161383942950970e-01 5.994768546827721201e-01 6.385475816560538531e-01
5.922410190340335889e-01 6.073009365019631511e-01 6.376542168143370937e-01
6.048619916646998940e-01 6.297547183399272441e-01 6.354364173677966576e-01
6.069121766183532829e-01 6.313284774306732183e-01 6.382582301809993641e-01
6.004187712883775063e-01 6.220095365698021794e-01 6.553878007200657496e-01
6.085885780680030388e-01 6.322253006741549441e-01 6.481643996234530691e-01
5.538198954167948829e-01 6.158053705447208426e-01 6.512276207012729357e-01
6.256147774706133369e-01 6.141346613601087467e-01 5.202910381695584618e-01
5.636911944031819388e-01 5.390249145851825352e-01 5.264964277564790907e-01
6.260872703388785654e-01 6.436538786508471111e-01 5.910829129793019332e-01
6.676371291278153652e-01 6.648306142698254817e-01 5.495727050154972648e-01
6.658961078342071627e-01 6.628156673020628720e-01 5.525479355031174267e-01
5.784942875398956241e-01 5.551919621654167747e-01 5.484367423875007308e-01
5.779915212806580049e-01 5.518327345077507218e-01 5.583798678697542428e-01
6.193663333654036984e-01 6.399864315283841920e-01 5.609667229824082391e-01
6.176040567020169014e-01 6.341373002988450747e-01 5.641855253866928654e-01
5.867087742764078850e-01 5.893846449045724301e-01 5.536596598999657948e-01
5.746503652005267027e-01 5.523814985543711309e-01 5.750890759953262155e-01
6.010011425309669253e-01 6.155398443753111737e-01 5.711760261632141678e-01
5.361254949978415674e-01 6.705475982339733632e-01 6.796381896481473728e-01
6.199106564319735169e-01 6.056696806515412534e-01 5.557039433486318236e-01
6.531245164754452270e-01 6.537488883030901921e-01 5.426824161382647338e-01
5.877107777168963931e-01 5.866994966731655659e-01 5.412857792149624592e-01
5.766842062425732163e-01 5.724299939894643696e-01 5.563122727687822566e-01
5.792978269680951753e-01 5.575784296941294071e-01 5.602518033161876243e-01
5.827419352045123402e-01 5.598692123064288317e-01 5.509231625907944352e-01
5.389815566520660406e-01 5.771698097197518473e-01 6.413212222215088909e-01
5.952469271943618967e-01 6.024986533375075171e-01 5.692223742389324048e-01
5.952827873151925742e-01 6.176780530641855504e-01 5.860216435153838832e-01
5.986356431639877629e-01 6.095683737563299953e-01 5.818655350510614221e-01
5.758511754754432888e-01 5.931036423190686468e-01 6.340673533752968494e-01
5.851536158241205099e-01 5.924736793145782832e-01 6.244345389749158537e-01
5.855553059928509940e-01 5.868800229616887298e-01 6.300178639870335218e-01
5.852972627003171224e-01 5.818390196464058306e-01 6.266857841585646849e-01
5.976752049728020211e-01 5.718747259344132416e-01 6.225236377872473970e-01
6.110714150605129902e-01 5.839337748339411549e-01 6.032173811718394285e-01
6.038358700064897500e-01 5.852434235197693235e-01 6.111233892558960434e-01
5.993358412469885765e-01 5.750331089031175402e-01 5.801105725087479792e-01
5.847645481726295724e-01 5.487911498989972436e-01 5.721252897335701304e-01
6.911736099706144998e-01 6.638130309991754352e-01 5.853522353438607162e-01
6.203936802582298293e-01 6.652608764251949358e-01 6.351304577310847854e-01
6.194838984887098832e-01 6.536040032970916736e-01 6.443778641814233987e-01
6.308680559972111856e-01 6.530794561290933498e-01 6.373869696792673345e-01
6.226557888419284037e-01 6.648343902609509248e-01 6.349240866033954989e-01
6.313225466493592730e-01 6.527667060642723396e-01 6.373660171685118225e-01
5.973436682946775544e-01 5.483338093797207602e-01 5.861105800399902810e-01
6.648453732396297777e-01 6.370911620186660018e-01 5.756500497490359969e-01
7.074467733117334456e-01 6.617175734077251903e-01 5.333018019572943746e-01
6.014188604542525241e-01 6.358875787232179944e-01 6.321579726059957105e-01
6.073271601243799278e-01 6.376297073222656486e-01 6.256656226660920472e-01
6.103265392082048990e-01 6.361878075449219905e-01 6.240099854789150635e-01
6.069019858261038847e-01 6.283472642573357803e-01 6.294956178614221631e-01
6.104813816929374193e-01 6.237505506429936730e-01 6.297584214596047003e-01
6.070777799978418487e-01 6.179588025834367171e-01 6.356339560478629913e-01
5.936812427929629710e-01 5.569017498274444478e-01 6.087483135512439247e-01
5.974891171988392369e-01 5.523678082219538599e-01 6.096365377296049104e-01
6.051449986564025885e-01 6.260010916851159735e-01 6.109014037330386948e-01
6.074375084120903212e-01 6.133527276454829869e-01 6.126696291007773798e-01
6.344757623901939869e-01 6.285945448404310909e-01 6.211023915123965455e-01
6.220273175771151575e-01 6.622686222836341452e-01 6.153851793070231890e-01
6.284532846471787559e-01 6.542505531442259770e-01 6.161312154016345133e-01
6.065402036249092355e-01 5.826098099625696136e-01 5.805142669490201968e-01
6.409332356359301874e-01 5.893932068028212568e-01 5.391442661430229100e-01
5.613638129552430689e-01 6.099705646301394335e-01 6.387500000000000400e-01
6.159761122021776281e-01 6.284241908926850861e-01 6.128221359340416674e-01
6.332778856919089039e-01 6.291625826537076138e-01 6.170259778660911465e-01
6.995800947630379518e-01 6.638936670198610779e-01 5.462988235459759201e-01
5.825078200619497881e-01 6.207662887144830277e-01 6.106250000000001954e-01
5.748229136273826922e-01 6.168352119849597193e-01 6.218750000000000666e-01
6.111396555232134764e-01 5.495242209001214295e-01 6.005647113887674360e-01
6.385653776248734204e-01 5.852986445480444777e-01 5.718153148311376777e-01
5.540486448290700139e-01 6.045797231897509505e-01 6.564254237566862216e-01
5.618521960644856650e-01 6.160471410349532828e-01 6.539631714830834719e-01
5.812691026196133981e-01 6.069835964477178214e-01 6.313990373556715996e-01
6.315254718259605271e-01 6.084019222278286287e-01 5.889684942468587092e-01
5.657126543113547568e-01 6.202867853352583838e-01 6.654471819922976872e-01
6.051682569820686641e-01 5.382639180506700871e-01 5.998117629730630451e-01
6.024770361076873249e-01 5.392695244370151464e-01 6.041378664521764863e-01
5.947531329098070252e-01 5.887805352181023633e-01 6.085426644954043951e-01
5.944300331117705616e-01 5.896719116964643792e-01 6.122869646545090472e-01
6.543436368111857915e-01 6.065580076698023904e-01 5.490336729024648532e-01
6.503469479648599227e-01 6.006601075053423777e-01 5.627805957735869669e-01
6.516608032040549503e-01 6.034682730793526906e-01 5.636812294691433411e-01
6.590298036534820714e-01 6.120092876442704277e-01 5.583911337637329497e-01
6.746408559707623986e-01 6.286841606424886653e-01 5.596204793089627483e-01
6.823977701942236518e-01 6.372599283740387754e-01 5.584978468012029573e-01
6.055295550599011367e-01 6.095089838799293558e-01 6.289143428559575977e-01
6.126224182328465773e-01 6.195908737337227912e-01 6.222440633923936870e-01
6.096115921281145544e-01 6.141791103524545381e-01 6.321978274402814124e-01
6.045960073647118627e-01 6.126976119820359834e-01 6.418302100236762398e-01
5.635285511481340492e-01 5.911655213647168949e-01 6.264165841990056993e-01
5.727089090923210835e-01 5.915514529051797421e-01 6.189773587857214654e-01
5.740544839405793409e-01 5.862666788314810917e-01 6.166250442369756168e-01
5.774439706541164563e-01 5.861733956308885496e-01 6.133900481552261308e-01
5.838135323795690113e-01 5.773771865196719588e-01 6.095045965255717624e-01
5.712208413772087434e-01 5.588961287639039321e-01 5.884916835859779205e-01
6.009154499621485179e-01 6.428763235961546529e-01 6.471462014026507781e-01
6.146373391943035225e-01 6.440857710629788180e-01 6.364875270902323745e-01
6.031627925280893532e-01 6.470816795218211626e-01 6.436403249717106423e-01
6.213364964065859475e-01 6.505319428758734590e-01 6.276016543965053929e-01
5.779123365950405988e-01 5.458883806236883851e-01 5.831684179756010389e-01
6.075141982784166839e-01 6.115003726765172454e-01 6.135450235627339932e-01
5.901331576178472371e-01 5.436905595647838485e-01 5.963159075475386039e-01
5.819956208898959815e-01 5.538866759263570971e-01 5.972726366659014685e-01
5.433597769934501720e-01 5.997947976999186137e-01 6.387500000000000400e-01
6.306938597266122937e-01 5.932375014453250550e-01 5.626285339629221172e-01
5.955055892834115738e-01 6.147514492076779913e-01 6.210099898125838180e-01
5.829070041531427826e-01 5.889056587134231524e-01 6.130945428201852732e-01
5.845888250078961068e-01 5.916466740713001160e-01 6.206885457448086951e-01
5.937101445510680753e-01 6.082055294309092197e-01 6.284428424447445760e-01
6.101692283093322899e-01 5.732886677632947903e-01 5.289545067591198135e-01
6.349328512345858710e-01 6.493445993627474655e-01 5.553387960214509755e-01
6.718400280223711940e-01 6.520395202911432042e-01 5.291208043007510353e-01
5.790733203050553168e-01 5.570145892354955164e-01 5.856968432754520171e-01
6.113537997776162802e-01 5.786438684868434601e-01 5.463011985348209532e-01
6.220591228075385004e-01 6.298390040067934903e-01 5.546202038873093709e-01
5.790417963293846837e-01 5.874989844912359427e-01 5.558090506690170907e-01
5.923897036696310625e-01 5.892854464132338821e-01 5.432905986607186044e-01
5.729158642869970341e-01 5.707636758949922173e-01 5.661041481155754118e-01
5.895434225341066314e-01 5.564782816328646131e-01 5.619722546222889470e-01
5.916441963613001676e-01 5.925395930902135344e-01 5.523380330015952300e-01
6.002868562960883558e-01 5.722004137681701019e-01 5.511687892364808272e-01
6.049597149284495767e-01 6.329270936435360539e-01 5.683013808894187280e-01
6.365604106287595654e-01 6.392305586759882141e-01 5.388375282737012384e-01
5.774275772353811842e-01 5.905272942580086504e-01 5.968693657536374708e-01
5.535058807804621450e-01 5.468408661142972749e-01 5.772890541802200293e-01
5.693380976315410846e-01 5.646467240505343987e-01 5.651632311501227912e-01
6.163220511776793531e-01 5.861192046585431692e-01 5.986892463776325446e-01
5.833866351101983927e-01 5.953491053305113301e-01 6.336933455083078037e-01
6.256569071175578367e-01 6.006082374431191973e-01 5.866013580759674717e-01
6.030604705283215683e-01 5.717795997222128168e-01 5.508392084937639988e-01
6.170335093406540405e-01 6.554366048425849245e-01 6.494233911947384641e-01
5.880547675928939899e-01 6.090696492380981431e-01 6.629070015846505459e-01
6.008719568763685182e-01 6.124128841799127976e-01 6.454989990957046286e-01
6.124935625252020399e-01 6.251420890362002769e-01 6.298620405460535476e-01
5.840508825407300098e-01 6.225063328801601070e-01 6.162499999999999645e-01
6.160859279116419618e-01 5.576632951666840032e-01 5.954510823442312750e-01
6.470539196179986297e-01 5.935474914159343252e-01 5.792682807316275051e-01
6.079142057278266176e-01 5.391041328738451766e-01 5.962987605146198300e-01
6.000961422602646422e-01 5.977299799073838571e-01 6.053385801690452928e-01
5.892664445321756927e-01 5.891332176701697954e-01 6.383996142643675320e-01
5.636401953294902789e-01 5.859055782615343322e-01 6.443797759139406889e-01
5.793285438420939792e-01 5.936002361964202167e-01 6.297546753845173484e-01
6.013270611704552016e-01 5.809495158091001477e-01 6.042797456016880675e-01
7.228958833709189236e-01 6.930175742229350844e-01 5.444837809586714483e-01
5.896206253254747676e-01 6.460492918718523381e-01 6.741293973339252954e-01
6.163020664072930144e-01 6.493014053239275496e-01 6.464252277015669623e-01
6.168970552599112311e-01 6.577698552179931379e-01 6.398353772686986574e-01
5.992658929083881647e-01 6.284773918227922751e-01 6.354505309860531970e-01
6.070265430871494283e-01 6.237560773380252943e-01 6.280871693845122561e-01
6.133436855756433381e-01 6.295351469698482472e-01 6.178559787008769399e-01
5.745856871429583235e-01 6.338132687755249073e-01 6.391570979009361109e-01
7.017017877079209098e-01 6.744986983140833781e-01 5.463148161573552208e-01
5.893264438211092138e-01 6.397709883302236111e-01 6.617137018789109870e-01
6.188835893434118107e-01 6.531672917020922009e-01 6.206992333244687465e-01
5.764608174371526061e-01 5.741888434384446738e-01 6.041197667819533379e-01
5.568739720052673370e-01 6.072133838776683223e-01 6.387500000000000400e-01
5.832441036734206108e-01 6.088430467068479679e-01 6.041918673803616802e-01
6.201062002552247820e-01 5.921509799144776265e-01 5.690773152450439021e-01
6.509049553939701971e-01 6.065831107297328106e-01 5.586793055040204514e-01
6.727552491222293929e-01 6.330489981056699467e-01 5.501473783737323986e-01
5.911441315979847344e-01 6.038149958858244348e-01 6.634848994128343946e-01
5.837273450581259571e-01 6.204452392125621163e-01 6.646724205125074114e-01
6.026242530696245270e-01 6.504741908210048829e-01 6.475772227755135502e-01
6.138871118649288361e-01 5.549239250892559205e-01 5.686076430231822298e-01
6.269066493322442701e-01 5.767189098052705187e-01 5.639939067842971721e-01
5.917371165987965753e-01 5.913503670690410940e-01 5.985309437808015165e-01
6.392188820610232858e-01 5.934324353547947295e-01 5.525065184620671088e-01
6.014852365165602732e-01 6.006140846296813551e-01 5.865157921841703814e-01
5.928597975402669640e-01 5.945081897047321817e-01 6.213345866185470134e-01
5.650006918336807349e-01 6.006291059113590958e-01 6.683766855390735895e-01
6.255387838061806649e-01 6.208144361995384664e-01 5.967900297277584087e-01
5.832127697388649334e-01 5.935549162973288162e-01 6.269622645517040072e-01
6.051441673198894033e-01 6.311335034385154863e-01 6.315032026567589662e-01
6.233268238035037934e-01 5.852097291583816530e-01 5.570142321154558651e-01
5.765255178362186372e-01 5.662791134143791982e-01 6.098496768492076558e-01
6.284194011835074756e-01 6.469659083612525619e-01 6.133768873586784576e-01
6.699230719997635308e-01 6.648628735878266971e-01 5.707391135509640723e-01
6.156284408484136161e-01 5.823472492623320562e-01 5.541555488957535802e-01
6.056671917068534583e-01 5.765970867038141545e-01 5.539426528144796302e-01
5.991306076893035959e-01 5.750073732319496145e-01 5.549624376240140933e-01
5.665748131481967986e-01 5.252018392681954140e-01 5.382917704388715530e-01
5.870816313482475346e-01 5.478455188449828928e-01 5.181065985231897431e-01
5.249060588740371847e-01 5.473216940300575928e-01 5.915003478626829070e-01
5.112440370501122322e-01 5.465981556685588494e-01 6.316073351420228299e-01
5.033124996238468318e-01 5.510906949751487316e-01 6.616105535401888282e-01
5.212030778958210986e-01 5.436151271965951048e-01 6.283514157542399170e-01
5.189577696764213766e-01 5.799556639012839465e-01 6.308587596680315102e-01
6.188769014307164973e-01 6.007468239598172666e-01 5.907855923568029466e-01
6.116823312294065174e-01 5.546732202622717267e-01 5.521716291969093193e-01
6.016879903972548460e-01 5.425242315085223588e-01 6.162086932573244136e-01
6.073025450946752946e-01 5.461460231864510018e-01 5.953366310241461345e-01
6.090838488865988332e-01 5.868066025676483832e-01 6.054812775303156647e-01
5.867820018797844650e-01 6.226367943413766426e-01 6.049999999999999822e-01
6.120649758070678681e-01 5.507162689969635760e-01 5.524052161820922624e-01
5.971191043622987582e-01 5.350322477126012721e-01 6.171300215804244038e-01
6.244346165849076202e-01 5.590429822883029587e-01 5.777741962715653434e-01
5.649916705262423289e-01 5.862873092416056586e-01 6.458401132518443166e-01
6.199506145757084363e-01 6.412899349970501151e-01 6.492817478393859698e-01
6.835554280928936022e-01 6.426135255352873887e-01 5.559580822266847466e-01
6.076073370050358857e-01 6.544575482988618242e-01 6.305348311534522132e-01
5.671806186630073965e-01 5.637208825726988115e-01 6.164967188364138817e-01
5.989172964484266171e-01 5.963409254138849480e-01 5.951444122896417666e-01
5.636499069278216867e-01 6.103680611135021694e-01 6.331249999999999378e-01
5.560970661894574230e-01 6.067000994519911039e-01 6.443750000000000311e-01
6.127498643117968991e-01 5.584464671962836579e-01 5.836495313333432966e-01
6.341986475394330025e-01 5.826281231106185121e-01 5.627048998247595746e-01
6.460907732291869543e-01 5.967564485922560724e-01 5.496651973577593164e-01
6.589057534242975800e-01 6.116620113016433269e-01 5.386874331980077146e-01
5.556889163550089439e-01 5.777857804787881468e-01 6.565662007653619847e-01
6.118958211948225534e-01 6.358901654754098853e-01 6.516010437025036017e-01
5.659477148817056991e-01 5.633833263516212497e-01 6.031929087136911338e-01
5.632209085696908701e-01 6.040310146741580954e-01 6.805912649220422495e-01
5.914143863548441127e-01 6.116593991483465498e-01 6.456964154882902651e-01
5.619421825755717137e-01 5.852651381780674678e-01 6.234759853156953691e-01
5.986834075886590112e-01 5.748238742138813695e-01 5.801712958542044607e-01
6.825367823787586996e-01 6.488479966080518135e-01 5.249869628985537329e-01
5.823814017355375405e-01 6.144218554776047503e-01 6.299889269210068310e-01
5.992586856701221931e-01 6.486972144055097589e-01 6.354322038944506534e-01
5.793684285116601496e-01 5.787704973015024290e-01 5.884187456346613443e-01
5.896856875862233061e-01 5.894591426257395073e-01 5.978307708875331139e-01
5.870566249277204829e-01 5.863770522118534334e-01 6.258182538514557303e-01
5.891425915703744076e-01 5.949608288687405766e-01 6.435325362121165904e-01
5.587458696868182750e-01 6.078542521962927436e-01 6.331250000000000488e-01
5.966567151692082627e-01 5.515826682044313589e-01 5.902974515844673364e-01
6.238229681612054156e-01 5.807553228769067877e-01 5.617560489208410779e-01
6.669775434054603380e-01 6.338033474465385453e-01 5.150546786345825412e-01
5.726806078826112145e-01 5.744516180980625553e-01 6.301720947741964451e-01
5.829037629020542566e-01 6.581916211770260094e-01 6.619233083459109546e-01
5.948253635640192716e-01 6.466310221575317652e-01 6.561044600565402174e-01
6.417773214646472768e-01 6.467790513214428660e-01 6.144474604731922085e-01
5.805355385855075490e-01 5.961173722482501214e-01 6.517822010071357974e-01
6.499586722230332736e-01 6.177320846351531669e-01 5.282096712018650164e-01
5.622791557019271025e-01 5.481467366356880255e-01 5.986760640531396671e-01
5.863548477300792872e-01 6.044818143928547549e-01 6.411844589678455941e-01
6.311657158506340792e-01 6.386640490939015091e-01 6.150449287158576972e-01
6.386267312114326522e-01 6.140591246270954429e-01 5.287143882725563460e-01
5.564586788431640230e-01 5.549938254543000937e-01 5.834636421928727223e-01
5.969006074692181363e-01 6.599704175783075444e-01 6.335422359111735346e-01
6.354628875744313676e-01 6.535901892902219457e-01 5.993489825857472031e-01
5.876531746884551266e-01 6.163850548422907805e-01 6.207593547424873348e-01
5.549260250494051361e-01 5.698032571781365130e-01 5.431211821369473780e-01
5.725414641996650067e-01 6.147538207161082902e-01 5.648946828383877294e-01
5.643453007305684332e-01 6.105102166640149486e-01 5.750184233124180366e-01
5.958351050163351870e-01 5.562283984085915067e-01 5.015392637075049009e-01
6.006056534338567454e-01 5.593183553562710575e-01 5.092576833165891603e-01
5.458609331659211028e-01 5.609843898310015176e-01 5.526225590175255498e-01
5.360491482475696623e-01 5.556769125101356233e-01 6.123912016855297402e-01
5.335520422985348121e-01 5.569709525594598309e-01 6.059077085674413610e-01
5.116534980314882963e-01 5.536412692458415608e-01 6.383903089493512262e-01
5.758675319338050214e-01 5.512300737497360936e-01 5.511227122540808265e-01
5.097530877234225377e-01 5.751913159503809769e-01 6.406709100486425168e-01
5.301310388338520418e-01 5.557579451282007588e-01 6.035197914447849588e-01
5.049462741942610799e-01 5.490684839737324241e-01 6.402167081764572609e-01
5.723835349354442492e-01 5.506958490546407514e-01 5.487906798049756452e-01
5.845926411054759297e-01 5.700457795981871412e-01 5.478984386663712236e-01
5.952626654197991085e-01 5.930209880661314603e-01 5.725830725565411727e-01
6.128064694197477014e-01 6.367143922827478431e-01 5.824999999999999067e-01
5.801894452591963569e-01 6.199887148868172826e-01 6.274999999999999467e-01
6.198913466655626703e-01 5.659979850178826766e-01 5.251187056354978955e-01
6.176003114680671535e-01 5.613533868150104578e-01 5.481149520245188755e-01
6.095687782552774436e-01 5.495094228321859564e-01 5.988492694043188180e-01
6.050766503422917442e-01 5.526629859729497163e-01 6.092013920190123555e-01
6.048515364219747559e-01 6.322794716507930124e-01 5.824999999999997957e-01
5.996534335804962756e-01 5.416115223135100631e-01 5.492759447097941283e-01
6.076384290963702250e-01 5.485153178225705695e-01 5.646341796191999274e-01
6.197682642019561872e-01 5.506819626159913383e-01 5.676737339180881747e-01
6.088266679570216722e-01 6.586377861907684039e-01 6.537399137430643936e-01
5.859161758643040008e-01 5.932123974660648003e-01 6.634362100083409652e-01
5.744526057086323245e-01 5.688257473688329569e-01 6.207955169672070284e-01
6.125249516925350690e-01 5.498448627895476948e-01 5.820380138104165324e-01
6.052203289405717612e-01 6.553079098957571569e-01 6.536771933376019916e-01
5.911027004013742481e-01 6.013790687133770962e-01 6.530262437177443147e-01
5.736569351046798548e-01 5.722518434200318804e-01 6.162659698188525104e-01
5.987327482383913990e-01 5.424149709738461667e-01 5.895339615531030031e-01
5.836536217571726137e-01 5.223577684965795553e-01 5.500756399894772830e-01
6.021209915485913333e-01 6.524106456193570214e-01 6.566489619669254596e-01
5.804559356084467714e-01 6.193087903852015907e-01 6.049999999999999822e-01
5.727741194350329801e-01 5.715890766608050511e-01 6.129702494889835984e-01
5.734372022530361823e-01 6.154295525443076453e-01 6.162500000000001865e-01
5.560012392094664246e-01 6.064412223729652718e-01 6.387500000000000400e-01
6.040951725370047320e-01 5.487808226496575514e-01 5.719522736046204203e-01
6.170210508515960868e-01 5.658608192275552673e-01 5.595105708331900018e-01
6.128167873996425152e-01 5.653604466288578712e-01 5.725844616384530017e-01
6.551026273313286241e-01 6.117416959494405004e-01 5.336596662329109453e-01
5.952168305081650956e-01 6.455653020056684177e-01 6.626894794585572734e-01
5.684462858808065899e-01 5.682314919990323343e-01 6.153391038068160013e-01
5.528311023637302313e-01 6.049161091854966532e-01 6.387500000000000400e-01
6.104375722406568672e-01 5.685234902005382729e-01 5.717338772771675126e-01
6.489290350851437683e-01 6.110708012410930312e-01 5.334999315084085758e-01
7.387621462309093001e-01 7.205803710363321013e-01 5.168995959184269351e-01
7.366480238858035268e-01 7.181187856038478978e-01 5.177613524783616361e-01
5.731339280285921989e-01 5.771799348467891999e-01 6.225840411135378227e-01
5.729847392999617428e-01 5.791153697328522698e-01 6.220264754602149448e-01
5.715064169061104815e-01 5.858971485975845717e-01 6.076645556436506279e-01
5.717785760293474517e-01 5.902933487887112030e-01 6.023902855353375774e-01
6.045069286101429906e-01 5.597871300615335777e-01 5.064754969781464222e-01
5.688913240492244894e-01 6.130441922616848283e-01 5.699370126389072810e-01
5.852939815661707401e-01 5.445104953286279414e-01 5.283963332584031836e-01
5.666322872163439550e-01 6.114244158627134551e-01 5.698595693407195739e-01
6.588650993860789562e-01 6.461653398055144937e-01 5.265078485148286802e-01
5.630391999491720645e-01 6.104006654746534366e-01 5.696511610732125641e-01
5.468241893236054363e-01 5.567962091673286373e-01 5.516532919124138568e-01
5.938796487538854363e-01 5.651576185815176956e-01 5.248284568994490140e-01
5.492633462418453627e-01 6.037789222396975353e-01 5.789906480224802365e-01
5.172337754474048976e-01 5.819560097157527867e-01 6.340528860138844314e-01
5.580934715028254001e-01 5.289029766871958804e-01 5.368831294344625915e-01
5.714472790322719931e-01 5.449297814469389323e-01 5.347678294841256008e-01
5.679120760012394964e-01 5.415027409918061752e-01 5.685239295089211664e-01
5.920199717975022091e-01 5.758119488934000385e-01 5.496856679564974257e-01
5.746455023620458125e-01 5.568152637088656931e-01 5.577015116349451906e-01
5.724427155028052328e-01 5.553030211254332826e-01 5.571511026695702418e-01
6.078807116534091781e-01 6.103101824242025408e-01 5.968984974110254083e-01
5.977839947841037116e-01 6.281776616237441102e-01 6.049999999999998712e-01
6.325956720854231108e-01 5.782114776374747134e-01 5.109801117825970573e-01
6.139961432534699615e-01 5.578946725123431483e-01 5.918853457249266814e-01
5.899835972781766191e-01 5.890004958501255938e-01 6.248225531001535549e-01
6.016734453191407983e-01 5.857878391855438904e-01 5.590423731459749357e-01
5.956867100165823548e-01 6.610163939142449374e-01 6.722081591586709370e-01
5.947365425274414585e-01 6.266837447111903714e-01 6.049999999999998712e-01
6.825360656949518434e-01 6.376467053868030144e-01 5.690395906189307240e-01
6.125212161737625394e-01 5.583151097324312584e-01 5.420862332474842837e-01
5.911741195060585818e-01 5.319244953255334307e-01 6.247041632173531145e-01
5.877638568259289098e-01 5.834758087395992554e-01 6.304021418271246180e-01
5.859145088389644540e-01 5.809198749207498125e-01 6.331045341464045517e-01
5.842040329513467078e-01 5.787130755608230759e-01 6.354623818085309850e-01
6.036841253859889234e-01 5.341607477119367786e-01 5.855299466353905968e-01
5.715698482226446719e-01 6.146951000210103544e-01 6.275000000000001688e-01
5.956328537394214306e-01 5.317657511487198230e-01 5.895422640535175063e-01
5.687373119738103888e-01 6.128472553791534105e-01 6.274999999999998357e-01
5.989133246696278778e-01 5.367754819845272918e-01 5.825487306185750391e-01
5.679780010227187814e-01 6.124623713893208032e-01 6.274999999999998357e-01
6.010391005603992198e-01 5.409672346819049960e-01 5.772985989005052776e-01
5.665367478629714793e-01 6.116950034214827525e-01 6.275000000000000577e-01
6.262803004368089344e-01 5.708796178028174850e-01 5.519809610108956655e-01
6.441513458563887795e-01 5.988383490237133566e-01 5.385805362630176063e-01
6.015458899470393916e-01 5.456228302321957102e-01 5.717667777370992743e-01
5.653587143786875657e-01 6.110803701889732098e-01 6.275000000000000577e-01
6.228707137072404532e-01 5.702961721917131355e-01 5.513772737759671250e-01
6.432543486026343071e-01 6.001093399421376651e-01 5.408963635044907736e-01
5.807269850008031087e-01 5.378355643762438021e-01 5.299026206906501946e-01
5.884971434882961816e-01 5.489249335844237354e-01 5.131272561091709816e-01
5.913081602943025539e-01 5.523501208170938925e-01 5.119874107783934924e-01
5.759745249138148449e-01 5.376660115805107498e-01 5.269414995086659781e-01
5.380169404562279434e-01 6.125412382176160797e-01 6.527258127647120878e-01
6.293238671294274500e-01 6.135549990811871579e-01 5.459606460748058776e-01
6.662511755779337852e-01 6.659047196721012973e-01 5.319107799494630084e-01
5.766576079306842129e-01 5.497975009730161622e-01 5.231119034819901037e-01
5.426685263379371627e-01 5.627165365416110232e-01 5.739115658828222166e-01
5.639788528926892308e-01 5.358731185975081912e-01 5.350261030118933503e-01
5.553661599855458375e-01 5.313736273200341254e-01 5.925241711131176148e-01
6.200191118167007742e-01 5.576024207749484818e-01 5.646641886324652582e-01
5.720416726570336508e-01 6.157842564619002701e-01 6.500000000000000222e-01
6.353126385347396266e-01 6.480518455759307628e-01 5.600000000000000533e-01
7.520970315103467918e-01 7.093530304836540568e-01 5.404779379169583065e-01
6.112258024210034391e-01 5.489447270003352530e-01 5.774093147230199286e-01
5.707071176212648034e-01 6.151262983956611308e-01 6.500000000000000222e-01
6.122953128526721356e-01 5.506724081259041226e-01 5.265984148612833371e-01
7.418412914536033353e-01 6.998816887294870837e-01 5.483888957680833620e-01
6.129207309162622019e-01 5.497246777308736343e-01 5.752810308985920607e-01
5.690930233027198248e-01 6.144785442506449646e-01 6.500000000000000222e-01
6.018755722063049429e-01 5.382438305798324940e-01 5.399931115820011396e-01
7.183620753259837288e-01 6.747845092578084181e-01 5.742321980840441320e-01
6.065194149010291191e-01 5.402521267322361043e-01 5.818610611435868218e-01
5.648035712254055873e-01 6.118321804486595017e-01 6.500000000000000222e-01
6.054535665459981342e-01 5.404096751633050699e-01 5.344518697228988202e-01
7.333985394825686122e-01 6.913753911951060482e-01 5.542352318823158264e-01
6.116695048929270406e-01 5.505246043476668127e-01 5.978981679371289104e-01
6.036325016546130184e-01 5.442095792941606947e-01 6.014130184022681291e-01
6.195262423995995249e-01 5.656603359911894779e-01 5.739375193522858742e-01
6.216437496344547897e-01 5.698086469908379970e-01 5.703633126750277116e-01
6.263542763151744852e-01 5.739180988054326527e-01 5.664098757982752863e-01
6.086342467640371012e-01 5.561060517234333034e-01 5.826113832853053731e-01
6.082068035274456053e-01 5.571934311026677245e-01 5.838499100328990998e-01
6.184448621814352398e-01 5.685477887209813286e-01 5.666561432945675936e-01
6.175372925929765167e-01 5.690070392607302630e-01 5.659891482148301511e-01
6.043730718877995400e-01 5.579131725178587686e-01 5.827168653055405656e-01
5.674731936461674398e-01 5.749341048313963976e-01 5.484849533026470159e-01
6.248396834155915958e-01 5.834530203875651910e-01 5.110726337722140133e-01
5.685315382350911717e-01 5.762112955343438037e-01 5.437479098149573531e-01
6.232441209505041879e-01 5.819930911072657143e-01 5.122311936872951943e-01
6.274335125920169620e-01 6.757374588366795720e-01 5.761102275831002650e-01
6.557422610845563549e-01 6.460356438403348500e-01 5.262062779194145445e-01
5.377457228219656438e-01 5.510354796620261508e-01 5.531523922505383606e-01
5.870064173192393042e-01 5.600359366939404726e-01 5.237755165558826143e-01
6.559243293972525368e-01 6.090016032727360029e-01 5.524652611401977831e-01
6.556167552322845760e-01 6.087998389591158244e-01 5.534174290214993741e-01
6.541663140715678892e-01 6.059359676298008424e-01 5.566853852754556353e-01
6.488560116251630427e-01 5.999698752834493609e-01 5.621758187551517683e-01
6.217362889698927475e-01 5.708967062673951931e-01 5.948281883990732544e-01
6.261857940893877927e-01 5.753470160406954914e-01 5.894058987752275325e-01
6.613141620364865192e-01 6.100731394680509734e-01 5.465255872492227329e-01
6.666820556670651765e-01 6.154815550425716264e-01 5.414415411613047180e-01
6.310276873293380051e-01 6.088241393380513511e-01 5.369339829543303688e-01
5.893170317009946979e-01 6.246746658531286966e-01 5.600064108165193622e-01
6.306366947432797687e-01 6.081442827828681397e-01 5.381133033374305707e-01
5.881672744670013442e-01 6.237150564889953896e-01 5.600472050071514385e-01
6.305895559140917150e-01 6.076279873447373303e-01 5.382100501856125208e-01
5.876406290410340905e-01 6.232370356989217486e-01 5.600885642716341151e-01
6.313559309214100690e-01 6.079042369529407130e-01 5.377468014082259495e-01
5.877528836287438940e-01 6.232368300515390702e-01 5.601486406176054977e-01
6.013392492791247435e-01 5.956917825536776068e-01 5.396000895339323478e-01
5.444476523559451664e-01 6.354365577690168632e-01 6.664604241515663663e-01
5.933914037927017215e-01 5.832964140459346858e-01 5.497865821719267743e-01
5.597195315143370653e-01 6.064613604224211585e-01 5.639183780731102935e-01
5.942618291618620985e-01 5.835902922033834317e-01 5.494776364933510182e-01
5.597240033242150137e-01 6.063452477297622822e-01 5.640429259876899026e-01
5.939414841829380176e-01 5.834259305269584583e-01 5.493675783171623195e-01
5.595457421694572941e-01 6.061093080097507135e-01 5.643913522883520217e-01
5.936606935820712971e-01 5.834253752154234807e-01 5.493654414798099239e-01
5.590651356402263072e-01 6.056086500203291534e-01 5.652084927580339757e-01
6.083273782715505895e-01 6.014034142394396598e-01 5.233128445833693521e-01
5.552930333404207941e-01 6.042932450411013789e-01 5.640766696571232197e-01
6.066567732984231576e-01 5.990610901394075594e-01 5.282121624115343472e-01
5.554965895779634399e-01 6.049999188766043146e-01 5.625209801746701155e-01
6.153247618006369990e-01 6.079344167415892120e-01 5.157737165354731035e-01
5.557972965448173541e-01 6.057476837789413926e-01 5.614050563961753282e-01
6.178920643775500654e-01 6.099700471512758959e-01 5.144855446844410762e-01
5.563365480926119044e-01 6.068060698728581226e-01 5.602209165511040645e-01
5.773938659547270813e-01 5.330125035952762991e-01 5.259268749815289024e-01
5.944567265226068375e-01 5.498881617245595654e-01 4.997760597633952306e-01
5.870848635933832993e-01 5.425940326807712211e-01 5.111738080946303109e-01
5.869604518461200016e-01 5.420372834402856776e-01 5.116493206566902208e-01
5.815107798036756037e-01 5.364568648119127925e-01 5.207826061847862231e-01
5.855861762757484934e-01 5.400912413701204340e-01 5.147450428619564367e-01
5.965257743340516283e-01 5.501679050185761533e-01 5.004589179736309568e-01
5.808479854293506772e-01 5.347642807947871058e-01 5.223718708003973754e-01
6.475534275694512232e-01 6.478976112286852773e-01 5.649529377483617498e-01
6.413125579281819810e-01 6.400137129048610873e-01 5.724439349090462148e-01
5.606389476389364024e-01 5.312458154739703176e-01 5.111029605617409821e-01
5.693566013329545150e-01 5.390053658764936140e-01 4.993358504252989327e-01
5.701544986843870566e-01 5.397804715296440348e-01 4.992729193311120084e-01
5.686461489491347887e-01 5.384262299406874508e-01 4.999087941892595421e-01
5.741837544382512037e-01 5.437224838808465410e-01 5.001715118416786288e-01
5.707617379949041503e-01 5.405593926182064024e-01 4.995245785181763321e-01
5.600225654720243362e-01 5.295169111407299622e-01 5.147914360141202517e-01
5.718048349946893705e-01 5.417999620712690145e-01 4.934816283172945295e-01
5.695227298291608564e-01 5.453079795134797569e-01 4.865926281630376105e-01
5.567926285886856119e-01 5.317654589956093414e-01 5.111242459118464643e-01
5.584056807914559162e-01 5.348577612009105531e-01 5.036644379233398139e-01
5.588697536853651782e-01 5.360929908224068008e-01 5.039590642320744829e-01
5.510310974684730079e-01 5.279694831534411659e-01 5.183266377747721698e-01
5.568044973195085401e-01 5.351791125582304742e-01 5.126417500507196578e-01
5.530474456679721484e-01 5.316558414680655487e-01 5.124639203101857277e-01
5.596488158450495520e-01 5.395013796365069059e-01 5.015703871753529608e-01
