5.566742641573045880e-01 5.710270310506317948e-01 6.147764176326780960e-01
5.531496473803663161e-01 5.662338612904602719e-01 6.201856856817291597e-01
5.728001255288603932e-01 5.765188672723219332e-01 5.979348355946881854e-01
5.738317357815960751e-01 5.761234139032185286e-01 5.988337575529604218e-01
5.644382653491427648e-01 5.703041171592294623e-01 5.461639147889222334e-01
5.639260365658602669e-01 5.629706631992924537e-01 5.381150235676831484e-01
6.471373428854860776e-01 6.886044130085853254e-01 5.610410069464245586e-01
6.593801050943663977e-01 6.858693310782155717e-01 5.564065388170498228e-01
6.142382941360142734e-01 6.481881628340178114e-01 5.583685538897689149e-01
5.906278495385753891e-01 6.282804005912348000e-01 6.097459442998847123e-01
5.867716961658774322e-01 6.140209935495575255e-01 6.230457240868798596e-01
5.884941381678991945e-01 6.205700494723660476e-01 6.316024051863819988e-01
6.194828304261139618e-01 6.332262615386194948e-01 5.672728260505681686e-01
6.195857058506373249e-01 6.442460634044712142e-01 5.648367465969224011e-01
5.894260441670500228e-01 6.144196903295267020e-01 6.193201659094318412e-01
5.686792173134876949e-01 5.733528662754797667e-01 5.507133151760491563e-01
5.490412653302280122e-01 5.939319885410616617e-01 6.159657848981602291e-01
5.698734329269314891e-01 6.350819737909780827e-01 6.335262300975019745e-01
5.324238400131148241e-01 6.176788673561084408e-01 7.122811511958787589e-01
5.700790210606107022e-01 5.657400919463813072e-01 6.112118507398811573e-01
5.624706272721772260e-01 5.567800906494491109e-01 6.209033169950769482e-01
5.369216758279260482e-01 6.238812807025457818e-01 6.938370600432256508e-01
5.870903661338218171e-01 6.077016415612097600e-01 6.376801011962295318e-01
5.932661437102476620e-01 6.139870536003837476e-01 6.321052568913966274e-01
5.918350346933893835e-01 6.117597198932487323e-01 6.339325203403313180e-01
5.925274047289416091e-01 6.126877680842311991e-01 6.292560556316887377e-01
5.670783399654150125e-01 5.622982455538850788e-01 6.159056692380835418e-01
5.713874074042901707e-01 5.672646082049295213e-01 6.053746455766393364e-01
5.785841231614935465e-01 5.746155079797191645e-01 5.953399953144875578e-01
5.741958921394049176e-01 5.694187587939341100e-01 6.059145908963292637e-01
5.940383688977053378e-01 6.153054685657975975e-01 6.212957881788192527e-01
5.583822180588366990e-01 7.039780479655125545e-01 7.106840522920845338e-01
5.369625564222026970e-01 6.239268567829904244e-01 6.934818851411513885e-01
5.332284854073736646e-01 6.187042916465229636e-01 7.061689323976965138e-01
5.865241437076986752e-01 6.068276628843453091e-01 6.320030010110613272e-01
5.896759740239833070e-01 6.105205485517877229e-01 6.225955915546730335e-01
5.903582494660253310e-01 6.108106500402010752e-01 6.224606586168189848e-01
5.891270416319915881e-01 6.091191037925508533e-01 6.245669049191679978e-01
5.981534028955544091e-01 6.184955496012075615e-01 6.156631633471714160e-01
5.953923717130947812e-01 6.141539982766793804e-01 6.185245844010140992e-01
5.979882930012416775e-01 6.191296993462247489e-01 6.157792427122564805e-01
5.930177054023463290e-01 6.150788757531390205e-01 6.226838288468582450e-01
5.989492074514486397e-01 6.210751385134835045e-01 6.132201539409591895e-01
5.977990986763198622e-01 6.184869440147071629e-01 6.169120494561759482e-01
5.983626946875216790e-01 6.192331015340331035e-01 6.164007936581517022e-01
5.950432594763956917e-01 6.142441257599031701e-01 6.232691724384540333e-01
5.985949279325897265e-01 6.180174894320473733e-01 6.193733679469969333e-01
5.991193104200001063e-01 6.186172305395890580e-01 6.187369045422600466e-01
5.980887744876155487e-01 6.171101794562602327e-01 6.209543385654331393e-01
5.956192383370807475e-01 6.154002122497481686e-01 6.234335767647242177e-01
5.928811016163373360e-01 6.135705013463702562e-01 6.252041821301924651e-01
6.015758050393551493e-01 6.075257407910478191e-01 5.877576431285989056e-01
6.065295728974624545e-01 5.981250066965555501e-01 5.877987110154705430e-01
6.775298265560509847e-01 6.958189190589030293e-01 5.729382532003128858e-01
6.563206299392660981e-01 6.711749735800324190e-01 6.009010480352826589e-01
6.115073883368873364e-01 6.322487472724103164e-01 6.075604846016735561e-01
6.036157519088010126e-01 6.082295993249606791e-01 6.234887597455429642e-01
6.017476510872011852e-01 6.102714265306804498e-01 6.224382563490408193e-01
6.088197845522302920e-01 6.058244789785716122e-01 6.044909955025214998e-01
6.056356030289988812e-01 6.126447968049884008e-01 6.458576410760403785e-01
5.939618038032755676e-01 5.913315834955363837e-01 6.696830119789882740e-01
6.067396875071047191e-01 6.130148451706687318e-01 6.472897938763517711e-01
5.641538406353285851e-01 6.333878510969146447e-01 6.821040086917588008e-01
5.977917365349995071e-01 6.438682850067650731e-01 6.231070762667217933e-01
6.294286950658793955e-01 6.396985514277041540e-01 5.983545866764740095e-01
6.248550798192780142e-01 6.348528095350904898e-01 6.170985919657003826e-01
6.076012920364771697e-01 5.980342509211932223e-01 6.241528640785103388e-01
5.997714138311249776e-01 5.917033945079616108e-01 6.386344568739805716e-01
5.648512267999776792e-01 6.406644193564297041e-01 6.879252783015765704e-01
6.094292820550014644e-01 6.066003250833273963e-01 6.491197917091453551e-01
6.046662421479135352e-01 6.015168443888870842e-01 6.594934753922186976e-01
5.628072791707697808e-01 6.367094436865100571e-01 7.021422837819124574e-01
5.641950390710738228e-01 6.384620844612045598e-01 7.025437105431882046e-01
5.640215918587345723e-01 6.382531798782700161e-01 7.048790233022226293e-01
5.971121498782633319e-01 7.274681646149453451e-01 7.117852598506428929e-01
5.936687296186863305e-01 7.275121466037985929e-01 7.121247365300943377e-01
6.214966554451335501e-01 6.663837980408637840e-01 6.199922640928217099e-01
5.918267834954834550e-01 7.261783821194425226e-01 7.131843050139328177e-01
6.195853657529436509e-01 6.666280833150494134e-01 6.207764658136627478e-01
6.129640123501796101e-01 6.073607359784116699e-01 6.559623949355295469e-01
6.165051188471685206e-01 6.113746021607415759e-01 6.523491115184409939e-01
6.227568716346836286e-01 6.185743004171438963e-01 6.419356381963381430e-01
6.209140683654303938e-01 6.150185240756622651e-01 6.465037906831717640e-01
6.277737161366983010e-01 6.236589857958791949e-01 6.391200142271338258e-01
6.250847180888271515e-01 6.207531794427638694e-01 6.389055652471916646e-01
6.241520453319493456e-01 6.184422703697308732e-01 6.434509448979262025e-01
5.978300773550705438e-01 6.449232951469242581e-01 6.408712070898555657e-01
6.005414327930975738e-01 6.461901124145050801e-01 6.400337769709310010e-01
6.146112140993333917e-01 6.603800090111431320e-01 6.234772351444055616e-01
6.174233502402075580e-01 6.637788128704025237e-01 6.205966651332073258e-01
6.211216973072470893e-01 6.688888163651972585e-01 6.184340266951073861e-01
5.594908244040327494e-01 6.322879825609608595e-01 7.036986949732131347e-01
5.601379262355288269e-01 6.332500215892088447e-01 7.029458502962349087e-01
5.609004808629890482e-01 6.342697790009786951e-01 7.019626844349289296e-01
5.622828772073572567e-01 6.359682598168895362e-01 6.999834447519850400e-01
5.625959032993553821e-01 6.364095839276526778e-01 6.995878501413395067e-01
5.629722410840468649e-01 6.369251099708339581e-01 6.990422435638838916e-01
5.647536297594519805e-01 6.390040427648785437e-01 6.964208269146190400e-01
5.647641118428337048e-01 6.391545946190140270e-01 6.954561478270501196e-01
5.657339041701606730e-01 6.405367676216889850e-01 6.937452021311032446e-01
5.618851914447668960e-01 6.356493955401121276e-01 7.017272903543836371e-01
5.655256186058761347e-01 6.403431816162440393e-01 6.960442931649185594e-01
5.652144318065424056e-01 6.399731669235219078e-01 6.966425234528883514e-01
5.616039578441640590e-01 6.349032713506532755e-01 7.039368368709725265e-01
5.612871320304307909e-01 6.348359801142696712e-01 7.038007713299923029e-01
6.020556589715784224e-01 5.973704089014192364e-01 6.664331856007087440e-01
6.113906569780691580e-01 6.075649598503155557e-01 6.530150622212402833e-01
6.102803546988991856e-01 6.067581526656190549e-01 6.519739517398887019e-01
6.088992529971970491e-01 6.049150019437966597e-01 6.545555840500183464e-01
6.128583853505273904e-01 6.094335148075250563e-01 6.469343240143714535e-01
6.136124011315047255e-01 6.098665303408797866e-01 6.490465591694942749e-01
6.133532991941293977e-01 6.095931918183256082e-01 6.494473652383074835e-01
6.125076835606948489e-01 6.090652669619490700e-01 6.477670143939835423e-01
6.161587747976464691e-01 6.136381938285968562e-01 6.418429937495321314e-01
6.158748676715370962e-01 6.116794634143714049e-01 6.457041160457007711e-01
6.211104496054048463e-01 6.172228111870905476e-01 6.408235386420061408e-01
6.221537549372003761e-01 6.199062094645263477e-01 6.367327024821601844e-01
6.153196353970017407e-01 6.105036823954796965e-01 6.443065042697244671e-01
6.136688897767976769e-01 6.076243763603621506e-01 6.483960782458494387e-01
6.195693945982407858e-01 6.177066422183991046e-01 6.431716065769831348e-01
6.272741844070705008e-01 6.257781715998028682e-01 6.347284573359563975e-01
6.297598836055133820e-01 6.289610979008907199e-01 6.308412032979809902e-01
6.289686206938032154e-01 6.279050894999829158e-01 6.321182968641940736e-01
6.300168702777259044e-01 6.271881755995513119e-01 6.272787951915879123e-01
6.276137880573063876e-01 6.259512317210784715e-01 6.277303492469470392e-01
6.306760147023976470e-01 6.288239902375815094e-01 6.261890289636410367e-01
6.328599400522523233e-01 6.321155593554963481e-01 6.216976406607864769e-01
6.325315259010116931e-01 6.323772324545029466e-01 6.215000122208045319e-01
6.290986374412544935e-01 6.290242556169142185e-01 6.287215127930386727e-01
6.319027826679960436e-01 6.327182183175320551e-01 6.230236316925072959e-01
6.301584239013131583e-01 6.297078740497012994e-01 6.270301571639873561e-01
6.245292140368088329e-01 6.224570655651663342e-01 6.337132487499987921e-01
6.228234172089311960e-01 6.203425526729836603e-01 6.364281638895135096e-01
5.595588783875707906e-01 6.023865650001434258e-01 5.601918682398701055e-01
5.688627846034028934e-01 5.986158440983392337e-01 5.540998529555389851e-01
5.806710169521076548e-01 6.340460308019784108e-01 5.701396768055884134e-01
5.941854214947022150e-01 6.360557213795012821e-01 5.591800159822974958e-01
5.976803599914984888e-01 6.359915808449593255e-01 5.585417376853314408e-01
5.943828457858266745e-01 6.282785312358236673e-01 5.607422816976770363e-01
5.933601197750715261e-01 6.156624273530784119e-01 5.716856886177289487e-01
5.369392848987420974e-01 6.008857261031576025e-01 6.513507326019799537e-01
5.726336049288632823e-01 6.160043345931489611e-01 6.082592808483942015e-01
5.740834741410058006e-01 6.151208048605074641e-01 6.083811568128597580e-01
5.681133352628019439e-01 6.046403871306990085e-01 6.191010074784415451e-01
5.631306594217063699e-01 5.841862011248526443e-01 6.387629083765367088e-01
5.233775982273757288e-01 6.249855125238618081e-01 6.550562979995587787e-01
5.358595154968597285e-01 6.288481138952741745e-01 6.401655105218626574e-01
6.004025629854116142e-01 6.447443514768460560e-01 5.596229769302939472e-01
6.000056484275334556e-01 6.335789061175248760e-01 5.666850022645322227e-01
5.097084510085150288e-01 6.330989702237282968e-01 6.960948787523568715e-01
6.022829434838192775e-01 6.481878854696602188e-01 5.739421803968745017e-01
5.950064043296754424e-01 6.286333704279164492e-01 5.910693204255214050e-01
5.758560527201423973e-01 6.171106401004041730e-01 6.042198621751081467e-01
6.151048127355939199e-01 6.634551040873194472e-01 5.530912880354228456e-01
5.222813128677405992e-01 5.633298573129631448e-01 6.059493311204926513e-01
5.124266901337732882e-01 5.554873537299261921e-01 6.206187883077739498e-01
5.550611593304065616e-01 6.280996657502641023e-01 5.958593750000000799e-01
5.540104396329113001e-01 6.026344040818043535e-01 5.730038527885734645e-01
5.310703199184242385e-01 6.127141148024701778e-01 6.609398786298951167e-01
5.696115553363181316e-01 6.254020824769280784e-01 6.037017764712708789e-01
5.427013591902614120e-01 6.269004484486320194e-01 6.504549488519353329e-01
5.812224467099631475e-01 6.397464319102619257e-01 5.924309945423862356e-01
5.329526296833961840e-01 5.492309569885295284e-01 5.559735031641357406e-01
5.303934514117872867e-01 5.466730020550435443e-01 5.598222003890294118e-01
5.195338501389632491e-01 5.711350331191172858e-01 6.304243430811384830e-01
5.224543372223665605e-01 5.718426172855810563e-01 6.311078003020427207e-01
5.751293552440838175e-01 5.909244056432260139e-01 5.738077232042604336e-01
5.749138936708604319e-01 5.903631491065327586e-01 5.766173708380876173e-01
5.483434973026719561e-01 6.098291094687455782e-01 6.506711672785747691e-01
5.536283674774031827e-01 6.163731331916876277e-01 6.450714996292017389e-01
5.520852650239568282e-01 6.137657378810823516e-01 6.467698693864420978e-01
5.826496947081022393e-01 6.098453700912821462e-01 6.156575108105163396e-01
5.201332712234137956e-01 6.078180231138707867e-01 6.455706969652891258e-01
5.188518800734979175e-01 6.068370969364427214e-01 6.468667460716296391e-01
5.169115354327706857e-01 6.045727333748905918e-01 6.528660974610511758e-01
5.161874746326284846e-01 6.040506749199257008e-01 6.538047033008324016e-01
5.113042472751208045e-01 6.064576745382899148e-01 6.992704542414309721e-01
5.073083545970074049e-01 6.016319876003342060e-01 7.076451461985696634e-01
5.181155495243442433e-01 6.167340534351140047e-01 6.871816518840987431e-01
5.635806747012828133e-01 6.288826681565681254e-01 6.312898917939241406e-01
5.601243312071347846e-01 5.830301203182177705e-01 5.714785208412034301e-01
5.511320289883445689e-01 5.720089077147900714e-01 5.852781702226957927e-01
5.596265036003740256e-01 5.815293100672498383e-01 5.745027665124233796e-01
5.598004050435595458e-01 5.813036168246988877e-01 5.751058597864832089e-01
5.638820070265420092e-01 5.837868291179522107e-01 5.712062025644830676e-01
5.768289030705455733e-01 5.975868846146937807e-01 5.576722562462701482e-01
5.621382317165837250e-01 5.795217914071871812e-01 5.791434796246854866e-01
5.720504952484781747e-01 5.910897651145927689e-01 5.653234778316300613e-01
5.748340044608231114e-01 5.941938709530862894e-01 5.562292450743234751e-01
5.673509974255955823e-01 5.918972946706513305e-01 6.327266962441044917e-01
5.691220676608534923e-01 5.926377317610570516e-01 6.270496797769714581e-01
5.724932101284057051e-01 5.973937764887521373e-01 6.260443275480231939e-01
5.746733394779456328e-01 6.004851350535093113e-01 6.230286561507800691e-01
5.824327406998401901e-01 6.090386045216495958e-01 6.076943473082646596e-01
5.865810645022734304e-01 6.140246308973720257e-01 6.030185689580933595e-01
5.877476610752824238e-01 6.165411812303036587e-01 6.040470758323317479e-01
5.703322181958193626e-01 5.936395299437664530e-01 6.317541364273089322e-01
5.889702289047102912e-01 5.836089221211349098e-01 6.000949434651750014e-01
5.957211710019436612e-01 5.894590409020334931e-01 5.897994745187469245e-01
5.830613029301410233e-01 5.726090243167729632e-01 5.347314853202448370e-01
5.787065784781952882e-01 5.676554436317430286e-01 5.406398503277638490e-01
6.196411834135335805e-01 6.478249742719309756e-01 6.132391719425336341e-01
6.413760161399362225e-01 6.736546789009938419e-01 5.878002051451129972e-01
6.488362512235728019e-01 6.639524008949818645e-01 5.913886227812537033e-01
6.413068645500660248e-01 6.525991909850913375e-01 6.027407234139674497e-01
5.821614013679564659e-01 5.992377364012433372e-01 6.324358844615577402e-01
6.028922878930839113e-01 6.127973338210573884e-01 6.116483445830820376e-01
6.078082504259716412e-01 6.012656936692251097e-01 5.912975387938602667e-01
6.005738629119961036e-01 6.361080209910574546e-01 6.254959615782365034e-01
5.977110646479286693e-01 6.234827082866711834e-01 6.319491060689438333e-01
6.036217534176634425e-01 6.099153405533084271e-01 6.381514566369389518e-01
5.708421278225899176e-01 6.098717040511530962e-01 6.195149329643554470e-01
6.066757825581851060e-01 6.258225771727408127e-01 6.142467355555518704e-01
5.735500716849530889e-01 6.232686251344128348e-01 6.325518905305990147e-01
5.983547544900980064e-01 6.060968223379810116e-01 6.551279045314782890e-01
5.955313869713024788e-01 5.873087057836871017e-01 6.223992118958577846e-01
5.445534743465262340e-01 6.219564772388751495e-01 6.854582185442178455e-01
5.902184120413596080e-01 6.433114340088481597e-01 6.311010274633006567e-01
5.681139020781421634e-01 6.628015956541772891e-01 6.737289551959789735e-01
6.055438738899688866e-01 6.044502798591003812e-01 6.145724033373775042e-01
5.915834392536577502e-01 5.892437499353458952e-01 6.328487820195870528e-01
5.547204730245371973e-01 6.416219062529331385e-01 6.731361493706229382e-01
5.495060913925939872e-01 6.332802075268584296e-01 6.890093985818102063e-01
6.029487779063685826e-01 6.089533747576777456e-01 6.467242812514041317e-01
6.046213698957653149e-01 6.128728556442274433e-01 6.419254067983058976e-01
5.950272327203265377e-01 5.997152134708388926e-01 6.442292200482013786e-01
5.935274144478717151e-01 5.965135676008789245e-01 6.491183957850625852e-01
5.927062095728491409e-01 5.969707694809774923e-01 6.519393959183795717e-01
5.861067804606757692e-01 5.900243994710536732e-01 6.628255961340682179e-01
5.969510085461464666e-01 6.500123319305376457e-01 6.254631526436738032e-01
6.022316758978452089e-01 6.560281320032056440e-01 6.190889771364895822e-01
6.122134589003773719e-01 6.662749377264579609e-01 6.080573470361991806e-01
6.021723591064642722e-01 6.573981278560989683e-01 6.197667284794139420e-01
6.037529934901652018e-01 6.598327082365428309e-01 6.184599574898103080e-01
6.044738708638944802e-01 6.653346396394930196e-01 6.198440590010610984e-01
5.495627653315826588e-01 6.337044949624036638e-01 6.902272452803243086e-01
5.552676683686557091e-01 6.420533842743737507e-01 6.833166026497713430e-01
5.549463034324293442e-01 6.420927512069141141e-01 6.832899199066679863e-01
6.088342050200366007e-01 6.148036966045935525e-01 6.333474009998265597e-01
5.540044053744609398e-01 6.403893236965203517e-01 6.878894450821151363e-01
5.541569527398664263e-01 6.395877329349144436e-01 6.865060978612859133e-01
5.508008689385346379e-01 6.355497961859060130e-01 6.940876643993391104e-01
5.538382934226184773e-01 6.396622814032154603e-01 6.893985993777009824e-01
5.498728535127790362e-01 6.350218669425443663e-01 6.997633875425450789e-01
5.965578397499475827e-01 6.000818807762089424e-01 6.480360765914183752e-01
5.962297376384985137e-01 5.977003064238798347e-01 6.483802543902712490e-01
6.113974346952283367e-01 6.168010308723316237e-01 6.288768069315102682e-01
6.184004260397466535e-01 6.249517765553413984e-01 6.210428407655446126e-01
6.190350890975708786e-01 6.264562954648358328e-01 6.159794274445832274e-01
6.154773921042785423e-01 6.196574329883467458e-01 6.237688286242851765e-01
6.146131139134849430e-01 6.206687720840564637e-01 6.229441514302842542e-01
6.112907783624867974e-01 6.171609391238321862e-01 6.308753204075244758e-01
6.123682566435019181e-01 6.182731190685362144e-01 6.276660199795057737e-01
6.104911264040349117e-01 6.169357102821446670e-01 6.296598763512211150e-01
6.006579030294356691e-01 6.062962693445606011e-01 6.452668651505152342e-01
6.038730287447013900e-01 6.090465732555980782e-01 6.428185661796971262e-01
6.115704763465747984e-01 6.172840868715935292e-01 6.325337932306659416e-01
6.125244417479938086e-01 6.182296145801453591e-01 6.321730176718090011e-01
6.115854960416144959e-01 6.170672394152459939e-01 6.341379678124532404e-01
6.048468256074096550e-01 6.097824399495282988e-01 6.413063012502387972e-01
5.992038037120491767e-01 6.061926469815877017e-01 6.481589074575092591e-01
5.922298199549613784e-01 5.972845490844299610e-01 6.646597523725897849e-01
5.992813263373074628e-01 6.127448475422611063e-01 5.786682012716337642e-01
5.220231566321442696e-01 5.302716869556025614e-01 5.527518287515239548e-01
6.124309310349833613e-01 6.687187909429427313e-01 5.769139239433561661e-01
6.400771221590183524e-01 6.863186945600356914e-01 5.477889548456118529e-01
6.455589250405995294e-01 6.893377513516207866e-01 5.454786248110077285e-01
6.366910365102345093e-01 6.748584555950383201e-01 5.601319195196046152e-01
6.326086433154065602e-01 6.631606682485811088e-01 5.551530365739304473e-01
5.304644154155180313e-01 5.964270013069283838e-01 6.393920955225818048e-01
5.480886956135391230e-01 5.884229284325475096e-01 6.353021917609491531e-01
5.429455831898105655e-01 5.821993001831935466e-01 6.419910583399817128e-01
6.011017243373752983e-01 6.318586992284107584e-01 5.725422292408316460e-01
6.033888324192394625e-01 6.359569556518454014e-01 5.679947099975813929e-01
5.938604580148053591e-01 6.263406785974372504e-01 5.807978239170877854e-01
5.887166975970541394e-01 6.213412132196689530e-01 5.894369470284575030e-01
5.810363290717299734e-01 6.145962764906063303e-01 5.961493391023077182e-01
5.867222077930763779e-01 6.151281214509387585e-01 5.905441234337679424e-01
6.046866369172902989e-01 6.265795215648877203e-01 5.763072786530545333e-01
6.006248471860482496e-01 6.136904259809987661e-01 5.892345876888549494e-01
5.667424734368970984e-01 5.986771777558864693e-01 5.961208587874553544e-01
5.747349952499335446e-01 5.983208349440756191e-01 5.866859206412660122e-01
5.908975932181589341e-01 6.102549275369609783e-01 5.737091925347612698e-01
5.187190702269155462e-01 6.324063940652526750e-01 6.967788500597816848e-01
5.277931448285989591e-01 6.179229398019326913e-01 6.876690523991121351e-01
5.329508215813081318e-01 6.140850653826762651e-01 6.810995140849533946e-01
5.566598471667606463e-01 6.031437800677889038e-01 6.442787761016725012e-01
5.661350026857254747e-01 6.018932535785810334e-01 6.320154816181130508e-01
5.593741015289515062e-01 5.882144697583550075e-01 6.469044427242809370e-01
5.496431786308790812e-01 6.117736610344901571e-01 6.444751689026029240e-01
5.488512413441715143e-01 6.120128916892187965e-01 6.435761074977159879e-01
5.320761279255421528e-01 6.290078200056022917e-01 6.638161022698735314e-01
5.347090492350839996e-01 6.259830330567976997e-01 6.572619635576696373e-01
5.383407397590106447e-01 6.257115633997807347e-01 6.562017830083644032e-01
5.464906442068898640e-01 6.307979270184935761e-01 6.404612369980346998e-01
5.240477569886914377e-01 6.550386612290870492e-01 6.880863124952215637e-01
5.317373256711882545e-01 6.519948948419501678e-01 6.702335884486717577e-01
5.691026823413940505e-01 6.360014012337579237e-01 5.958593749999998579e-01
5.232669083391330300e-01 5.756590260776150991e-01 6.214835338405914067e-01
5.461169970211467994e-01 5.765566562278362506e-01 6.028086393626040929e-01
5.284662866176910168e-01 5.772987992624784015e-01 6.434409005249714930e-01
5.606412414657847565e-01 6.275267044919732307e-01 6.306626291699012343e-01
5.505085867016328294e-01 5.855287122029826374e-01 5.980749881847519100e-01
5.240643235041063663e-01 5.935443240111775154e-01 6.407667686368333504e-01
5.495076716417671703e-01 5.848113969759095587e-01 5.958955178177148815e-01
5.241733779849199193e-01 6.058431927796423810e-01 6.696145523867955696e-01
5.231161692691121967e-01 6.049909028010945766e-01 6.714627049040321483e-01
5.362629092812237763e-01 6.117864703898835410e-01 6.684762592842804496e-01
5.746515035558242834e-01 6.191447980331348244e-01 6.146144900946932665e-01
5.362583861967950005e-01 6.371190267882917979e-01 6.714475809474240720e-01
5.821274530269100467e-01 6.700201688751792339e-01 6.085997418037691897e-01
6.180142386975343571e-01 6.727369279612150921e-01 5.616644117877550579e-01
5.275856654689279335e-01 5.783894682543475607e-01 6.308539288910178788e-01
5.231748749648174046e-01 5.707188558466325112e-01 6.416942104994904916e-01
5.671934512437671883e-01 5.776628356803873432e-01 6.028763508632349888e-01
5.721756093792539355e-01 5.833097555466146833e-01 5.982540298189601424e-01
5.750290835526630229e-01 5.867923870689812915e-01 5.923196681013571663e-01
5.669807317733492891e-01 5.760487202203390389e-01 6.073512837018022470e-01
5.767776394129321416e-01 5.870641364586705047e-01 5.959416843798371888e-01
5.928522570338886633e-01 6.042259366733302439e-01 5.830957938571170729e-01
6.003986332370053747e-01 6.266985428871392205e-01 5.964443346952998937e-01
5.850637216799452478e-01 6.091516537412495769e-01 6.274412027681322002e-01
5.903717545315015913e-01 6.154258776459003988e-01 6.182746895602866388e-01
5.883802746494122271e-01 6.140498818393310687e-01 6.193847867645119187e-01
5.876011632244019234e-01 6.133309228441881089e-01 6.245751995117143629e-01
5.883745875770661771e-01 6.122818869769450778e-01 6.158474685343502397e-01
6.048363048826890243e-01 6.288464187996325450e-01 5.969956240219571608e-01
5.326186246712182326e-01 6.152789589218418120e-01 6.451555066246090764e-01
5.314293712420775639e-01 6.146062743203803969e-01 6.455379764280352317e-01
5.309122211726210461e-01 6.142867026225057314e-01 6.459680273937571382e-01
5.310895628559731962e-01 6.143160613131390946e-01 6.464830772445858686e-01
5.308838075692698943e-01 6.138469272361878337e-01 6.486965706687155553e-01
5.315268075549856031e-01 6.133516781256673767e-01 6.534982450164409373e-01
5.779973794846785529e-01 6.466027871894532986e-01 6.160952844183791299e-01
5.892748950448370993e-01 6.580091292917965573e-01 5.978712750663784936e-01
5.949061701438213001e-01 6.074101684054405981e-01 5.634809056401838268e-01
5.775642778130010146e-01 5.913214505494132078e-01 5.766365083278091053e-01
5.693792507305506234e-01 5.826133322204927190e-01 5.855119120208528427e-01
5.688348771065726561e-01 5.815649543398884180e-01 5.873035227608202069e-01
5.645437461050923922e-01 5.765909233081847329e-01 5.929354945740031857e-01
5.685646165383224648e-01 5.812683099220251615e-01 5.803028453242331519e-01
5.680793287064611619e-01 5.803945681558024816e-01 5.902007539105198486e-01
5.622940511949380271e-01 5.732338513782996303e-01 5.985355033802427505e-01
5.589258651568718150e-01 5.705302807952257194e-01 6.015749816635740377e-01
5.648625919157211905e-01 5.755446208982509804e-01 6.020367304149183418e-01
5.704182583040974253e-01 5.806473173418789102e-01 5.859266380328119750e-01
5.688249402840384050e-01 5.776601365928306642e-01 5.938930501754807745e-01
6.523114700249710296e-01 6.704090426576195805e-01 5.937580574992132876e-01
6.030025814810792140e-01 6.263786312554141533e-01 6.150774509230186871e-01
6.073069913915825069e-01 6.084703863487238573e-01 6.234522430346707278e-01
5.978580371624034884e-01 5.901556144278568006e-01 6.381089755961985022e-01
5.834071634729937061e-01 6.221095287290366871e-01 6.168014756471857929e-01
6.017882785798074341e-01 5.971664963293169537e-01 6.144662594463823346e-01
6.176787306307294223e-01 6.248479273592787431e-01 6.326150036881760252e-01
5.912764105522346769e-01 6.380320272170061369e-01 6.229126527712287587e-01
6.193723980798240270e-01 6.220856750089556186e-01 5.868073250158236664e-01
6.210084254477756804e-01 6.053452866017182687e-01 5.805872008278440966e-01
6.254924226584055447e-01 6.162697791532312230e-01 6.013694106075142543e-01
5.869314408413549566e-01 6.215222963466546791e-01 6.328486742873927762e-01
5.540478432060781389e-01 6.285053875396756640e-01 6.798882604692336740e-01
5.579666632992720254e-01 6.296445304665329035e-01 6.742281919309044413e-01
6.060042064269167694e-01 5.919605876756476315e-01 6.285608440707199929e-01
6.002783278039609538e-01 5.877505934485814931e-01 6.357788121622651722e-01
5.764334372006112428e-01 7.193889601127182454e-01 7.178377181645618776e-01
6.411126378188611863e-01 6.939419041527690180e-01 5.893633770521879978e-01
6.036233384295920379e-01 5.867286533883784294e-01 6.230602992351114144e-01
5.916618347313936654e-01 5.741814546890797732e-01 6.432724863401030335e-01
6.104821176111642211e-01 6.565507213194909930e-01 6.168255374545340564e-01
6.377288416252081538e-01 6.849536892134295840e-01 5.872740718492140966e-01
5.640902887855997472e-01 6.458084435487612129e-01 6.841418053387186005e-01
5.647968781397965099e-01 6.469340453345380215e-01 6.865317127565064848e-01
5.759982754251934400e-01 6.611241729304441206e-01 6.695053802810824184e-01
5.743417855866687072e-01 6.594814823524082215e-01 6.753096425775394485e-01
5.658232389498740744e-01 6.486819562001847617e-01 6.668145811678322099e-01
5.642971991911002183e-01 6.460392384272513056e-01 6.721390972080182324e-01
5.604944480916074223e-01 6.401801272413834010e-01 6.840564901435676193e-01
5.599264842953173282e-01 6.397305016116682230e-01 6.861079959625170366e-01
5.617135472248987460e-01 6.432859174050734596e-01 6.815352293994960675e-01
5.662497405356907709e-01 6.478554161674118239e-01 6.766970777899996570e-01
6.348257195309817691e-01 6.315718846216782367e-01 6.179371403942505170e-01
6.333417780179093626e-01 6.289774138593755559e-01 6.199936106252744716e-01
6.329910669215834673e-01 6.317741290597991277e-01 6.164722062969898442e-01
6.297549613836793680e-01 6.284678762855951950e-01 6.226253725139492268e-01
6.323229451710721261e-01 6.298524845343376199e-01 6.215974821645394721e-01
6.491880417314376261e-01 6.470599284540871077e-01 6.065266181207022989e-01
6.443620522500487224e-01 6.430263390368877729e-01 6.108961187922749003e-01
6.407654623001629579e-01 6.388155848244183588e-01 6.181926893317817306e-01
6.138190436792611004e-01 6.114118427872776707e-01 6.327069991301947915e-01
6.141250499618737813e-01 6.104089079511360039e-01 6.344955784164304502e-01
6.141606169446062191e-01 6.102181281839655913e-01 6.360588242981293217e-01
6.124277815124553603e-01 6.066636038763653094e-01 6.430939715003040069e-01
6.124118473108488558e-01 6.078571690604995803e-01 6.418988064128469118e-01
6.139631418885133085e-01 6.100567015325064624e-01 6.404120705953650905e-01
6.107816860729925468e-01 6.065318817805714913e-01 6.456587618670293072e-01
6.047446196566657051e-01 5.993326046030668097e-01 6.560989834409923782e-01
6.251409255022215561e-01 6.219317389821509279e-01 6.265986576448335788e-01
6.296108532164867988e-01 6.254804740157208220e-01 6.196142211130288846e-01
6.289355995718133308e-01 6.253744365675630856e-01 6.208428200943031383e-01
6.276571597929878621e-01 6.237114164469254041e-01 6.238760000156402530e-01
6.493424763389356036e-01 6.498059161704273778e-01 5.879163641618002645e-01
6.390157533169088522e-01 6.685012562474832443e-01 5.924653659414228501e-01
5.974414431526429148e-01 6.233692130101136097e-01 6.301916882283689070e-01
6.128255135082288918e-01 6.182105953563797884e-01 5.918362357308807331e-01
5.565010183926669685e-01 6.905934999356254655e-01 7.451895797452861014e-01
5.885178056717725870e-01 5.962685298653334076e-01 6.452124035780010258e-01
6.151488961653613918e-01 6.253070122556424471e-01 6.259992779961193188e-01
5.382408663833335716e-01 6.196369773211334309e-01 7.107504813706503333e-01
6.076793418146689829e-01 6.186524353418241251e-01 6.319401826327416538e-01
6.391615899085147934e-01 6.536911305471744260e-01 5.817226776475996619e-01
6.234395057251437278e-01 6.376322460781568280e-01 6.033725948102554026e-01
6.248530871578189538e-01 6.382114511426136838e-01 5.999221904190197296e-01
5.854354829570483920e-01 5.995178496841875315e-01 5.511535177891005999e-01
5.331148484201164717e-01 5.483769411285295270e-01 5.517488174272270340e-01
6.181576412030824752e-01 6.609448686177693544e-01 5.908848565359243743e-01
6.203196109366996280e-01 6.498337263408148212e-01 5.868957711011650868e-01
5.995802362000455243e-01 6.394914920717024165e-01 5.741967406673230689e-01
6.137512571687161467e-01 6.448553777772300100e-01 5.551356821492471338e-01
6.095253055508160767e-01 6.334942611427311077e-01 5.642491376273292003e-01
5.197626677394515671e-01 6.023932375740960188e-01 7.270024193997441930e-01
5.499980521126185407e-01 6.346830068972353356e-01 6.756814421853685193e-01
5.775397938173778556e-01 6.477378714392977299e-01 6.408769544050347822e-01
5.749200681175694605e-01 6.392929079222913202e-01 5.998437499999998979e-01
5.910369185568704609e-01 6.081877932055945735e-01 6.216200332114674154e-01
5.953843504927912589e-01 6.111421617258389061e-01 6.223298784331614542e-01
5.614680217107718141e-01 5.656809267744538072e-01 5.427905535513418700e-01
5.527634425137600838e-01 5.978275285811956996e-01 6.017882995470684726e-01
5.556368627803600635e-01 6.002483351563037139e-01 6.069116407330220619e-01
5.938840644832983351e-01 6.044418236197286465e-01 5.602266422154547065e-01
5.430358676768300974e-01 6.215405923892686202e-01 6.454654076350991865e-01
5.427191074141303195e-01 6.214139383787717907e-01 6.467791609922470819e-01
5.427519724857536865e-01 6.213940013791106054e-01 6.482487038044103533e-01
5.780388989279094947e-01 6.340174601359529483e-01 6.243644320523636937e-01
5.991887632780047435e-01 6.574761609477890456e-01 6.090851376857487898e-01
5.793655321453832219e-01 5.839307559315213281e-01 5.751137522844327332e-01
5.867797279540198918e-01 5.906777722231235650e-01 5.660436115581585215e-01
5.625522186500223620e-01 5.856783047412090770e-01 5.646493921163439067e-01
6.130825681079594691e-01 6.526400622013354136e-01 5.731128080929274171e-01
5.163512703769290724e-01 6.248691947143283354e-01 6.827892472132804924e-01
5.783989421549213805e-01 6.214432620256309381e-01 5.892264051356185250e-01
5.948103893971966594e-01 6.240624729768674550e-01 5.691218166793567956e-01
5.810717160044893692e-01 6.032210516396987465e-01 5.884331853613168350e-01
5.093607273189673101e-01 6.285558016544475768e-01 7.110610868583553401e-01
5.055561951000072662e-01 6.160940925180422578e-01 6.981409556122059046e-01
5.643808229771368756e-01 5.918870258267389106e-01 6.354561227956259106e-01
5.280106866987979153e-01 6.167950420519510146e-01 6.675812335611869264e-01
5.758883729835719834e-01 6.338050692120571483e-01 6.031458105157455618e-01
5.901536394630012561e-01 6.262157136780932554e-01 5.869108052329115033e-01
5.080866495707668795e-01 6.392281500071865796e-01 7.061187606536047934e-01
5.152245824076265857e-01 6.477787215366888063e-01 6.794554191289362555e-01
5.127976045966173846e-01 6.374240017585793838e-01 6.870267559500066179e-01
5.134181551383312225e-01 6.275467059078161380e-01 6.838470864573237273e-01
5.516460238321977405e-01 5.806776725942153217e-01 5.849806116804988632e-01
5.671674757094904429e-01 6.196648315754692549e-01 6.157825992697387729e-01
5.896522541031259390e-01 6.225528126483801383e-01 5.837438568257822258e-01
5.815141115914753689e-01 6.263326578531465127e-01 6.080280866021864350e-01
5.135840190180509524e-01 6.366206683530286625e-01 6.918022435297804806e-01
5.155129664666289191e-01 6.449333495553086770e-01 6.855943810832875185e-01
5.335623641799689398e-01 5.408260468649577213e-01 5.669788302854888995e-01
5.205036464450536471e-01 6.201994764816118888e-01 6.908229698541166197e-01
5.270444473388606887e-01 6.334237235622842688e-01 6.822387132025489187e-01
5.411474846069497247e-01 5.482415488664712511e-01 5.535728770175495361e-01
5.315348273971887139e-01 5.809072202375408223e-01 6.190598686701616060e-01
5.330139839770096089e-01 5.818161539540481764e-01 6.259051295644805224e-01
5.683518432537303378e-01 5.842331151519732924e-01 6.323636238671065390e-01
5.998385478445149577e-01 6.176616468044842101e-01 6.018573092367913713e-01
6.004632211759681759e-01 6.222001625466121455e-01 6.002113189242681557e-01
6.021913424223174216e-01 6.273655263607024191e-01 5.955370160732558205e-01
6.137130674951276621e-01 6.448527369503090911e-01 5.768044482901754089e-01
5.258875160842838570e-01 6.116710813566167415e-01 6.468827348233691099e-01
5.250708735786535630e-01 6.110570283945873094e-01 6.485338163761110719e-01
5.253932913795639204e-01 6.109650581600507557e-01 6.504788525831928236e-01
5.168500090154349857e-01 6.035557481207686203e-01 6.646626801035826482e-01
5.436102765641317447e-01 5.949360712600484380e-01 6.211966232723924453e-01
5.400953871590805644e-01 5.910782153602132105e-01 6.265054299621631850e-01
5.246639848134619921e-01 5.726230685890992822e-01 6.548974332368128204e-01
5.584541670353958542e-01 6.175749199077554819e-01 6.326989573618646556e-01
5.942417839948976876e-01 6.594579551982135968e-01 5.963632837779548890e-01
5.547718357548141466e-01 5.680769525951127052e-01 5.818380178693138838e-01
5.568843151606106545e-01 5.693767231967351572e-01 5.863506759598055007e-01
5.147989185381380839e-01 6.020209422354459994e-01 6.668969937219096922e-01
5.146833716354739519e-01 6.018867991582288468e-01 6.676786207765563752e-01
5.114101713867112986e-01 5.989719592226467881e-01 6.738296300232790026e-01
5.137878339031556330e-01 6.074885552825876056e-01 7.101079669500264258e-01
5.132454450019132697e-01 6.086617305597140648e-01 7.077377597645998497e-01
5.152274055918537599e-01 6.117023813125582743e-01 7.045208749146879557e-01
5.187575224717277944e-01 6.160826507252570305e-01 6.954302168181795141e-01
5.849372419483658270e-01 5.997095545249160331e-01 5.637272165925644174e-01
5.867035911543793114e-01 6.029620487354678815e-01 5.637537962959413562e-01
5.861671831895370888e-01 6.027295515349726518e-01 5.651298241619741036e-01
5.846039821044641815e-01 6.000181806436371001e-01 5.656325100877157563e-01
5.698438285469067388e-01 5.810156074585528518e-01 5.991479898897749123e-01
5.724310380400590148e-01 5.842520008933084208e-01 5.950516077425037631e-01
5.916900746539746070e-01 6.140655902129684707e-01 6.087633593977813673e-01
5.994001400255895007e-01 6.233061795485799195e-01 6.015805540039292909e-01
5.996849946029672029e-01 6.246219650267924584e-01 5.998027155422939183e-01
5.942214527552464043e-01 6.186287385621056512e-01 6.043538475752553429e-01
5.973646284831073405e-01 6.226516582117467280e-01 6.032658126067923510e-01
5.969855446572289726e-01 6.227067905377712265e-01 6.043228520854296848e-01
5.936280579191358653e-01 6.183511380292474602e-01 6.092584679689608818e-01
5.826344478147091888e-01 6.058101537859080787e-01 6.220132489946701426e-01
5.922702288313866914e-01 5.958080257281659353e-01 6.094742357759748153e-01
6.880243063020641259e-01 7.221437001348066653e-01 5.571552910516653911e-01
6.197782424960633918e-01 6.196535987835107839e-01 6.097584837679701497e-01
6.185246213851042230e-01 6.073034745034643356e-01 6.154561898307030487e-01
6.228935004956009935e-01 6.179159995703549235e-01 6.357752773800855461e-01
6.471869813993441634e-01 6.457816825507955993e-01 6.039019148346043142e-01
6.491962414195320275e-01 6.485594108516479217e-01 6.065317097840006166e-01
6.430027056624217918e-01 6.425447422663828068e-01 6.048543721846050270e-01
6.455519589115739088e-01 6.430635291317046143e-01 5.996151287231651361e-01
6.165099634433931497e-01 6.158862801234691320e-01 6.063834928712399375e-01
5.966665517760407766e-01 6.319803573952302855e-01 5.968813685279366066e-01
5.892543693361722568e-01 6.289747422658117371e-01 6.255348971876366626e-01
5.796311011090801157e-01 6.282632883901789755e-01 6.486995499823274836e-01
6.238656471604773213e-01 6.326140224049532357e-01 5.916798442742139397e-01
5.941880379871133933e-01 6.358293755954904647e-01 6.217433786603057122e-01
6.308531795272048770e-01 6.851473721058459754e-01 5.927670793859176612e-01
6.316544680891749142e-01 6.911594595747516667e-01 5.972056779156456052e-01
5.496261231145859183e-01 6.238078516403919860e-01 6.781056160823397683e-01
6.031917464864074985e-01 6.027115131274335402e-01 6.405862349918134413e-01
6.404367660915815108e-01 6.440947222199223665e-01 5.982895003086651231e-01
6.388421225652669566e-01 6.440675767078579694e-01 6.022984049468061984e-01
6.212467938975243520e-01 6.131688716609695611e-01 5.893921284850192066e-01
6.272443627863613091e-01 6.212848066603742225e-01 5.871650704491260253e-01
6.250923790638065469e-01 6.259276789238396033e-01 6.153460793177567556e-01
6.321888963656643323e-01 6.337698490510577098e-01 6.059768101571268994e-01
5.682957673152024825e-01 6.548530559310266064e-01 6.705567680948101295e-01
5.722452437878425835e-01 6.596488468792355286e-01 6.689974573601381591e-01
6.382092192307289302e-01 6.433581824166357821e-01 6.034243810850897782e-01
6.531757727574497574e-01 6.575048583555407333e-01 5.810258069095800559e-01
6.537806096594395155e-01 6.589707276342158249e-01 5.850574518073096142e-01
6.663967456286150615e-01 6.721993830924224422e-01 5.757769174016493796e-01
6.241337966876246979e-01 6.332722161249372261e-01 6.240902647432559069e-01
5.809113297463803782e-01 6.373015832933320857e-01 6.398953728816052511e-01
5.516550851184813808e-01 6.881223426369926788e-01 7.501053219124391713e-01
5.378278906307620844e-01 6.471828115233018153e-01 7.316317134122529708e-01
6.161041618525076036e-01 6.730204635579329908e-01 6.027503200159859409e-01
6.444880915138554434e-01 6.595152785197383460e-01 5.798368292292396253e-01
6.430124850699577843e-01 6.660573833787482023e-01 5.654471458383780735e-01
6.373087297192587819e-01 6.763128272820144726e-01 5.776029449955482065e-01
6.019942549199632786e-01 6.360338021659128760e-01 5.872170844564322811e-01
6.259965772613428348e-01 6.508276760029011454e-01 5.593488539012653193e-01
6.061946657763443991e-01 6.235811406661958545e-01 6.128827818219962920e-01
5.789740009851778169e-01 6.558390270465001004e-01 6.409737575476636140e-01
5.988569470655739080e-01 6.522176953746873229e-01 5.732812500000000755e-01
5.549669306427829074e-01 5.543273926050451550e-01 5.425582801091337615e-01
5.622997493171574268e-01 5.614376143877606307e-01 5.333927666559277192e-01
5.858107794136946378e-01 5.849015729263631336e-01 5.773846649418570287e-01
5.886580026016208222e-01 5.859020542861210767e-01 5.775971159381523279e-01
5.997547762135018168e-01 5.981462750950317098e-01 5.592620824780890620e-01
5.447486609315715933e-01 5.742340616866470349e-01 6.082197932709569876e-01
5.429833648609371233e-01 5.573212361495510914e-01 5.614739106491850595e-01
5.379058120383166663e-01 5.567432908066815012e-01 5.777236949494057860e-01
5.759115582805934830e-01 6.116708424112194953e-01 6.027075460210764568e-01
5.822747596979668261e-01 6.126384621771180372e-01 5.947417878770956401e-01
5.891965699196011208e-01 6.326034052048475909e-01 6.135981906335132852e-01
6.118666929973414215e-01 6.511505611011874084e-01 5.689985773206731601e-01
5.966102744643776434e-01 6.417137270809072369e-01 5.992829621589439437e-01
5.955295531778060925e-01 6.166432881732361038e-01 6.108819361224326894e-01
5.859577163254732213e-01 6.692464916640754602e-01 6.208729085003191761e-01
5.379397186514471851e-01 6.185471967766941193e-01 6.489743570697004138e-01
5.778595217739499468e-01 5.884960691308372960e-01 5.738817827288300588e-01
5.607036569987599028e-01 5.685050385327446998e-01 5.986590948453668348e-01
5.659469383871092996e-01 5.739873756815458972e-01 5.917791025964327378e-01
5.717311038225891817e-01 5.795850169238290217e-01 5.770079262903649031e-01
6.216799196100718516e-01 6.732852762889345311e-01 5.654201855858328463e-01
5.773839987305332544e-01 6.092435844549559665e-01 5.929621507028219884e-01
5.349141586326138231e-01 5.815870941872065547e-01 6.308518643341087806e-01
6.013147848974419452e-01 6.462271722107291172e-01 5.813692588113476001e-01
5.287626487997784119e-01 6.591072333964336227e-01 6.678010580525547413e-01
5.731482574708152145e-01 6.383499498837333919e-01 5.865625000000000977e-01
5.350416443884312701e-01 5.430473733932204006e-01 6.003469412691274654e-01
5.344391427061188082e-01 6.022547037637344669e-01 6.400588227660234386e-01
5.735142430867017360e-01 6.050082206831465248e-01 5.806970837865127466e-01
5.931642495421708405e-01 6.339777584200164684e-01 5.935299660843055269e-01
5.426453549716351299e-01 5.467133872627609747e-01 5.550600404232699514e-01
5.417813111505108692e-01 5.463043334837982545e-01 5.624287147786192209e-01
5.333289317315171862e-01 5.834615530976288156e-01 6.194705794819079792e-01
5.463190313861634451e-01 5.952760105977623617e-01 6.201232446917894769e-01
5.276401914602556475e-01 6.246292457707075529e-01 6.841220878815968964e-01
6.263861457603417948e-01 6.525504358601698085e-01 5.686431774609640444e-01
6.377661140112503846e-01 6.700734503216505544e-01 5.534253880590664920e-01
5.289690853491902933e-01 6.138804362032481698e-01 6.479401812490419577e-01
5.220724235074667430e-01 6.081410805131041153e-01 6.611581019589511943e-01
5.165536448997943841e-01 6.036092557139697279e-01 6.683960102971835404e-01
5.656690905669150560e-01 6.231993144907431725e-01 6.348990681567540095e-01
6.069432952365727552e-01 6.338204393033526340e-01 5.865846461240055154e-01
6.217693839736152528e-01 6.533628710733804246e-01 5.633816891112896075e-01
5.551776183636594197e-01 5.668077691715889266e-01 5.936033969173262204e-01
5.618578486428178476e-01 5.736918282084693121e-01 5.862875666617661796e-01
5.700201540286637947e-01 5.822637760443254429e-01 5.791757985681442733e-01
5.715970023591225857e-01 5.841690942002727427e-01 5.870045562812472584e-01
5.615343225192312993e-01 5.722416454559464682e-01 6.023807747545742997e-01
5.822601615292787303e-01 5.963154181254908259e-01 5.686589819849875438e-01
5.834241684739231992e-01 5.967647075837204662e-01 5.807563097238799266e-01
5.666232098239564197e-01 5.785124299213068033e-01 6.027713154616957114e-01
6.181259238067046136e-01 6.728998942180258735e-01 5.681301465862538258e-01
6.251394213488628004e-01 6.664185268812150564e-01 5.608677118573142106e-01
5.938666335225180060e-01 6.314765683929060014e-01 5.694831946611368378e-01
5.983417095322519641e-01 6.264411888085268387e-01 5.692638799639337943e-01
5.751895975425499463e-01 6.243504719808097292e-01 6.141741582852591197e-01
6.002067055495586834e-01 6.509485653278295203e-01 5.696717343330693906e-01
5.164413337086983802e-01 6.416580419884730935e-01 6.863986268836347326e-01
5.449254875927946884e-01 5.808337661140355879e-01 5.939794422189427214e-01
6.008856210801514219e-01 6.499762373425888029e-01 5.644992018725693006e-01
5.591036897067821476e-01 6.305763832150611536e-01 5.945312499999999556e-01
5.441834003097139050e-01 5.965762305388343512e-01 6.143620747317130038e-01
6.195098791183079046e-01 6.449875504727332620e-01 5.731140450513064755e-01
6.341942984129634864e-01 6.655932064515864832e-01 5.567275014153002521e-01
5.708578855259959228e-01 6.351874255215468335e-01 6.099123967035575689e-01
5.768083567174441262e-01 5.893798816080710878e-01 5.605612494147973468e-01
5.805844496499932283e-01 5.942244684536026611e-01 5.624824758287719773e-01
5.776277751969449703e-01 5.902833329602027446e-01 5.678004904443250123e-01
5.957592621646466968e-01 6.121006536553006416e-01 5.527683003033683207e-01
6.018030198453713231e-01 6.190471436150745133e-01 5.455111852763570024e-01
6.073819843223432491e-01 6.246960178597686930e-01 5.425917605283032685e-01
5.666470807811511134e-01 5.769377983136309007e-01 6.018071955628497838e-01
6.056564357941904841e-01 5.895310664345422280e-01 5.975600940027337993e-01
5.737795182122260584e-01 6.521623574886933339e-01 6.975871225801748565e-01
5.819825541418178760e-01 6.317868635724919191e-01 6.292154587556992862e-01
6.284570067026798990e-01 6.109193640007254400e-01 5.852519761520993402e-01
6.050674882539637256e-01 6.538248076324555402e-01 6.286638450330855887e-01
6.413096371194811907e-01 6.415311291080190159e-01 5.900513358856501744e-01
6.366693783017711716e-01 6.850675438569894249e-01 6.040138958742615749e-01
5.818019243197150026e-01 6.330336184808569300e-01 6.244847046810260149e-01
6.187025652177776669e-01 5.986634612445963510e-01 5.972247085855246773e-01
6.501949567148479492e-01 6.472641706530554151e-01 6.058923023654780859e-01
5.963290492356966288e-01 6.347213100744205638e-01 6.058789665288987214e-01
6.213480723944446726e-01 6.143022485056017779e-01 6.002562752732766294e-01
6.695355976968896394e-01 6.732966276709871911e-01 5.729720047299888819e-01
6.721760033056652928e-01 6.799383742386944096e-01 5.761454857894166004e-01
5.480862564154090899e-01 6.217849838443436639e-01 6.766802145376654698e-01
6.143340467416590345e-01 6.101594663533010943e-01 6.025564347079750416e-01
6.133933219699845285e-01 6.057022130219237299e-01 5.905038151447069561e-01
6.089458939443149754e-01 6.034063381831175077e-01 6.043011165043772337e-01
6.413008299120392941e-01 6.480043958671123372e-01 5.998733379161035328e-01
6.515648301412074739e-01 6.631442174353804342e-01 5.874100611221958479e-01
5.700029764251153264e-01 6.277968883017527313e-01 6.213569820011830558e-01
5.840027344948671706e-01 6.490184373687790664e-01 6.448276307601000790e-01
6.186598275110493095e-01 6.524720437627520297e-01 6.057120692430194575e-01
6.136780806362294172e-01 6.678799988451999958e-01 6.074093342140109986e-01
5.779541434436236136e-01 5.691323547129605309e-01 6.141285338829823859e-01
5.538127902224867505e-01 6.383577339347061841e-01 7.009823537749069189e-01
5.481379842165839955e-01 6.325928646425598156e-01 6.889515029817546710e-01
6.322897652949350800e-01 6.409714222403799511e-01 5.894016202572920360e-01
6.447641366673144692e-01 6.576343618921220990e-01 5.755540255276007100e-01
6.220759905910162590e-01 6.530994919811151656e-01 5.655779050834137678e-01
5.711254001448292650e-01 5.715712085711204260e-01 5.267209616560710739e-01
6.122893096058603657e-01 6.436983435303903489e-01 5.682964686815312749e-01
5.421070201335096428e-01 5.441355576123616533e-01 5.563937837721064650e-01
5.992762495444332593e-01 6.524647916349374244e-01 5.706250000000000488e-01
5.781768880773102692e-01 5.805401531495907319e-01 5.215385924098117076e-01
5.875462410817570147e-01 6.461677622304582425e-01 5.865625000000000977e-01
5.656825553820027386e-01 5.634397620427505915e-01 5.288438286223989815e-01
5.710976783914566424e-01 5.970153172086227755e-01 5.717364148355910114e-01
5.603053803231424768e-01 5.583662065612307046e-01 5.384169433771002211e-01
5.801087681912304728e-01 5.787966942847065921e-01 5.160357815819145433e-01
5.549022843935633720e-01 6.130681300396416678e-01 6.248279648562936606e-01
5.924123568030196241e-01 6.284917482562457636e-01 6.062705504602979856e-01
5.719874201907803046e-01 5.786367178701510294e-01 5.866657524580527472e-01
5.401216618511236467e-01 5.546529573502446686e-01 5.521714025112549606e-01
5.356020093329441067e-01 5.604965511295545433e-01 5.810110776148076361e-01
5.848273138421273831e-01 6.198137343613161487e-01 5.846508396213413450e-01
5.373124608681675296e-01 5.467099697201964759e-01 5.714446250342302136e-01
5.483268070766592617e-01 5.637392750577457923e-01 5.780599051542667510e-01
5.706935355762570161e-01 6.084735716689547713e-01 6.269017221476813617e-01
5.691193859111645104e-01 5.967442186180499375e-01 5.495790224582470795e-01
5.507992645157386846e-01 5.624070095019492177e-01 6.089483235863789590e-01
5.432998517816166606e-01 5.540359264548401219e-01 5.630871179458395437e-01
5.355021416292008452e-01 5.412057645137153816e-01 5.637647869184083671e-01
5.639698089475899678e-01 6.332270595563282978e-01 5.971874999999997602e-01
5.448052530254554604e-01 5.946525949686864987e-01 6.159527186929428799e-01
6.101945251564946382e-01 6.387606300584921515e-01 5.849753644483539627e-01
5.568947684850504842e-01 5.700174469749035300e-01 5.912981971220857558e-01
5.607722500562484225e-01 5.734706451163463781e-01 6.006281758959123307e-01
5.712198566365896957e-01 5.849949837230108418e-01 5.915963582345222793e-01
5.705047352848331421e-01 5.961268257419822802e-01 5.626118285610233194e-01
5.528111947462525100e-01 5.845492614632965545e-01 5.873661772258966796e-01
5.712772734066260405e-01 6.373198198666956138e-01 5.865625000000000977e-01
5.459840484014122364e-01 6.231745672360327060e-01 6.184374999999999734e-01
5.419116473596703454e-01 5.922046875807464028e-01 6.255178895258618477e-01
5.205882993052776131e-01 6.158430450088483443e-01 6.935708577099553018e-01
5.527537127127242211e-01 5.551865354266853902e-01 5.441452266011589378e-01
5.450456518101373105e-01 5.461032548788078422e-01 5.595586928119614667e-01
5.488213546792536368e-01 5.559515144631753669e-01 5.789736079115145317e-01
5.440740027165996695e-01 5.500469399975703721e-01 5.888485506834599814e-01
6.040443581415100294e-01 6.313985180014611842e-01 5.908970600594252165e-01
6.187431617835129627e-01 6.497903046851026820e-01 5.677326190622722368e-01
5.640845237948695079e-01 5.759716850431233492e-01 5.876046683997664388e-01
5.741241014198378290e-01 5.860260637072181034e-01 5.864330159720931857e-01
5.612788517771820640e-01 5.721164031404717409e-01 6.123465197257362824e-01
5.908313979454998810e-01 6.398342170025642650e-01 5.716096179981228209e-01
5.715294114234978906e-01 6.335499289737607231e-01 6.112982734760118442e-01
5.909244142632150698e-01 6.338280747640435697e-01 5.898113559353119761e-01
5.643854692811206553e-01 6.334632206365419238e-01 5.918750000000000400e-01
5.801742685095536700e-01 6.466704455744717306e-01 5.931543095173756885e-01
5.856988701396144137e-01 6.559463485361640700e-01 6.009822751407496444e-01
5.542156416419097287e-01 5.580293870188571814e-01 5.317428072821497320e-01
5.596846161353290494e-01 6.308492448763274307e-01 5.971874999999998712e-01
5.862188148853023639e-01 6.071619343519492062e-01 6.096823411433013318e-01
5.858249543512941138e-01 6.364047857364413252e-01 5.888756417049550995e-01
6.724722631767235947e-01 6.669319216699493014e-01 6.022518192362088518e-01
5.624384009186568223e-01 6.328048016890456262e-01 6.860773700658977514e-01
5.648642337981117922e-01 6.388794421123102918e-01 6.953358181604359922e-01
6.391785862411726304e-01 6.396787918234344561e-01 5.904704734443135816e-01
6.116210477491952346e-01 6.567273281642521665e-01 6.355962696504796616e-01
6.676106370823524649e-01 6.636792780522438040e-01 6.015450915849139824e-01
5.620191677847458100e-01 6.333185763088439169e-01 6.836031485685843956e-01
6.596424970358567563e-01 6.567710709706535699e-01 6.073661126898953766e-01
5.589866339594897759e-01 6.318817241972511933e-01 6.831213662469965975e-01
6.466109238291541939e-01 6.438330643833949374e-01 6.213794546263663454e-01
5.559543605660830501e-01 6.302573707191578833e-01 6.834712415512766981e-01
6.041745691716370326e-01 6.525221774473174419e-01 6.220907320832911314e-01
6.285492103587216883e-01 6.275172766033819682e-01 6.038576127608703548e-01
5.761515273989283870e-01 7.149291132399899773e-01 7.251289689336735123e-01
5.643198160246492012e-01 6.435781486418353792e-01 6.864519022836037543e-01
5.748411505284057865e-01 6.594224132190668053e-01 6.784576911748912975e-01
6.575327514698690035e-01 6.577390617151055441e-01 5.953328545478030476e-01
6.601783948050838902e-01 6.630425893120779346e-01 5.965653885096531273e-01
6.237502922576737552e-01 6.330543705329868542e-01 6.298016397525914023e-01
5.443576556880873607e-01 6.214569299972014793e-01 6.883024218535275240e-01
5.897528877013370474e-01 6.466656587227382902e-01 6.301155478164481849e-01
6.095954744767683176e-01 6.183314653588987131e-01 6.077042678430435441e-01
6.242607197934895158e-01 6.337907901939112687e-01 6.235085065418825012e-01
5.404622108125128888e-01 6.176160756883347647e-01 6.907842502070304924e-01
5.892652252373804522e-01 6.459789156548835232e-01 6.299893645258102248e-01
6.146393815665935900e-01 6.241101887349648214e-01 6.028827698395962109e-01
5.828260021983997508e-01 6.377877396568099044e-01 6.328737846085373819e-01
6.152140753863575284e-01 6.289424414151351117e-01 5.972773661826416003e-01
6.440529853006148331e-01 6.553284099628720050e-01 5.781031898877232456e-01
6.299262639052174428e-01 6.409766954256339577e-01 6.154334220871763295e-01
5.355030242565026466e-01 6.118791782958390435e-01 6.966106118632769961e-01
5.805503172748441854e-01 6.365945522392663092e-01 6.364280012145698828e-01
6.016731298373201309e-01 6.152137597510274336e-01 6.084908923655790725e-01
6.336538900129995433e-01 6.452033946624555760e-01 5.879544877075226772e-01
5.605329775924979829e-01 5.606329086358927682e-01 5.244151318302799902e-01
5.561936440346627597e-01 5.575372771954955065e-01 5.332739855941210916e-01
5.680298833259496138e-01 5.691560093963415889e-01 5.268006334945189995e-01
5.873655592890753008e-01 6.460786670648601682e-01 5.839062500000000711e-01
5.920883302251327418e-01 6.551331829914561755e-01 6.191294460342448014e-01
5.465807517249583469e-01 6.172297146651335442e-01 6.540601745055182326e-01
6.042359540275364926e-01 6.423919533171584817e-01 5.768053614469734747e-01
5.884571154141202687e-01 6.466856177955309093e-01 5.812500000000000444e-01
5.959120512362073852e-01 6.506958157040599877e-01 5.706250000000000488e-01
5.614192026684291514e-01 5.616279347582071590e-01 5.507022340587163223e-01
6.075495522383995706e-01 6.712106442877849855e-01 5.753196276545994303e-01
5.962250240084403519e-01 6.591315202409308016e-01 6.109415319217332829e-01
5.740762196393948136e-01 5.996507247527703699e-01 5.530015123144106370e-01
5.534504497106276233e-01 5.510049855804953767e-01 5.473023798792548966e-01
5.529772657346565534e-01 5.524517607805969899e-01 5.323402754988534324e-01
5.602573143592448623e-01 5.604641416200965010e-01 5.300460479289947902e-01
5.783019243506194451e-01 6.033374012139416376e-01 5.592577879392421902e-01
5.632162441466713743e-01 5.631275693639913316e-01 5.138066079889603843e-01
5.512156597293079718e-01 5.695607965886664292e-01 6.665149408342603277e-01
5.270462362986907401e-01 6.234625844900246738e-01 6.960750366805368294e-01
5.608459348259282606e-01 6.254809824763241100e-01 6.379080269204963072e-01
5.598755780635052970e-01 5.694965926188273464e-01 5.303284915296718749e-01
5.873593129146981173e-01 6.076660387843444422e-01 5.917903384995197857e-01
5.977900476744789637e-01 6.255855684525825078e-01 5.965959264995616129e-01
5.446361139731044076e-01 5.499243974041403415e-01 5.623606717126423682e-01
5.649966024838090073e-01 5.925828962994191818e-01 5.769197027275496659e-01
6.015806135414820677e-01 6.423717378196014405e-01 5.470235821661810771e-01
5.777075225327702457e-01 5.910090705677067957e-01 5.324865778619346512e-01
5.680278023327378634e-01 6.355385223751700563e-01 5.918750000000000400e-01
5.830007246050981085e-01 6.070657232948700743e-01 5.471492187727114986e-01
6.072992894941120490e-01 6.358708296426134332e-01 5.897180198051666933e-01
5.413517884767675703e-01 5.928549930326074691e-01 6.290472247356950763e-01
5.824699968636248837e-01 6.434028892761842755e-01 5.706250000000000488e-01
5.478461907311108492e-01 5.527597496280669542e-01 5.554116127031050176e-01
5.463253290092205949e-01 6.233816531329713362e-01 6.131250000000000311e-01
5.368909794332741292e-01 5.400384162071051319e-01 5.453089019552027628e-01
5.511297843939982899e-01 5.565121310678258215e-01 5.320577566599676844e-01
5.477326093163240595e-01 5.551228093165716526e-01 5.607036876274867909e-01
5.628928368356078682e-01 5.700208546614214944e-01 5.620289930492657904e-01
5.961316799436316982e-01 6.212237934876778667e-01 6.088338936144129798e-01
5.672689349908657253e-01 5.948948901808950307e-01 5.616551375764190501e-01
5.478004483932850111e-01 5.814915916869514145e-01 5.885424903063994906e-01
5.603867842661239829e-01 6.312503634752353321e-01 5.971874999999998712e-01
5.206566448019028792e-01 6.188736897375272106e-01 6.767012782999842768e-01
5.504479935874292407e-01 5.547127190588863055e-01 5.511292592518673983e-01
5.507266053851946896e-01 5.570441195540739576e-01 5.620532352247269436e-01
5.895080527121765446e-01 6.089795599233840395e-01 5.984791779374786236e-01
5.717417525849664006e-01 5.884613493820765040e-01 6.363368767283131833e-01
5.500168385987300734e-01 5.587263636963460955e-01 5.503117348395254460e-01
6.262159610880714267e-01 6.200586566132952893e-01 6.064360606394497699e-01
6.273240728126527888e-01 6.195742709447489283e-01 6.047096381167917922e-01
6.247333694813866911e-01 6.148351506659475163e-01 6.093665950485697147e-01
5.655980094577501838e-01 6.422444869727342853e-01 6.887349770824779949e-01
6.206738075040441061e-01 6.091761808341213946e-01 6.205129313637162136e-01
5.695635520507651428e-01 6.478628925832112806e-01 6.761976626994432582e-01
6.099704400968681828e-01 5.983450371875372875e-01 6.273996422531942230e-01
5.659355193083547286e-01 6.429921840273110645e-01 6.837532124620613327e-01
6.122231452644820715e-01 6.018232804894669830e-01 6.256539900407214194e-01
5.647789903388269472e-01 6.424125527563437910e-01 6.845956349167056088e-01
6.084179572330644659e-01 5.976410684713364674e-01 6.324060495168755125e-01
5.652577058538036381e-01 6.448222905531877380e-01 6.793212500686216515e-01
5.622044035738629209e-01 6.416051804443319018e-01 6.970740999928081161e-01
6.357573535656620978e-01 6.345165451991634509e-01 6.131030160638472060e-01
6.466228158396118975e-01 6.459043786530556108e-01 6.111140678195472464e-01
5.971857618116512834e-01 5.844256503199742880e-01 6.494795798491383998e-01
5.608869257036546152e-01 6.404482780271877340e-01 6.863813245438857846e-01
5.618581004262984679e-01 6.433566635772666187e-01 6.930686221104095379e-01
6.264072844901271697e-01 6.241791557524007938e-01 6.280694804074293813e-01
6.486687201813858827e-01 6.485728135912235404e-01 6.129056943162122240e-01
5.496978035216985026e-01 6.249868158104684435e-01 6.865777196327778054e-01
5.790598814323625332e-01 6.348476383099604936e-01 6.465798825168831421e-01
6.360827855600652558e-01 6.583332466233462466e-01 5.764378880956392281e-01
6.482332176104919075e-01 6.528782491074867078e-01 6.013096360079899227e-01
5.482140340045480453e-01 6.230994562084101185e-01 6.887701423835465020e-01
5.948362061344865115e-01 6.436930298883529744e-01 6.346991368730388050e-01
6.404775731273255612e-01 6.447484134437817538e-01 5.764984208663900267e-01
6.360019992571670500e-01 6.404948881718683928e-01 6.092846958871366292e-01
5.940301051078773487e-01 6.422583749344924486e-01 6.336139536229955516e-01
6.407699756545502945e-01 6.471934425214872499e-01 5.759399482120380886e-01
6.339739954050505055e-01 6.399066014613201681e-01 6.092101456552247996e-01
5.956484481171038237e-01 6.429751696943277750e-01 6.364783503465545333e-01
6.450694775484437926e-01 6.520406738503321531e-01 5.723831160595733714e-01
6.174395204937056514e-01 6.225223190530838613e-01 6.286838462785968584e-01
6.044060012686173211e-01 6.568299924909761778e-01 6.199985959965695903e-01
6.312859671666772865e-01 6.378478202209350023e-01 5.881585545283792849e-01
6.239217811385460166e-01 6.305882899723282975e-01 6.230227316424251649e-01
5.904022318740318465e-01 5.882699154609167813e-01 6.407321013031953560e-01
5.489216828089475975e-01 6.319306008617432413e-01 6.925109599760050916e-01
5.940973029659751825e-01 5.936132260921154202e-01 6.246798516007475710e-01
5.469442868440473893e-01 6.291253364891379318e-01 6.955157565510065032e-01
5.986741282903098593e-01 5.997526001273317808e-01 6.184736860494035593e-01
5.453329009836113128e-01 6.269192157859435621e-01 6.977482594937648441e-01
6.051985652639830793e-01 6.078330528061057780e-01 6.103233447992146843e-01
5.437803985994875688e-01 6.248629360980680891e-01 6.995085647934415896e-01
6.019142967744000039e-01 6.054573534054576989e-01 6.109017760760607763e-01
5.418645110077330296e-01 6.228038222194226536e-01 7.012947556105413316e-01
5.997230829897425286e-01 6.056490879468264810e-01 6.125150421112532939e-01
5.952233729492504288e-01 5.993475609452503239e-01 6.199985400006285952e-01
5.377371205005672117e-01 6.171482478543797168e-01 7.078718376728201367e-01
5.686584986597981173e-01 5.663429543304762115e-01 5.309623814039476919e-01
5.689399487390206511e-01 5.687325747464135883e-01 5.318640978723564450e-01
5.360098791897917048e-01 5.727167384178087906e-01 6.055823481010454978e-01
5.369801598154336775e-01 5.372100275417074355e-01 5.687855781788464515e-01
5.610746518188240994e-01 6.316735869240140966e-01 6.131250000000000311e-01
5.641761738650064029e-01 5.674414423790561379e-01 5.555751079808175508e-01
5.718289502110238676e-01 5.730068900879148330e-01 5.576482274662313277e-01
5.394062594223633100e-01 5.750911855027645014e-01 6.034787448054836911e-01
5.453299801392571533e-01 5.458767606299749220e-01 5.603382905057793240e-01
5.371070805373038271e-01 5.765232640678140674e-01 6.140459060478030695e-01
5.491330372583617114e-01 6.249441913285291861e-01 6.343749999999999112e-01
5.788431649490116682e-01 5.793164687008682812e-01 5.607004765411176539e-01
5.818269528960604564e-01 5.885126956456555591e-01 5.692332542150955188e-01
5.357441289694924169e-01 5.728712953793220208e-01 6.043943432909039126e-01
5.418280933216947926e-01 5.445016562684641404e-01 5.596118340842227701e-01
5.578165356605949698e-01 6.298479414151268996e-01 6.131250000000000311e-01
5.608619784670038078e-01 5.664911729625525805e-01 5.551789293003512871e-01
5.711084235915594443e-01 5.758635374920126893e-01 5.596338256176303094e-01
5.710625894216637688e-01 5.698647392668526601e-01 5.209144988317178093e-01
5.858820655039875813e-01 6.452687970713953947e-01 5.759374999999999911e-01
5.333761908316339007e-01 5.827994338558334375e-01 6.177995342361981557e-01
5.595078014383081388e-01 7.041791616993302583e-01 6.866898699620394009e-01
5.576561897333165430e-01 5.560894625951996462e-01 5.846717294585820346e-01
5.227836937171803644e-01 6.101579088023160180e-01 6.614850399798459790e-01
5.333732854949929658e-01 6.279791153936842285e-01 6.755828818178171158e-01
5.832219757907369795e-01 5.823187868165490277e-01 5.029627751822033366e-01
5.831882712943237124e-01 6.438056568784930045e-01 5.759374999999999911e-01
5.183638916823333220e-01 5.710730356664539542e-01 6.269835901353303376e-01
5.792715921380342525e-01 6.435291973163940193e-01 6.028430082971307780e-01
5.312060047043631883e-01 6.308906736857308184e-01 6.556317371711108954e-01
5.265627671601996740e-01 6.225643366614636021e-01 6.930266983559292271e-01
5.925048712383125249e-01 6.173660135808183291e-01 6.010944173870229612e-01
5.988166218377700689e-01 6.239880341027632671e-01 5.987208501725731491e-01
5.653525510267025656e-01 5.919472840717036055e-01 5.765699252366893734e-01
5.259889168508040669e-01 6.200275356275984917e-01 6.887965243557232498e-01
5.303723764667683804e-01 5.320035621198869746e-01 5.575670154419253288e-01
5.357407874782392776e-01 5.377438612761354930e-01 5.515566357499736005e-01
5.676224983093128840e-01 5.928416663985066615e-01 5.670778263505399375e-01
5.492595880947350739e-01 5.535910595540671775e-01 5.746616358205537400e-01
5.332433795676982946e-01 5.812210335949428153e-01 6.345930777827366587e-01
5.822071676162851039e-01 6.432570016027149284e-01 5.706250000000000488e-01
5.347898511544499911e-01 5.829224160389723242e-01 6.306849666113070185e-01
5.242989079825997045e-01 5.236415066921539241e-01 5.676547488008583109e-01
5.298707683612041697e-01 5.298040408620682262e-01 5.701260453080125856e-01
5.511560400588195741e-01 6.261148596113772502e-01 6.078125000000000888e-01
5.600021980765015339e-01 5.890070753639915502e-01 5.756414710688723124e-01
5.253552125940950113e-01 6.274044753808369901e-01 6.597782148471603714e-01
5.259955187744776994e-01 6.246822860946339429e-01 6.843206856674519667e-01
5.558010745596235758e-01 5.619104804009769083e-01 5.533154062110081650e-01
5.330609508333390423e-01 5.350439516850813426e-01 5.583856831967033418e-01
5.483960982474878065e-01 5.523122279556761383e-01 5.631313035766916109e-01
6.185318708658226194e-01 6.166512464783082681e-01 6.399301398348373748e-01
6.121407952464602564e-01 6.091967948610246264e-01 6.388263891677914419e-01
6.149423687790237514e-01 6.130354306266937447e-01 6.425438443610803629e-01
5.988926994588221753e-01 5.935259233473262341e-01 6.664812394652975813e-01
6.073586073185727185e-01 6.023789948472848543e-01 6.555663319765115959e-01
6.129215625801180956e-01 6.091428072174847053e-01 6.437094425595598635e-01
6.086175655934036310e-01 6.023944727875263361e-01 6.511130504972210131e-01
6.052357119897256998e-01 5.981225857789320699e-01 6.517446531612881566e-01
6.121818246441560474e-01 6.076856843863365221e-01 6.452498928542748091e-01
6.131752517233460820e-01 6.089875366264494438e-01 6.445886148930675130e-01
6.099805825928160674e-01 6.053178767560676299e-01 6.492071979382042501e-01
6.028047419162400056e-01 5.973076924839486601e-01 6.588284606847483182e-01
6.189517776593711496e-01 6.645517109446744675e-01 6.123375843853324785e-01
5.575999253065100358e-01 6.377557417520255401e-01 7.013084508795790484e-01
6.447512434570321638e-01 6.452895484913159230e-01 5.996220061453111372e-01
6.588780398111869774e-01 6.593670833834969214e-01 5.916096967876321999e-01
5.657702171297698257e-01 6.477197711235823663e-01 6.823683451956437107e-01
6.602376323318689399e-01 6.639576065438370645e-01 5.818607390906780363e-01
6.777503105810644968e-01 6.814067305815920683e-01 5.662669476005517399e-01
6.176831106018023654e-01 6.129959745713987607e-01 6.042839325335821465e-01
6.280180724758114286e-01 6.258630286616653216e-01 5.941730242729297284e-01
6.083072165531713260e-01 6.025440023179139404e-01 6.213549257651033164e-01
5.540676210517244682e-01 6.358223003072239754e-01 6.879881640781666530e-01
6.203587713077631793e-01 6.176471697958665352e-01 6.032895837955426499e-01
5.494978832314273420e-01 6.290491520368812761e-01 6.980809447084345143e-01
6.183847920055521863e-01 6.150446238764269991e-01 6.067162223796076503e-01
5.516273016184995992e-01 6.327608638441907241e-01 6.913637107882172339e-01
6.103637478725705279e-01 6.061244362661432072e-01 6.159491559286623952e-01
5.510163724463361667e-01 6.324147676524801698e-01 6.946947188027007281e-01
6.123003527895312104e-01 6.082434358485312442e-01 6.096459793213737655e-01
5.466622391428779260e-01 6.281453977231624686e-01 6.974953507827351684e-01
5.976799999548705333e-01 5.942660490025399866e-01 6.338193686454939302e-01
5.491834100755202952e-01 6.316142456720379439e-01 6.933747913990683243e-01
5.802212116089491278e-01 5.814848966165507838e-01 6.724603035995662115e-01
5.871434986803635292e-01 5.890780383898526207e-01 6.619944313746111142e-01
5.898233829802447259e-01 5.924798718420873911e-01 6.570705369518529126e-01
5.887830526133867037e-01 5.917771328767073014e-01 6.577490862646294678e-01
5.944557477096967801e-01 5.985999955188017196e-01 6.502483166074546350e-01
5.967169890197955295e-01 6.012248694260262649e-01 6.473947982339138818e-01
5.909041827444194706e-01 5.951855093825206833e-01 6.529990333741144681e-01
5.874884179800443640e-01 5.919110003914705986e-01 6.576098065173852092e-01
5.872731100287164052e-01 5.919594012709465947e-01 6.575840168333695335e-01
5.893462506306775817e-01 5.946367128636005361e-01 6.535538029675913574e-01
5.863367839319181263e-01 5.928116620322505526e-01 6.509140746322367166e-01
5.835002627326958402e-01 5.898478966895328579e-01 6.549901260623572918e-01
5.364648091674834030e-01 5.381110247164058169e-01 5.462276985352112479e-01
5.713410357258369432e-01 6.373113899753249934e-01 6.025000000000000355e-01
5.377685770778235508e-01 5.390071792325551447e-01 5.462365289346614583e-01
5.702432760665010480e-01 6.367086259733173437e-01 6.025000000000000355e-01
5.305870780255418362e-01 5.305913514429819733e-01 5.592333430591779342e-01
5.676916946490975224e-01 6.352316023086367336e-01 6.025000000000000355e-01
5.204228355491498093e-01 6.115529219888176105e-01 6.743933796218618548e-01
5.702617149027722210e-01 5.675136384998038519e-01 5.284185701224424214e-01
5.275640703539745680e-01 5.958599177312056128e-01 6.308543375846487056e-01
5.585633650111722082e-01 5.910685128860900805e-01 5.792912183895162492e-01
5.442432680479405427e-01 5.802985274343321898e-01 5.949280022966397796e-01
5.196707201886278105e-01 6.108900279444733350e-01 6.746461822963447652e-01
5.668570871358302732e-01 6.255626200053460151e-01 6.079179609083166236e-01
5.541509115044227496e-01 6.277763636296790350e-01 6.237500000000000266e-01
5.661822053144869304e-01 5.706126392413564119e-01 5.523669598434898242e-01
5.700680037247536358e-01 5.779360277645901878e-01 5.720302949489681765e-01
5.653553214067584820e-01 5.672204343357886147e-01 5.310706709204108256e-01
5.645964683692580310e-01 5.901694910187392784e-01 5.780985879205207123e-01
5.204112016795889861e-01 6.122720067427317447e-01 6.768226098135652347e-01
5.705849579366948365e-01 5.825433292583388489e-01 5.958574583012667958e-01
5.540118163190379530e-01 5.755479828607342752e-01 6.560166952116492922e-01
5.532144509400306331e-01 5.811474873506774497e-01 5.502268608665454863e-01
6.075515151692623128e-01 6.769213161938656409e-01 5.832075690359761477e-01
5.616223904672168477e-01 5.924162462122458672e-01 5.664953072396590184e-01
5.300804453993639420e-01 5.320724107759797761e-01 5.601182060959004616e-01
5.482104471113519173e-01 5.571959872776037770e-01 5.509987357458328017e-01
5.693776533572091347e-01 5.960751170432593282e-01 5.740083641302335948e-01
5.418696936356606209e-01 5.458658770114290792e-01 5.477787309774775348e-01
5.461466939635302165e-01 5.549444833720853509e-01 5.534955696694802141e-01
5.421454269029951645e-01 5.529263000705680886e-01 5.707492007593575334e-01
5.786159032103730393e-01 6.413041128685261771e-01 5.812500000000000444e-01
5.274557757658880908e-01 5.274879455707763842e-01 5.693572980726788746e-01
5.747087523825509248e-01 6.391844950041941642e-01 5.812500000000000444e-01
5.472185859253638762e-01 5.503500431482478694e-01 5.390055449545048116e-01
5.536715126289490918e-01 5.601633080081919180e-01 5.401650687734248502e-01
5.361922447274084513e-01 5.377638404282774065e-01 5.548480932477636296e-01
5.159450786888630791e-01 5.151146506548722748e-01 5.821440760800605796e-01
5.138861596189078229e-01 6.082397475137805154e-01 6.738748766727645778e-01
5.306921979883101326e-01 6.798642008929910441e-01 7.275277575448122480e-01
5.647071825748833929e-01 5.826195799075786219e-01 6.426601812878128817e-01
5.584201598331289818e-01 6.387611404454605069e-01 6.869431036749693575e-01
6.253691295185568322e-01 6.237167792617891449e-01 6.018989143079706006e-01
6.374003837899894220e-01 6.368747608610564326e-01 6.170086003031826083e-01
5.583689454010969389e-01 6.386670766421315149e-01 6.858661100343915740e-01
6.529255293115218128e-01 6.565534338568649320e-01 5.709523762805409630e-01
6.445602752470860342e-01 6.460452108947537520e-01 6.030676504789950210e-01
6.570613455498141020e-01 6.619244300415815241e-01 5.880130523039036605e-01
6.571682132505561880e-01 6.621211930582955318e-01 5.881342971741929659e-01
6.013409394781664696e-01 6.002403222710899211e-01 6.481228743383168345e-01
6.087824384184659099e-01 6.100105774810119508e-01 6.353798341190081134e-01
6.142254339605645042e-01 6.157968816026859749e-01 6.295884745220654555e-01
6.133396728086714100e-01 6.151661423936946038e-01 6.301014383304742728e-01
6.135873081682545749e-01 6.159502578411844009e-01 6.301725175619101726e-01
6.151758191009786270e-01 6.180631996287563323e-01 6.276376930437119750e-01
6.132684884314558715e-01 6.154877208410739486e-01 6.306077805596865815e-01
6.047137831380419160e-01 6.068908073288353799e-01 6.399897567404400078e-01
6.097369123758112908e-01 6.113614244414519172e-01 6.307462299671351413e-01
6.151821601462569289e-01 6.194521448877410297e-01 6.249664273320391095e-01
5.917273847223214478e-01 5.947270235312136499e-01 6.545519201798057907e-01
5.873596853195675038e-01 5.915382707199355883e-01 6.603294746761356748e-01
5.671794554596708560e-01 5.719761593173251502e-01 5.449725070262237958e-01
5.601176932518515672e-01 6.311014925958137178e-01 6.237500000000000266e-01
5.648249544999855987e-01 5.673631399592423685e-01 5.508056011873105895e-01
5.766177022592957613e-01 5.798806888079445221e-01 5.375919857786918277e-01
5.768515112748735518e-01 5.799897587336767524e-01 5.370480712542322621e-01
5.646077032274881002e-01 5.672048814686166951e-01 5.506427818675697639e-01
5.591210496160347043e-01 5.641859605371432052e-01 5.565833838563041258e-01
5.684727446527171324e-01 5.752875964293761024e-01 5.391845111962217940e-01
5.306027364509176003e-01 5.340601199572406754e-01 5.730216636258758101e-01
5.325216574819690019e-01 5.681376683159312657e-01 6.095363493892325124e-01
5.447771403458160355e-01 5.487951238809711807e-01 5.500166739178046216e-01
5.560032324100530055e-01 5.553800683345315736e-01 5.856334724933706104e-01
5.546427080267157805e-01 6.944993315277699919e-01 7.033108964825725007e-01
5.403433236279852059e-01 5.980607324270419412e-01 6.477900650613426237e-01
5.155684332945971171e-01 6.031428214524523490e-01 6.713735962778994981e-01
5.217966332021819476e-01 6.155519896907561961e-01 6.948661595210839925e-01
5.824319611532990937e-01 6.053352347035908521e-01 6.028777812243486522e-01
5.923419802473722795e-01 6.152988172595502681e-01 6.164555969679502700e-01
5.267489363327214624e-01 5.348071025770119169e-01 5.949334252134604872e-01
5.516419997136201570e-01 6.901906084120700280e-01 7.082513689660878686e-01
5.383877412392995554e-01 6.007710484278115937e-01 6.390189007809849997e-01
5.145965001602251787e-01 6.010950414780147355e-01 6.747832673107766466e-01
5.203031836615800154e-01 6.145737290583976886e-01 6.947563782866834625e-01
5.816576901845670333e-01 6.078250441542107918e-01 5.977934533675961504e-01
5.810421624313694133e-01 6.051048529962612665e-01 6.285901410146200741e-01
5.300132739500085233e-01 5.787613376337791271e-01 6.159418475004381222e-01
5.469696462916229240e-01 5.768881634847866646e-01 6.005931491319123072e-01
5.486950939154959794e-01 5.645373911807305412e-01 5.482280537952360921e-01
6.379528063100886603e-01 6.925633284620050789e-01 5.533693245370228109e-01
5.792541707283875851e-01 6.416152281365365972e-01 5.812500000000000444e-01
5.293860448249889661e-01 5.308657241898039336e-01 5.651387251697700398e-01
5.449384493497241300e-01 5.534092562419274941e-01 5.508575019418053831e-01
5.342716859575455945e-01 5.852184304510711366e-01 6.123536316395975510e-01
5.505909358726848168e-01 5.836006904235226944e-01 5.886905645875644133e-01
5.498589906241794223e-01 5.659848911863293308e-01 5.493837619834800456e-01
6.379723449040305416e-01 6.961015324105132018e-01 5.530407327167208287e-01
5.384784614072242181e-01 5.485038978298850676e-01 5.752150175051726766e-01
5.789766490331748061e-01 6.414891993229895339e-01 5.812500000000000444e-01
5.404416326315204522e-01 5.485898886858344703e-01 5.487062415093962864e-01
5.381491073231470246e-01 5.440581957743778618e-01 5.587317865556205021e-01
5.421094533792325532e-01 5.475933971505286824e-01 5.537880982837446453e-01
5.392472718967076251e-01 5.441781692317300134e-01 5.559167897549103232e-01
5.162875697390832963e-01 6.101642232017208123e-01 6.910706754913076288e-01
5.218625013639083265e-01 6.170636642812394879e-01 6.841926695731072039e-01
6.210321799168193602e-01 6.205742429242084857e-01 6.275457785957869739e-01
6.204368193121418962e-01 6.204690811930456684e-01 6.276525624976680984e-01
5.893815939072096777e-01 6.109679279998272428e-01 5.461309763539909934e-01
6.124209474245128071e-01 6.757845330449065990e-01 6.019250990996192208e-01
5.664643164840152956e-01 5.646481516411530066e-01 5.809059842652756211e-01
5.767054438723231424e-01 5.752604920314597914e-01 5.679852458646228452e-01
5.205806758171916959e-01 5.206795530592037702e-01 5.682479445498849202e-01
5.622737263260358942e-01 6.322521703384643699e-01 6.025000000000000355e-01
5.212741602706878474e-01 5.207003754595682654e-01 5.714924137819413774e-01
5.622455031383951640e-01 6.322231887870215505e-01 6.025000000000000355e-01
5.971391565609108776e-01 6.637977662132239498e-01 6.126378910009327994e-01
5.158334486781187556e-01 6.083228331352437124e-01 6.811421805473580893e-01
5.836213164594147296e-01 5.957836612748520499e-01 5.785683804920275231e-01
5.773812265544828737e-01 5.970315529846444980e-01 6.285068150462707059e-01
5.617548361263327017e-01 5.826129400558127669e-01 5.746102625429180266e-01
5.816658137993561128e-01 6.444858266675469460e-01 6.338154804543546517e-01
5.525641190487379228e-01 5.764127952577094982e-01 5.775276798469377582e-01
5.609419180537529304e-01 6.313965670223375959e-01 6.025000000000000355e-01
5.139564521257741214e-01 5.215200256901375564e-01 5.878657131787768941e-01
5.272301040588786014e-01 5.287840580782235955e-01 6.193634108736142396e-01
5.196955926839970097e-01 5.887652526752702453e-01 6.413942429716266158e-01
5.445090314087731587e-01 5.783545019633832274e-01 6.004264825210331447e-01
5.597495259021638692e-01 5.858703518432475388e-01 5.593768542182093739e-01
5.916760383495645037e-01 6.604819363845871871e-01 6.059410636285579299e-01
5.662119278633501729e-01 5.892035257436527562e-01 5.618618339777948778e-01
5.925565034175107604e-01 6.569435020675229442e-01 6.166875314032329580e-01
5.601200071653684720e-01 6.309890559049492476e-01 6.025000000000000355e-01
5.161465800707140117e-01 6.072324259002193081e-01 6.831300871242528272e-01
5.412532311763913473e-01 5.479683087169091582e-01 5.496291554935338608e-01
5.251909750674719213e-01 5.262316055873539344e-01 6.248833012237509088e-01
5.755650091472530594e-01 5.874805763779110679e-01 5.880844806887292053e-01
5.608863181944221399e-01 5.797289784925697687e-01 6.500669527043052565e-01
5.546882837042450554e-01 5.910294932555084646e-01 5.888501729072490587e-01
5.483490130137809171e-01 5.827416006899532874e-01 6.038504722492872290e-01
5.391746098821307287e-01 5.458571205279568739e-01 5.561628749342154565e-01
5.411649116857693009e-01 5.492677863319190834e-01 5.521198117119754389e-01
5.696626795335714144e-01 6.098083041036903573e-01 6.045334552125318783e-01
5.586163812759515901e-01 6.047079191382646046e-01 6.002830611739859989e-01
5.498300207761890324e-01 5.938557406275688511e-01 6.182507180695291371e-01
5.490211440794088293e-01 5.928118296307642865e-01 6.194646688128214729e-01
5.507465410105543135e-01 5.960716844033169259e-01 6.136206572736775389e-01
5.569614915316198900e-01 6.031670474299949403e-01 6.054487921687727869e-01
5.412752909330516005e-01 5.846173823302091010e-01 6.270676801324934768e-01
5.571189622096718308e-01 5.635279632846115216e-01 5.499534585460976732e-01
5.593333128112122354e-01 5.651488620125850737e-01 5.487667958616183617e-01
5.554881054582101463e-01 5.623452175721348478e-01 5.594703526885035361e-01
5.416707705609001833e-01 5.482486985989073469e-01 5.794472756395444568e-01
5.441002411477100509e-01 6.519511250724390194e-01 6.652163877934655911e-01
5.869061117772085279e-01 6.014107431787879543e-01 6.006948846144237741e-01
5.466235399628492919e-01 6.551855473417784737e-01 6.618828847709323782e-01
5.967121995170512339e-01 6.131234498033832914e-01 5.835440272432855791e-01
5.151317920308614573e-01 5.614581059249863504e-01 6.471208195064355184e-01
5.461981856724559270e-01 6.553201151588941009e-01 6.601105507252186255e-01
5.864673067558332509e-01 6.021402012801910786e-01 5.997614772891803891e-01
5.138321715668709988e-01 5.604857612097947639e-01 6.485771453910960105e-01
5.458352942619852932e-01 6.552943773543411510e-01 6.603586450025086263e-01
5.811690191185647780e-01 5.970202053262858577e-01 6.043812885203844187e-01
5.115352944216573494e-01 5.574861334458546258e-01 6.550532298047019308e-01
5.940899898532524537e-01 6.496044066421983176e-01 5.600000000000000533e-01
5.467044601825659100e-01 6.566630658883696459e-01 6.591192965371153178e-01
5.344573266119140298e-01 5.423726488529426737e-01 5.777470194684716231e-01
5.673090312108906019e-01 5.819110361044506075e-01 6.221718132933929946e-01
5.164763018790025084e-01 5.654202181538180438e-01 6.456598115517770964e-01
5.952264548447129267e-01 6.502294032831705817e-01 5.600000000000000533e-01
5.490014534391940426e-01 6.577273988562426510e-01 6.589445414838943638e-01
5.446586741336527648e-01 5.535473863974894604e-01 5.710257303902519510e-01
5.719785872924734171e-01 5.878919490471858911e-01 6.188894413086637458e-01
5.174015297376256539e-01 5.661244532654722272e-01 6.377236860223880477e-01
5.490145386243371339e-01 6.577334186600781729e-01 6.589536019869417505e-01
5.718565016848260463e-01 5.877495423738580138e-01 6.188540125063636266e-01
5.188345724516871815e-01 5.664311118377653997e-01 6.377838868930367777e-01
5.936958141652051157e-01 6.493961302339664732e-01 5.600000000000000533e-01
5.466746319245373575e-01 6.566964977939310222e-01 6.590454954210805960e-01
5.263830466547434472e-01 5.329436335805310954e-01 5.946361028325947151e-01
5.694448420461519778e-01 5.847902206066948327e-01 6.187097948949350501e-01
5.235574816822270439e-01 5.699993510250574991e-01 6.346244760639025984e-01
5.947541384100090145e-01 6.500403621986315938e-01 5.600000000000000533e-01
5.473376845682125236e-01 6.563079238647987479e-01 6.583022715455708607e-01
5.397598887603752837e-01 5.471731671367463523e-01 5.741796789081936581e-01
5.883596697452435631e-01 6.041722553380483030e-01 5.941737580129236029e-01
5.309295136321257047e-01 5.790766759531786878e-01 6.234863663967372682e-01
5.945163131181997462e-01 6.499133681300136578e-01 5.600000000000000533e-01
5.476339016450759711e-01 6.564119058250077465e-01 6.605963156486125420e-01
5.454745691242789407e-01 5.534108673335630391e-01 5.661521257913544325e-01
5.862545789081490266e-01 6.014925540026807571e-01 5.930086050850464918e-01
5.543197646394879552e-01 6.278567404167254562e-01 6.450000000000000178e-01
5.612652021629819243e-01 5.578586764756848781e-01 5.379683854765932027e-01
6.549745254639129932e-01 6.725161149204972322e-01 5.673427388847351871e-01
5.541697425761429319e-01 6.277894040982174850e-01 6.450000000000000178e-01
5.530758805189144311e-01 5.487207373700969670e-01 5.500147462122432218e-01
6.545913917262987658e-01 6.740807041162172331e-01 5.705966248143176101e-01
6.444837148313655728e-01 6.708328019753263538e-01 5.523907776034201467e-01
6.457854414621848615e-01 6.732852364541529466e-01 5.536118978959394532e-01
6.272455197494372081e-01 6.538630194736054779e-01 5.682460597977821992e-01
6.269867762420610058e-01 6.540741074449240022e-01 5.738772447098341445e-01
6.290562992535326803e-01 6.573144706163224216e-01 5.721385908201539472e-01
5.325082177624352875e-01 6.152951594042272987e-01 6.450000000000000178e-01
5.176398720205932502e-01 5.187439235909818702e-01 5.610804609431877532e-01
6.374363179569783044e-01 6.658925392877395044e-01 5.577002672866318012e-01
5.309907114078369350e-01 6.143841754806003141e-01 6.450000000000000178e-01
5.108360314718705109e-01 5.130409097977876032e-01 5.694356687501129777e-01
6.286711568945925199e-01 6.584538015154015600e-01 5.643578934683418646e-01
5.325992705037574382e-01 6.153350845173207739e-01 6.450000000000000178e-01
5.104449378467347254e-01 5.127177480483209315e-01 5.705289269968325527e-01
6.276767669584736309e-01 6.571602546365342690e-01 5.663124422385016343e-01
5.313475298596592733e-01 6.145721559514361054e-01 6.450000000000000178e-01
5.050454563326108870e-01 5.066694264181258456e-01 5.823341285334504569e-01
6.105867842771459664e-01 6.397525847709729652e-01 5.851095260225276373e-01
5.325929824647065436e-01 6.152591403092410038e-01 6.450000000000000178e-01
5.073233260572461711e-01 5.109636625599577320e-01 5.782301261814539739e-01
6.137456797331144465e-01 6.455695507732366334e-01 5.836859172663557693e-01
5.325896715791529346e-01 6.152570517115554249e-01 6.450000000000000178e-01
5.078231184996864211e-01 5.112187330420505660e-01 5.782257512061044213e-01
6.167306857934392594e-01 6.504451600949622270e-01 5.796042527855772564e-01
5.312810648910719635e-01 6.145326995426213523e-01 6.450000000000000178e-01
5.047454490854067499e-01 5.065266908791307143e-01 5.823090230557985691e-01
6.119516845782144721e-01 6.437203973326923734e-01 5.846219336172877590e-01
5.324658931017720587e-01 6.152568999392156179e-01 6.450000000000000178e-01
5.118858642807025960e-01 5.134479842144693551e-01 5.704164210330906482e-01
6.207012639881123173e-01 6.510476533768627672e-01 5.737179068440423357e-01
5.325141859115513077e-01 6.152830483763385150e-01 6.450000000000000178e-01
5.198122954048360889e-01 5.227657818877007312e-01 5.601018342301117281e-01
6.281944643978524256e-01 6.590181868227414919e-01 5.678499623761665838e-01
5.315972217279448797e-01 6.147560742104527520e-01 6.450000000000000178e-01
5.278896845583209707e-01 5.291168610576972853e-01 5.521663002063736947e-01
6.363125164882923457e-01 6.654512632333675626e-01 5.580555746169528764e-01
5.129191154599072044e-01 5.104757911525629188e-01 5.787484442467965007e-01
6.283271467301401181e-01 6.571388075590555156e-01 5.667990469095105510e-01
5.150289243157699648e-01 5.144438256801190379e-01 5.732332061441408610e-01
6.262083675423200102e-01 6.539433523037725404e-01 5.737959074869175558e-01
5.234086726233522224e-01 5.254844476468902847e-01 5.577258111744155533e-01
6.309021838393112924e-01 6.594344569524515087e-01 5.672619397586983192e-01
5.773672273931084176e-01 5.752318539840344247e-01 5.962023501075764953e-01
5.738361199693218229e-01 5.715136805769914785e-01 6.002678157514743651e-01
5.786939664853670839e-01 5.767320417940751121e-01 5.946494090119095466e-01
5.721376791934316142e-01 5.694589726464187596e-01 6.030351611833218994e-01
5.704052007928042123e-01 5.840460348006341063e-01 5.787068824281811352e-01
5.713740005202286865e-01 5.836683938348886658e-01 5.761719162392089366e-01
5.680879361595909671e-01 5.809254636021128348e-01 5.822661625384407680e-01
5.544825021861814474e-01 5.662381369246375362e-01 6.049158481774148388e-01
5.537022173829408977e-01 5.656697326925926861e-01 6.058150616116435572e-01
5.671413407344261248e-01 5.801339268547420769e-01 5.913262130490171131e-01
5.631530472449264302e-01 5.759706483409140487e-01 5.930353252073551351e-01
5.622317105423333405e-01 5.752169223131490261e-01 5.944868769591972191e-01
5.600052305848935985e-01 5.715986634286411849e-01 6.054294664476855825e-01
5.747283061494221634e-01 5.844334511846455138e-01 5.970051007792486208e-01
5.747292043783929216e-01 5.844340260984863811e-01 5.970043725715630245e-01
5.600066172751383409e-01 5.715997383447529723e-01 6.054268348387826792e-01
5.622305885320465491e-01 5.752167069825109280e-01 5.944396483873795045e-01
5.631489419647559558e-01 5.759687949261664830e-01 5.929723297354282385e-01
5.671344691262234505e-01 5.801304728742443517e-01 5.912631882320047438e-01
5.536862365907595507e-01 5.656610583946497517e-01 6.057696629058081372e-01
5.541841903683246695e-01 5.660780842016326364e-01 6.048643394220345471e-01
5.676687391276244998e-01 5.807000941871537369e-01 5.845733943073139205e-01
5.710362512174612659e-01 5.834920593090380248e-01 5.759097172302056755e-01
5.701625175953760616e-01 5.839179189667256242e-01 5.785838159644197676e-01
