5.305580948595680635e-01 5.511490964035765661e-01 5.969895895605487057e-01
5.329160518563711424e-01 5.553158014676963239e-01 5.957878835426151376e-01
5.470184428294792012e-01 6.016886694444708583e-01 6.012384033203126421e-01
5.470223143918339082e-01 6.016911534356158553e-01 6.012615966796874822e-01
5.720003074475064064e-01 5.443804526844746583e-01 5.608840696321909514e-01
5.892301772203670795e-01 5.598793664607653042e-01 5.486287550188383433e-01
5.893372695642107306e-01 5.599646780786653455e-01 5.485838733213481699e-01
5.848814355486994243e-01 5.575549760888520723e-01 5.428681861325400648e-01
5.862646566064978471e-01 6.013598623893678941e-01 5.921350802861276019e-01
6.105951716711485178e-01 5.860754619885978345e-01 5.442330544049638341e-01
5.916522721000427865e-01 5.351873064665340074e-01 5.969856593299461833e-01
5.824976698728323576e-01 5.255581966251083870e-01 6.073564289405419814e-01
5.733672203771306153e-01 5.653963138382800402e-01 5.147419257757700484e-01
5.319667175802822445e-01 5.198030935554931453e-01 5.592175993668729861e-01
5.322321723553841144e-01 5.200868136342745585e-01 5.589538136443273908e-01
5.748380472263276975e-01 5.954168255594292081e-01 5.835494940458629820e-01
5.895756636935862716e-01 5.659390599274574107e-01 5.563730545419981466e-01
5.700291617673290956e-01 6.131921807757518827e-01 6.027343750000000444e-01
5.666991861015616694e-01 6.110633914185539250e-01 6.079296874999999822e-01
5.807324640691073903e-01 5.788374710118688871e-01 5.706928080787667668e-01
5.833076611547431956e-01 5.832558641509921760e-01 5.617820247268932032e-01
5.531646619172818635e-01 5.527979786868826295e-01 5.932075066828992327e-01
5.168953988410551759e-01 5.413788543346013116e-01 5.855069959013403658e-01
5.317469443519508010e-01 5.926577080269780362e-01 5.953125000000001332e-01
5.194768896630739263e-01 5.865418765721752692e-01 6.190624999999999600e-01
5.237416245411306015e-01 5.435966122258459876e-01 5.847044498002231805e-01
5.318679802756172137e-01 5.926426132608096919e-01 5.982812500000000977e-01
5.658755641128517810e-01 5.509330392837236134e-01 5.244080246220783614e-01
5.282184794679813944e-01 5.905849697308206414e-01 6.011572265625000355e-01
5.968042261984016772e-01 6.062799326940596645e-01 5.853313765243790545e-01
6.319877986554178761e-01 5.953416218574998364e-01 5.323468546657416089e-01
5.511933595477378489e-01 5.626454161910710017e-01 5.849123605251378422e-01
5.798379247725525820e-01 5.558547853571411679e-01 5.553365585956020478e-01
5.910271232232393590e-01 5.830078439223612685e-01 5.501016598951218306e-01
5.557374709701314863e-01 5.263793967663064066e-01 5.975948063019702605e-01
5.523455870886385677e-01 6.031749296459087972e-01 6.071874999999999911e-01
5.584211512404616551e-01 6.054570984361532515e-01 6.019921875000000533e-01
5.760971328178001727e-01 5.374064347927458574e-01 5.701934186713524255e-01
5.292938246754711473e-01 5.510232598421128669e-01 5.750150259559168031e-01
5.633283117034632026e-01 5.383822729204160717e-01 5.503756790963035828e-01
5.366376179678348235e-01 5.950492308577532974e-01 6.042187500000000266e-01
5.326797348057511483e-01 5.129474314595413587e-01 5.700744535513577738e-01
5.445275860242397847e-01 5.265440716899140172e-01 5.528394845825642667e-01
6.022931416458264797e-01 5.963635073592866709e-01 5.604197561021020402e-01
6.049363752942742423e-01 5.994289074145318086e-01 5.533103069865014101e-01
5.922590919863255365e-01 5.714149189387768280e-01 5.528001487424781812e-01
5.760712474919809090e-01 5.403298400465403883e-01 5.631179839553941413e-01
5.826924804327978658e-01 5.494537108206911658e-01 5.543873240494204824e-01
5.909853133150341220e-01 5.431586411169371242e-01 5.590244986065161514e-01
5.946709846277219436e-01 5.891818734880366337e-01 5.527345334595691329e-01
5.835390268139259984e-01 5.747966818881504736e-01 5.575119920758913050e-01
5.920904474260323402e-01 5.619422779027787307e-01 5.400369952711189248e-01
5.975313147461115415e-01 5.700806170454524313e-01 5.253081041163751852e-01
5.788497655921623908e-01 5.431312521743587585e-01 5.641346566754293912e-01
5.532965662602723489e-01 5.690221614437028785e-01 5.821975071058006490e-01
5.735265915691112326e-01 5.535717233976684692e-01 5.301042034430326622e-01
