5.558051420754492877e-01 5.817049953626843850e-01 6.145361078056003068e-01
5.659529937950280587e-01 5.900511659924384533e-01 5.948194540433184851e-01
5.669952105160105393e-01 5.908866333100627477e-01 6.009453660099923766e-01
5.482596723624103552e-01 5.637554651773875047e-01 6.320572059253792840e-01
5.496601666536795605e-01 5.635494806219552011e-01 6.321036906821572154e-01
5.398405686067171416e-01 5.508235548841320384e-01 6.456787329870470327e-01
5.407654768876823947e-01 5.511773889878498478e-01 6.457401033928236167e-01
5.798877352564388854e-01 5.925194935599359392e-01 5.897958895786901135e-01
5.753072123577961383e-01 5.869009669712030863e-01 5.957232483549396163e-01
5.801764367423196678e-01 5.923965338147700876e-01 5.887251139572283742e-01
5.780525880536645511e-01 5.892889536483463253e-01 5.853732940271042517e-01
5.771630315409785883e-01 5.878894744684439733e-01 5.871476149706262859e-01
5.739594801342026154e-01 5.848340017968665094e-01 5.954859950663650148e-01
5.627088850363655137e-01 5.706060419369143322e-01 6.121801548107477231e-01
5.708264697335422300e-01 5.800395523114343366e-01 6.002873804409285530e-01
5.709036199814523371e-01 5.806118655476228962e-01 5.988656046388886045e-01
5.704163505728263583e-01 5.799401185593575647e-01 5.997203462946580910e-01
5.763856373302574942e-01 5.869574041186182978e-01 5.949215367462817872e-01
5.707844180620867958e-01 5.794323985946481237e-01 5.967684689086142358e-01
5.644966130361386281e-01 5.712221714541108053e-01 6.094038767631486664e-01
5.666823918014194383e-01 5.745358233475366116e-01 6.058153160255568270e-01
5.733172098644238046e-01 5.822961235189618723e-01 5.947452228771361593e-01
5.632369972700376204e-01 5.696549275484280583e-01 6.114533459524811310e-01
5.548543078101598747e-01 5.533721741280925865e-01 5.840808984871755927e-01
5.486780757038931533e-01 5.396810044389142025e-01 5.958317457632705816e-01
5.455294546220648133e-01 5.356684930814357148e-01 6.000726188166468633e-01
5.389461940404551843e-01 5.290432972194059058e-01 6.080990182999146398e-01
5.575748337052479631e-01 5.508483655791410749e-01 5.766009465778548782e-01
5.587020318190347723e-01 5.522516774578911658e-01 5.716346861296013326e-01
5.559557876491592054e-01 5.484904484473985820e-01 5.755001040706312354e-01
5.544392485468792042e-01 5.449155971289608713e-01 5.777646086235149747e-01
5.606152827392529847e-01 5.531390271536626990e-01 5.704962582041239738e-01
5.570179211724877177e-01 5.499461705957310320e-01 5.701696023889981646e-01
5.571795544305794268e-01 5.495807803097549904e-01 5.675674568709641044e-01
5.545947467122044339e-01 5.460681093604189407e-01 5.734696423818141930e-01
5.389649321743940069e-01 5.290665212654912519e-01 6.079153886401440499e-01
5.455264458935236149e-01 5.356676723273071650e-01 5.996288800863345259e-01
6.190484068862809330e-01 6.669496673318874302e-01 6.075389556451555872e-01
6.112425420938988330e-01 6.566073041655676734e-01 6.149591135253799079e-01
6.143833525446678046e-01 6.546731536737429025e-01 6.120501324367922935e-01
5.986147361060548677e-01 6.327675291447398820e-01 6.368756328387807919e-01
6.008442891599219404e-01 6.348135510620255273e-01 6.377419513845467014e-01
6.036354354245248022e-01 6.361612491260120184e-01 6.315803756135527358e-01
6.275471358934265886e-01 6.602828583360980108e-01 6.001093976742623015e-01
6.406109341582612027e-01 6.756941193491419195e-01 5.811329126713629112e-01
6.399734949199125111e-01 6.752314486516527436e-01 5.825060035511451240e-01
6.185149303998643822e-01 6.495706673357842798e-01 6.105248235452768180e-01
6.300436353567708814e-01 6.628076389828603254e-01 5.965613435605208181e-01
6.333011327071936813e-01 6.659516560094539406e-01 5.915381810152199327e-01
6.321142357471030149e-01 6.642974221293249659e-01 5.932948785966571936e-01
6.396804561090064789e-01 6.719511921963098322e-01 5.821266305958930909e-01
6.361850993518856079e-01 6.692210607425973512e-01 5.886407184655425562e-01
6.355686126143130776e-01 6.676122942421245376e-01 5.849521947140452482e-01
5.727416859049396791e-01 5.836917363387578161e-01 5.528999036655937172e-01
5.574144654671634447e-01 5.650868886627272714e-01 5.727674531693141002e-01
5.505855840377561483e-01 5.678949561390147505e-01 5.854632789449559782e-01
5.435345891851594002e-01 5.559177839401405752e-01 5.980239901215839149e-01
5.492916613603314735e-01 5.628895108257747637e-01 5.902084899470323442e-01
5.509668429779600585e-01 5.646198860794100494e-01 5.804121497814180852e-01
5.431974126671809122e-01 5.549330516077989328e-01 5.923978909911261637e-01
5.425868355295020429e-01 5.547724409143185431e-01 5.969137587889145058e-01
5.438806983883283097e-01 5.566096188630828001e-01 5.940639095821640403e-01
6.028514129684128253e-01 6.483510282051270224e-01 5.892715808635529129e-01
6.029000049744223100e-01 6.404683548987086805e-01 5.869133475942036604e-01
5.913019268095567327e-01 6.240010615730829935e-01 6.034919388802569840e-01
6.165847450329479118e-01 6.426444309561062385e-01 5.739508750536177484e-01
6.206216924773829691e-01 6.457429959843123957e-01 5.644426578387969906e-01
5.404636291130756609e-01 5.426560842781792404e-01 5.827475005381801409e-01
5.301654554708065126e-01 5.334232368346136788e-01 6.046204839641742268e-01
5.373024905170197263e-01 5.405165396828747193e-01 5.924751026491106298e-01
5.367223352547418891e-01 5.385369798454117118e-01 5.961791938981859662e-01
5.306050351462584524e-01 5.340321716220047810e-01 6.070379007893108581e-01
5.620929078903607046e-01 5.985574748239876897e-01 5.692587020038895051e-01
5.431534337034069626e-01 5.618465913364804054e-01 6.077325858241917622e-01
5.468442427158151098e-01 5.648217938467134935e-01 5.979598681033225782e-01
5.671900452659872638e-01 5.793122076694336986e-01 5.730597870613688416e-01
5.426596791704870748e-01 5.591740681188300810e-01 6.070686828557116943e-01
5.575173199887848430e-01 5.737183012480602251e-01 5.954594217911065579e-01
5.420133831834357263e-01 5.594184438252920444e-01 6.090785263055231713e-01
5.630628552824803457e-01 5.808939211124879431e-01 6.296717834317044904e-01
5.550723029716976287e-01 5.911930546471076964e-01 5.683609253430736974e-01
5.665945244796408709e-01 6.019396809423229744e-01 5.526212464020678894e-01
5.528171715024809973e-01 5.844265288356850219e-01 5.768627124561431785e-01
5.658240343734651789e-01 5.791928618550473695e-01 5.762045391329980726e-01
5.792655570368773210e-01 5.879298277520388361e-01 5.778912607043354965e-01
5.583067186076288158e-01 5.925067905683016889e-01 5.926531742527205715e-01
5.597948443540583519e-01 5.901224154244325559e-01 5.900813388427701423e-01
5.339714840793785555e-01 5.897528151867252877e-01 6.483948822535875456e-01
5.800851462276594983e-01 6.173675831564573446e-01 5.843888496219893369e-01
5.743921007301533432e-01 6.039626141877126875e-01 5.886382344320957305e-01
6.222763428285795761e-01 6.507231535664369515e-01 5.959997762762608842e-01
6.311400411038846636e-01 6.602779297319308904e-01 5.819431365909686349e-01
5.526973055744293095e-01 5.899451431870987861e-01 5.670479471141847139e-01
5.728773641377236103e-01 5.849493747773140129e-01 5.527425272550178237e-01
5.724495957661468459e-01 5.840169714776944909e-01 5.572935888177168451e-01
5.601235163338238454e-01 5.919251748300428106e-01 5.802627339287265151e-01
5.489273414085216185e-01 5.624205438528523393e-01 6.202797573813056964e-01
5.684821274886484588e-01 6.012784730360538621e-01 5.869758899600936441e-01
5.664696966470251782e-01 5.916841692836829480e-01 5.969049227463525398e-01
5.742928872159196452e-01 5.793709323268999567e-01 6.008041291500164638e-01
6.193636660141506045e-01 6.483991892958774761e-01 5.963484483255789836e-01
6.247928846910644207e-01 6.577062782452447465e-01 5.969394002125792964e-01
5.577734824660878221e-01 5.660397408904827010e-01 5.768616370239735280e-01
5.570648369632873464e-01 5.897571067111515575e-01 5.638347947635666824e-01
5.585002614232569274e-01 5.920270810900563063e-01 5.634745151160068799e-01
5.477148103973930038e-01 5.685286228257323549e-01 6.086422631040298015e-01
5.687253541854783156e-01 5.778282570643290539e-01 5.903232415971719771e-01
5.696532011399990658e-01 5.783671980041069638e-01 5.988627938320403299e-01
5.705183242523678144e-01 5.777636005048221168e-01 6.038413980550504379e-01
5.773496309353194356e-01 6.137894833942184603e-01 5.820510984381283004e-01
6.086802443879013591e-01 6.473993422749234616e-01 6.238496497663104101e-01
5.486745315633085873e-01 5.560099078319511445e-01 5.856738993277740279e-01
5.583399699621744983e-01 5.687071279109480182e-01 5.653949000860403196e-01
5.577907344211993079e-01 5.672601426535703872e-01 5.720161699243039299e-01
5.573291456045103009e-01 5.797900345216372431e-01 5.969552111580844755e-01
5.640965181713449850e-01 5.743587945977044473e-01 5.956015165355728058e-01
6.048479733697555982e-01 6.406553160305947792e-01 6.222004008481674120e-01
5.574231399420372934e-01 5.894693094834261293e-01 5.703195191339106573e-01
5.320943112061179425e-01 5.437204690881775049e-01 6.134251878251409940e-01
5.620585685052441605e-01 5.990950566524684273e-01 5.723718251130091028e-01
5.481281511013967878e-01 5.607943332952313176e-01 6.175281682862618915e-01
5.584717527620508548e-01 5.582384292413424820e-01 5.764416410333536023e-01
5.538688187547051722e-01 5.443967938208442714e-01 5.735418039962674186e-01
5.419170400217245831e-01 5.556551788723833596e-01 5.991041339725340364e-01
5.425341899873836748e-01 5.562242851913546948e-01 5.991075054218943929e-01
5.473189673330385308e-01 5.617635158825911024e-01 6.079826053336874203e-01
5.592893003090821935e-01 5.737491306772456445e-01 5.861409842920141111e-01
5.478891102238455657e-01 5.604361682604633854e-01 6.100273687575010761e-01
5.674482608898313574e-01 5.785129769734543848e-01 5.601717996730924964e-01
5.390451551648257622e-01 5.291514671497878908e-01 6.079254898193341417e-01
5.456539913628440930e-01 5.358367239589721942e-01 5.997187443027089948e-01
5.820380808205855017e-01 5.899418143362221700e-01 6.210491576150952708e-01
6.025023363525567888e-01 5.994330729861153673e-01 5.992116299722060058e-01
6.066558991168747861e-01 6.033413551684795317e-01 5.903706507663986081e-01
5.986579094292748815e-01 5.956841642158634542e-01 6.025862216151580686e-01
6.079545587010688479e-01 6.049651641110321831e-01 5.970363972144675513e-01
6.086111281675055107e-01 6.053769280573054745e-01 5.906313760975079319e-01
5.962110137664864418e-01 5.909841729211106065e-01 6.031709799229846292e-01
6.038118048100270530e-01 6.007542599959043716e-01 5.978909522292070733e-01
5.991841996622047084e-01 5.953878641299524821e-01 6.027535160151510363e-01
6.069957053140299097e-01 6.026527095160278957e-01 5.961615792430194904e-01
6.034110061100124156e-01 5.973612522117339729e-01 6.014426373276199334e-01
5.961909086203963648e-01 5.889756609225660355e-01 6.106344420489451252e-01
5.995914485106071945e-01 5.728602811883676260e-01 5.770963257298172833e-01
6.006703633570291689e-01 5.711413058470802273e-01 5.785726977598790732e-01
6.033635230053245868e-01 5.730188420322914755e-01 5.764862217025963353e-01
5.934388652692604849e-01 5.623078595898783894e-01 5.884415556973654482e-01
6.126131295568874036e-01 5.876564459904555227e-01 5.422085109201157938e-01
6.070981498759071560e-01 5.802908428929423046e-01 5.500543733904482702e-01
6.190040797498318481e-01 5.923907691716029378e-01 5.368226369009672094e-01
5.931016144895562281e-01 5.621447294552164298e-01 5.881605622974660497e-01
6.339569232876800520e-01 6.482417434836611481e-01 6.444987139791056308e-01
6.991169108801293941e-01 7.066059580432303422e-01 5.690009601979988396e-01
6.980299271239850389e-01 7.045664043316618441e-01 5.740142389268730883e-01
6.888010870044183331e-01 6.904115791053677675e-01 5.816139895091281264e-01
6.971087616924300789e-01 6.996980605463427594e-01 5.735729996642346951e-01
5.854539299519760931e-01 5.813698488906868800e-01 5.796680915711586168e-01
6.001462910911588011e-01 5.912529019756178617e-01 5.651576773157686029e-01
6.061166416794561140e-01 5.990585307405164039e-01 5.575569394004769030e-01
5.761439185010700514e-01 5.717058623366350067e-01 5.946559318501792868e-01
5.901879732040798965e-01 5.747717534754804847e-01 5.662120704434795426e-01
6.073428195960584031e-01 6.032479111285317108e-01 5.675075989945893573e-01
5.928927995865636014e-01 5.805178362522347424e-01 6.404577697301512273e-01
5.631438572710372181e-01 5.785503669574432184e-01 6.137887050222730068e-01
5.603136831001193086e-01 5.957395203656926652e-01 6.453504624021114688e-01
5.732270599158278968e-01 5.744433633048767751e-01 6.295689373825039681e-01
5.962207271340611570e-01 6.092175252058991131e-01 5.881139933311311241e-01
5.892908423088482062e-01 5.834497740709303493e-01 6.123240398372017390e-01
5.828230054752691069e-01 5.772832291301268626e-01 6.203967924776179199e-01
5.665041443027671875e-01 5.594465604314747820e-01 6.568405742985887752e-01
6.862768427517288439e-01 6.928630018926973388e-01 5.753152670993860740e-01
5.822108657943293464e-01 5.925295156662313545e-01 5.779868124504015103e-01
5.993241643384157324e-01 6.109785869813236792e-01 5.618013191193738098e-01
6.049023790672936052e-01 6.005299590440372759e-01 5.797819638297250222e-01
5.950176471498132003e-01 5.887319502782599745e-01 5.879217876290983025e-01
6.031489853655916944e-01 5.999922682511535932e-01 5.786213013984948805e-01
5.803148981165771048e-01 6.002048563487953903e-01 6.060824417459346192e-01
5.837435326603428454e-01 5.856584835069907902e-01 6.256826680865310575e-01
5.983721090429030554e-01 5.893383939039124053e-01 6.129198972631072495e-01
5.988983838592663034e-01 5.876273626740013967e-01 5.985825562538662492e-01
6.004630777432679034e-01 5.901083929989701105e-01 6.012768525598858327e-01
5.938680207405047096e-01 5.848671450830633667e-01 5.670339710821636903e-01
5.956842043480785609e-01 5.940557280909637416e-01 5.971654798116519114e-01
5.968424975006736410e-01 5.892679514609834301e-01 5.879725724096247497e-01
5.876141770172408352e-01 5.867947254865613083e-01 6.096955474128806785e-01
6.084983872298639351e-01 6.022427630729252357e-01 5.774594630996916500e-01
5.670238202303979902e-01 5.606037514906672126e-01 6.470756943422273366e-01
5.989283548304545901e-01 6.063587480323288093e-01 5.868803226349580404e-01
5.652805691211016947e-01 5.598169807170799706e-01 6.541739519592648655e-01
5.828921334897220197e-01 5.927982515722978185e-01 6.174147053654995831e-01
5.763989302108897261e-01 5.893532482875794010e-01 6.016266363706403997e-01
5.786755611694655022e-01 5.921129486484618676e-01 6.041139046012302671e-01
5.965475937702857667e-01 5.939711326608484443e-01 5.935742333866421694e-01
5.855956130362023337e-01 5.804663275290783409e-01 6.116466248393597205e-01
5.610390697055698261e-01 5.547202525933799810e-01 6.174986194702567488e-01
5.882796490210133733e-01 5.813026708863768821e-01 6.028030408645008720e-01
5.937250411600766276e-01 5.874258433854909756e-01 5.982055540953351569e-01
5.935078105222617584e-01 5.624511619080945213e-01 5.881711305790519040e-01
5.449131643709206330e-01 5.956986624666996688e-01 5.756560574198413827e-01
5.352511759628384436e-01 5.822707400414456336e-01 5.997985961646620234e-01
5.460046644900460322e-01 6.066612938455886450e-01 5.762355388385299593e-01
5.371198556685428116e-01 5.838661045791997406e-01 5.979305217339919709e-01
5.353900743590938038e-01 5.762019485129051821e-01 6.073300767724897353e-01
5.364453885901951935e-01 5.764972055481327740e-01 6.045882358819960611e-01
5.367782263275195920e-01 5.763584245267132644e-01 6.043761686947298761e-01
5.284277604178057031e-01 5.545284026194516880e-01 6.159896999795130279e-01
5.297888378348820648e-01 5.545379666910001948e-01 6.145700779295479865e-01
5.388531106840648288e-01 5.732406899375083187e-01 6.007115347517184567e-01
5.399856239773559441e-01 5.738047211846827311e-01 5.939292564849483202e-01
5.376499885669850931e-01 5.663532164303186622e-01 6.034907629330786838e-01
5.407967596418188361e-01 5.700784835036013520e-01 5.998541410603195345e-01
5.339195814002450913e-01 5.608538570589763905e-01 6.131530319618451186e-01
5.437835035628008074e-01 5.717885893305920675e-01 5.960064401782436683e-01
5.393489461154848952e-01 5.667949404077672337e-01 6.053015618222038485e-01
5.301761570380967292e-01 5.565152509100819156e-01 6.148500978061232081e-01
5.505558605582766551e-01 5.789968551985960055e-01 5.867527758502859569e-01
5.577795366374458386e-01 5.870321640198992164e-01 5.742384094717569720e-01
5.639012063317107026e-01 5.935802623425157076e-01 5.674700760725368553e-01
5.531982385592545404e-01 5.786892978814832667e-01 5.762758615685014130e-01
5.617235741418210582e-01 5.896822389494490446e-01 5.707534995504150999e-01
5.536002590544214508e-01 5.792669806636780994e-01 5.801750614654945792e-01
5.503779871624866482e-01 5.736382494599988613e-01 5.871060556910334682e-01
5.553587738569014665e-01 5.801796326546091453e-01 5.755887081206316758e-01
5.342268714941376118e-01 5.390887356263230901e-01 5.681574981801625901e-01
5.390533982583245454e-01 5.421887036615385957e-01 5.570224034200061958e-01
5.389829598945433675e-01 5.408302986116083622e-01 5.607526395284206933e-01
5.220294750333718259e-01 5.205114442198313096e-01 6.015858624112183639e-01
5.223701598789943779e-01 5.209540349291097439e-01 6.009070296743941331e-01
5.203043122016987043e-01 5.176944959380053168e-01 6.055242068317263637e-01
5.150502476905323146e-01 5.105469057985860815e-01 6.149805800571849224e-01
5.244960415813537669e-01 5.225231980563090906e-01 5.968689240740882029e-01
5.720101103120139863e-01 6.368499008037398212e-01 6.314071339772309166e-01
5.646143461315072942e-01 6.241896965884685677e-01 6.409028428470410210e-01
5.682169199080748800e-01 6.260012207453191646e-01 6.392346441819880543e-01
5.737668368701528410e-01 6.310237522640240737e-01 6.283783026036946495e-01
5.759903565790647217e-01 6.349963056502582193e-01 6.242600046107132927e-01
5.834134706731749498e-01 6.344065675125581949e-01 6.135762903079086117e-01
5.788041888677182278e-01 6.303689193209325303e-01 6.242084471286233338e-01
5.796985473968533364e-01 6.246872240019604172e-01 6.264420207195210422e-01
5.826169553019969749e-01 6.305238570668494358e-01 6.214214375220264985e-01
5.798666473876246119e-01 6.269087949395134585e-01 6.242337726258074815e-01
5.749544000798906263e-01 6.154564164538646187e-01 6.365011713471198096e-01
5.673287923086629547e-01 6.089631937971137221e-01 6.490644745605022026e-01
5.758793161306082764e-01 6.198952898591182370e-01 6.305004936455551601e-01
5.815753522935106501e-01 6.275065274631406176e-01 6.215644633158684540e-01
5.823806895568391928e-01 6.274652187278357829e-01 6.218628740171813218e-01
6.026655676102354864e-01 6.497061015597902500e-01 5.947410550804341778e-01
6.155889795692314204e-01 6.578956216231096610e-01 5.800099259840861832e-01
6.087269815577246446e-01 6.496528708627601345e-01 5.906461725885916447e-01
6.118671185035381432e-01 6.541566498513475825e-01 5.821691666199535486e-01
5.141889642047466902e-01 5.425452634563810994e-01 5.975671695163349284e-01
5.195174968116339498e-01 5.435073095649336494e-01 5.840237197412145864e-01
5.205027408179250248e-01 5.419825522138890239e-01 5.933779027605173839e-01
5.208738173923493919e-01 5.487397563150996360e-01 5.867485359201217721e-01
5.229627221387345148e-01 5.478649610087961142e-01 5.863963295980478829e-01
5.146742968221909020e-01 5.433777912728428028e-01 5.964106824162114240e-01
5.269858578250465886e-01 5.536051296827836365e-01 5.735510190834617328e-01
5.149596977544623755e-01 5.389918103324886633e-01 5.931712562055404536e-01
5.563941293980352309e-01 5.994470299687404413e-01 6.138003177381157194e-01
5.594735611303922607e-01 5.989645348423568993e-01 6.131528301796443925e-01
5.592828965387207640e-01 5.968695070596645724e-01 6.092701603650737541e-01
5.736245647706600392e-01 6.216908736241230082e-01 5.850191751973526921e-01
5.704547265835979708e-01 6.122143662380337137e-01 5.953254461326527025e-01
5.199740003016944945e-01 5.352968928193937437e-01 5.938870537434834951e-01
5.361655720158641225e-01 5.554240623801515175e-01 5.423251610446806481e-01
5.424352387512924034e-01 5.674409502657787874e-01 5.233795326943687654e-01
5.227393871091284838e-01 5.411925087652535993e-01 5.626535840599105054e-01
5.546809453874607110e-01 5.757287840249621924e-01 5.568935912197998661e-01
5.596611852039387047e-01 5.981572168480910889e-01 5.854913657768365809e-01
5.588574137664097385e-01 5.936111978982152593e-01 5.889247311870504653e-01
5.863317917131782853e-01 6.341710561890885334e-01 5.931573272508182670e-01
5.894827448887187682e-01 6.354068659480891501e-01 5.885144195612816986e-01
5.373725421075964404e-01 5.531217980591850436e-01 5.460963405638712409e-01
5.554461181668027825e-01 5.789751758499717127e-01 5.277378382239139576e-01
5.179203621877732644e-01 5.698867812240455688e-01 5.973111773030730376e-01
5.237628726010796765e-01 5.666429901797587210e-01 5.870520063660340515e-01
5.311139224360714728e-01 5.703362894207762990e-01 5.745305404248878256e-01
5.233852481470079310e-01 5.649349554785438876e-01 5.828091322027869614e-01
5.374469906837980870e-01 5.828270737654589473e-01 5.866352978850338795e-01
5.344558178913685342e-01 5.730547295536082553e-01 5.898711882594346312e-01
5.345825456168472600e-01 5.747782625660879940e-01 5.882368090902344582e-01
5.569337893509103132e-01 5.806715567116673693e-01 5.645389547285272203e-01
5.434483596933393779e-01 5.676891113797155608e-01 5.754342538127419360e-01
5.587109450507512509e-01 5.882286343510430004e-01 5.587382434064690484e-01
5.560848049503851476e-01 5.854216368319171693e-01 5.711724907606735568e-01
5.164692804863630915e-01 6.178972914345832734e-01 6.606743857579763235e-01
5.051373393423098657e-01 5.929087620749465826e-01 6.526147070084823421e-01
5.545740179116097623e-01 5.776736914036912918e-01 5.992201082514243549e-01
5.347743165281466649e-01 5.725917131929749715e-01 6.161182545219090478e-01
6.016623838334010932e-01 6.453063329801345116e-01 5.862272133449658584e-01
5.156535922554120743e-01 5.603660019285420235e-01 5.926748887333851412e-01
5.279262177758501373e-01 5.688754195323102447e-01 5.700709553627738568e-01
5.299730778055379288e-01 5.732300380964291397e-01 5.641236387073309544e-01
5.319911171489231094e-01 5.557702179010457488e-01 5.750510410336729938e-01
5.539535082167992286e-01 5.791407738235346825e-01 5.403608213384674119e-01
5.214724517685250804e-01 5.678142942816788441e-01 5.870844705501041538e-01
5.260829884824029801e-01 5.642939596576906913e-01 5.883445508446435435e-01
5.252206126674496822e-01 5.606924472601885201e-01 5.944617245102961078e-01
5.270621267413491129e-01 5.472943004345376394e-01 5.971514523589256385e-01
5.445635479847669158e-01 5.665040548392983322e-01 5.755298939714654782e-01
5.591296397279694741e-01 5.816554786202084992e-01 5.754228964232226406e-01
5.518818562071112765e-01 5.742564488798752587e-01 5.796970505016518782e-01
5.410679844195948052e-01 5.623035919534465910e-01 5.924054418353601470e-01
5.493269353813915457e-01 5.773898377534212312e-01 5.851425540831415306e-01
5.482850753906154395e-01 5.761055655621584171e-01 5.911354076741616170e-01
5.602902732846513079e-01 5.865530382014915167e-01 5.696402368920209236e-01
5.480493212876317299e-01 6.081721376516575628e-01 5.841789520816584869e-01
5.393952909026291653e-01 5.794451765720363134e-01 6.070980746320289168e-01
5.341526094705532079e-01 5.624793181910718864e-01 6.214223446924354022e-01
5.519414258120689531e-01 5.795591774352966130e-01 5.916003978410161457e-01
5.597816523540022349e-01 5.861249830178713038e-01 5.714577565647889212e-01
5.479042480626384881e-01 5.899993992837829770e-01 5.936222879208865599e-01
5.638220430691073259e-01 5.919497234697915777e-01 5.742118200701525899e-01
5.386392869227202285e-01 5.745627163570470319e-01 6.148005828443129372e-01
5.553098564301056639e-01 5.989938463422048720e-01 5.877645859218673108e-01
5.651197744032807613e-01 6.177824920718422153e-01 6.444322624129985577e-01
5.481222054760367390e-01 5.714774427285986835e-01 5.452803792707270336e-01
5.528357700775943240e-01 5.786013731160909446e-01 5.388335913598469862e-01
5.306399060150908120e-01 5.845926172614496208e-01 5.862052196599708553e-01
5.657133109663163850e-01 5.883308796486074188e-01 5.472507150971703815e-01
5.261115977501322760e-01 6.234314075135629629e-01 6.359374999999998224e-01
5.058478458312030135e-01 5.859495615283772940e-01 6.458552631274634415e-01
5.481947410326429848e-01 5.700409326522334341e-01 5.806515767386277727e-01
5.576827647963983337e-01 5.802196321510837418e-01 5.650084741395788868e-01
5.304093817454631488e-01 6.057750929598767486e-01 5.908301976156594693e-01
5.276863951119268314e-01 5.618696284782167538e-01 6.216246905442268655e-01
5.623872105803305876e-01 5.882693853985916377e-01 5.687981856325502461e-01
5.334752672862798084e-01 5.672653707229682318e-01 6.210671457340313228e-01
5.693344104928892424e-01 6.061911010539869915e-01 6.360409508391970945e-01
5.731188697002235211e-01 6.134193850422589023e-01 6.370428280941147214e-01
5.429850286539996684e-01 5.679653401100470678e-01 5.525909193309610501e-01
5.497849584628157205e-01 5.756538790156348062e-01 5.368435616069500149e-01
5.183330644229986461e-01 5.692254677756763970e-01 5.910595006708841970e-01
5.513528769435974697e-01 5.882755592708964754e-01 5.667038910692836495e-01
5.648186494631123322e-01 5.937318166039855516e-01 5.546742934588835272e-01
5.558310101366327194e-01 5.788063916345160820e-01 5.681870824534545061e-01
5.639782697509484466e-01 5.868189223405286814e-01 5.556578042433749642e-01
5.294175063610493392e-01 5.830933063172314412e-01 5.938018193039779069e-01
5.409167039211504324e-01 5.868225961290191028e-01 5.972915417525368476e-01
5.344233816270509418e-01 5.784834009957979806e-01 6.066758061828538828e-01
5.800243149701429513e-01 6.317923841553216846e-01 6.146551767696849522e-01
5.783910546027847266e-01 6.300431188348186717e-01 6.184966585748423729e-01
5.739518354818260448e-01 6.243897581297466193e-01 6.285260137222621335e-01
5.192065443852886819e-01 5.500503434313488427e-01 5.924702735971607570e-01
5.522649304190628827e-01 5.750848416235608829e-01 5.456123131373621371e-01
5.179411545880971968e-01 5.551107822221370558e-01 6.101669362553111542e-01
5.516920663298137129e-01 5.821481943161481709e-01 5.656391466975694282e-01
5.848766689137162578e-01 6.067738098925978818e-01 5.234900392930377233e-01
5.494916989059490664e-01 5.819642889824266918e-01 5.713386735567983488e-01
5.369651703118896169e-01 5.661312684240537019e-01 5.955303717062333524e-01
5.377725688057501952e-01 5.669207121057752152e-01 5.963479702070606514e-01
5.582666873235091476e-01 5.804333139222687121e-01 5.627423711920027660e-01
5.357885940506301736e-01 5.621216247545333111e-01 6.160663625267749355e-01
5.856837418192571976e-01 6.386880936453510627e-01 6.028384176338169587e-01
5.842173743622177673e-01 6.368177712460399986e-01 6.067373828309919892e-01
5.100836562274398966e-01 5.488045853210368197e-01 6.010961293754519819e-01
5.200105850378223815e-01 5.556842013500742361e-01 6.115560192890974189e-01
5.245947241904568292e-01 5.226938199813901953e-01 5.968631296014048626e-01
5.235669037438800411e-01 5.471703976713360174e-01 5.821646695232949309e-01
5.342839887516914743e-01 5.591251270288386532e-01 5.685415709967981401e-01
5.528391556407928897e-01 5.763969599976030977e-01 5.722193488235736147e-01
5.456522048202190334e-01 5.681329627917781622e-01 5.782377718836750891e-01
5.862573835206975614e-01 5.876317099263393962e-01 6.062910010450778264e-01
5.841872669170256049e-01 5.830685440482417103e-01 6.121010729716918064e-01
5.636784794757054851e-01 5.749651109474593902e-01 5.821245276978672667e-01
5.719439154809453640e-01 5.802986915624782638e-01 5.745765123559102294e-01
5.608361944624703499e-01 5.566915781585791700e-01 5.875851374631234636e-01
5.517196306161111785e-01 5.820037126214143708e-01 6.040067558356762012e-01
5.715181697713851428e-01 5.839281239514442223e-01 5.894411550282169232e-01
5.630737094058138048e-01 5.872780722475704485e-01 5.748535040181392830e-01
5.451615802161926538e-01 5.832960769694022218e-01 6.232704638327590807e-01
5.752598346292617792e-01 5.848223976307600491e-01 5.975949034407245231e-01
5.762556499972767421e-01 5.767136829150973920e-01 5.622293643028886123e-01
5.833434818846492398e-01 5.981210814767482509e-01 5.830679202578350484e-01
5.707067804962641100e-01 5.871046846315038925e-01 6.116991280909100936e-01
5.831845329651511589e-01 5.814142540500971679e-01 5.599712258817600707e-01
5.673543004247217914e-01 5.918054622264169451e-01 5.931075248635561126e-01
5.735090440233261422e-01 5.815459019474401581e-01 5.904583337020801181e-01
5.876476525755883751e-01 5.882523570872566498e-01 5.831898375492300390e-01
5.831180291278956762e-01 5.919650236469713445e-01 5.835329870660789231e-01
6.028754258772412999e-01 5.985194431945194404e-01 5.917470737118888380e-01
5.610501583676377191e-01 5.997026645769714115e-01 5.902749569926281081e-01
5.532403971195972714e-01 5.879636282389514301e-01 6.028500900777322702e-01
5.551710209668666574e-01 5.881254591986535551e-01 6.022149650113768349e-01
5.496465157408894076e-01 5.611959437526682359e-01 6.222242923093523892e-01
5.500425479252005756e-01 5.668902409495322203e-01 6.158342832047403181e-01
5.591274943972871503e-01 5.787113662662092262e-01 6.002129099330253403e-01
5.495538692332315733e-01 5.635550253873516935e-01 6.203176794331265453e-01
5.477974261648724807e-01 5.614385633914555918e-01 6.232174406173361936e-01
5.430746694671106933e-01 5.562014946447815245e-01 6.285405335649636438e-01
5.604039701982311827e-01 5.695517641466490977e-01 6.030589459965507437e-01
5.597668883867840117e-01 5.687668997661746717e-01 6.038354267912809936e-01
5.525064233851806339e-01 5.702755842542478470e-01 5.850765013067737996e-01
5.361379066075169231e-01 5.477831247766048461e-01 5.979859390702660926e-01
5.461984464462691369e-01 5.603827773993846906e-01 5.765154203070703698e-01
5.535780953232856127e-01 5.625874282317222530e-01 5.711182529338010294e-01
5.463947417480466973e-01 5.482572869077319000e-01 5.772215745428550537e-01
5.478898000009969627e-01 5.481950669351920435e-01 5.755673697583071347e-01
5.832686130835408322e-01 6.254344728736189740e-01 6.330340775347618187e-01
5.801401890468054212e-01 6.189731001036217206e-01 6.457727746934253110e-01
5.809040099857262218e-01 6.344866971103314546e-01 6.402725576048131639e-01
5.792396074002186257e-01 6.315150338525428175e-01 6.439161360842136084e-01
5.503762089732155971e-01 5.639370344291251280e-01 5.619546783224838027e-01
5.372706040913035608e-01 5.735422394486456854e-01 5.638103667331613167e-01
5.362728853194423939e-01 5.714385467375274752e-01 5.695953017179653521e-01
5.454795505558396318e-01 5.705738213119238011e-01 5.611306341265926978e-01
5.476973355515043496e-01 5.721056833583503254e-01 5.615398927961886555e-01
5.427459247674566445e-01 5.999706727153442110e-01 6.712895992212786211e-01
5.686080581739155759e-01 6.180116434903059064e-01 6.127834020409076432e-01
5.587530573110996990e-01 6.154024431672709960e-01 6.274201905488027142e-01
5.640939433279458237e-01 6.104470377745233600e-01 6.231911160796816951e-01
5.816342608637576905e-01 6.286497606622506451e-01 5.932212548164781385e-01
5.747031214961472179e-01 6.100213818601295523e-01 6.038288488611716076e-01
5.315505177734857201e-01 5.580284324854433153e-01 5.737026082899097101e-01
5.426585834461080671e-01 5.626635748849395657e-01 5.569799825571049023e-01
5.452273717314952695e-01 5.623334655808228666e-01 5.432602146632490303e-01
5.584371436203696693e-01 5.765411826902794301e-01 5.682985218351566115e-01
5.714650407501757901e-01 5.895044788501262456e-01 5.536022889022275129e-01
5.656191869778088854e-01 5.912160857489637822e-01 6.060585944946398351e-01
5.756647917731481101e-01 5.938817787416257321e-01 6.383545681828004525e-01
5.663291290537190159e-01 6.239237265661252696e-01 6.335042233481908980e-01
5.399838109259326169e-01 5.748352005581438551e-01 5.783266142207101890e-01
5.455876278263810386e-01 5.821951999966684665e-01 5.643425092824509992e-01
5.439929630284594531e-01 5.776045570983721067e-01 5.713175389479441257e-01
5.486363153553003302e-01 5.743717409618930292e-01 5.706572406876893044e-01
5.549268390207438006e-01 5.877190435580573746e-01 5.897480633625797886e-01
5.468080405584425652e-01 5.694125069433436659e-01 5.977374877245940077e-01
5.581551160207006701e-01 5.793554335728334781e-01 5.865350819452177511e-01
5.886545396466503766e-01 6.081788014114480889e-01 5.878022776818385697e-01
5.409313543976815852e-01 5.766716306071396625e-01 5.670229011153066212e-01
5.465703901124158159e-01 5.792985105285167746e-01 5.782902549886401733e-01
5.806189832932585615e-01 5.934752456304981383e-01 5.509982012676557517e-01
5.814457490621135483e-01 5.945278165795514491e-01 5.511254588041368807e-01
5.432110921831155848e-01 5.605755283328194283e-01 6.227403122615559061e-01
5.610097451197701979e-01 5.697649840317914327e-01 5.952111605321481758e-01
5.989394138659779321e-01 6.096272492616796601e-01 5.498111689709453964e-01
5.632466990770232940e-01 5.974930169788035261e-01 5.957536554094299275e-01
5.604257847380227364e-01 5.851575759081180106e-01 6.085797865188476985e-01
5.745070369304881019e-01 6.095841864327105064e-01 6.531650538836685227e-01
5.824984727772298809e-01 6.324106074164331792e-01 6.266424759102450226e-01
5.346047546376866411e-01 5.568004547601199672e-01 5.986223022306442765e-01
5.368029300199478326e-01 5.587344367428881409e-01 6.080872887733054233e-01
5.294340564398994919e-01 5.750042775193309197e-01 6.354852233652283910e-01
5.562602805844530929e-01 5.824429564896463907e-01 5.752483599931853542e-01
5.858940231361345896e-01 6.005862234398202659e-01 5.366445834937463299e-01
5.684868964572231675e-01 5.905172362890563909e-01 5.606610500064341807e-01
5.811247898195919248e-01 5.940582565112394464e-01 5.495234966242761310e-01
5.322618861291230630e-01 5.794820742387836177e-01 6.321161663142245146e-01
5.394830433531933034e-01 5.623217854436655117e-01 6.098449874708713470e-01
5.554826379383588364e-01 5.743880274721533397e-01 5.951916666337370154e-01
5.761526965799680378e-01 5.877214432238336839e-01 5.607322583713760800e-01
5.579984007636173970e-01 5.649321649751453123e-01 5.945313731519875633e-01
5.653232096957894193e-01 5.714715167538686469e-01 5.911659011091920934e-01
5.355776785134142015e-01 5.885864592406615525e-01 6.292571255592128709e-01
5.407555511322823527e-01 5.953544826369634446e-01 6.256457590881683295e-01
5.293490013476598310e-01 5.597066035448372556e-01 5.963565846988971852e-01
5.487136703434366547e-01 5.786886152244969939e-01 5.856964427522679539e-01
5.789135111572666359e-01 5.894879834691925113e-01 5.517491791710922300e-01
5.483935026212203301e-01 5.796173793159122845e-01 5.878892839067864085e-01
5.781973950851091448e-01 5.897248496211290325e-01 5.526591191286505111e-01
5.537253184473092116e-01 5.701679135569255319e-01 5.889360031172024001e-01
5.413714509640966677e-01 5.943963916694707805e-01 6.170786416756026682e-01
5.483289032304704547e-01 5.716151551361665639e-01 6.105885178045672435e-01
5.801810854386268979e-01 5.906506725481802667e-01 5.732564707564914430e-01
5.571600049699169110e-01 5.730368855106977577e-01 5.775926498874202064e-01
5.620288854251980215e-01 5.790810201887149899e-01 5.706325288406705054e-01
5.586454552296589160e-01 5.903744192351247921e-01 5.984313023992322567e-01
5.592502037719858654e-01 5.923807792571065267e-01 5.943006294941343137e-01
5.658834324662367354e-01 5.824709356103746627e-01 5.925215722822015918e-01
5.560755588592301013e-01 5.704502856790032439e-01 6.074453086215395592e-01
5.581897873484722439e-01 5.475729638327477833e-01 5.696326888312235326e-01
5.993923033183090610e-01 5.909368848668815621e-01 5.654835980929633354e-01
6.025343962860735259e-01 5.896061224347992624e-01 5.584404056549421291e-01
5.633156320247472149e-01 5.795038226224102917e-01 6.216837244309751931e-01
5.972610600514554058e-01 6.008565810102307614e-01 5.853495760497990918e-01
6.090430602302121521e-01 6.072393295949742864e-01 5.796057660906807074e-01
5.732595540680054391e-01 5.672223118455551605e-01 5.975544434445339004e-01
5.881941188073125382e-01 5.874129454546809237e-01 5.919792335285182228e-01
5.943446362458092436e-01 5.844223639433449025e-01 5.855765509167151217e-01
5.865681620623742765e-01 5.850465086263682002e-01 6.087420723181662385e-01
6.142551174121992918e-01 6.742629485640110332e-01 6.078125000000003109e-01
6.014663463381100250e-01 5.909367960385284446e-01 5.409175608523939527e-01
5.952441491530338080e-01 5.833771939795698858e-01 5.505200824697191742e-01
5.868681702732352345e-01 5.784205244252068612e-01 5.839689651323827224e-01
5.754811645448765223e-01 5.852618344309555853e-01 5.973714824302104320e-01
5.889657348593291264e-01 5.953081274518073895e-01 5.855768990901912829e-01
5.873816933358059211e-01 5.931938550767098528e-01 5.837324343676837390e-01
5.938227466511631913e-01 5.979265254099769278e-01 5.699453774495613079e-01
5.797519213909613223e-01 5.829881185303835700e-01 5.969539230015794562e-01
5.721089480457024479e-01 5.574865194324408746e-01 5.625538744387124090e-01
5.808610077673165284e-01 5.684105709265508954e-01 5.472613043490661688e-01
5.752842196645500117e-01 5.639881845901038027e-01 5.472675057943798826e-01
5.555321859870531176e-01 5.446552034062568382e-01 5.659994125977895196e-01
6.618854936687470492e-01 6.879431359830728843e-01 5.711527042176137714e-01
6.787246734607880194e-01 7.017827862706185194e-01 5.585523923445139260e-01
6.921779707725370656e-01 7.147978577487252849e-01 5.398347755433092754e-01
6.645284605509046427e-01 6.915119590057638987e-01 5.702037796092263022e-01
5.576056385469922994e-01 5.658516999549828563e-01 5.805732579350750822e-01
5.673351402563422408e-01 5.988490495887497378e-01 5.784261440754508987e-01
5.786944527025381646e-01 5.965265749776587079e-01 5.756354437475850183e-01
5.373029468036354395e-01 5.850354565093617287e-01 6.279052419586919065e-01
5.917915826352895259e-01 5.997106439995477656e-01 5.647652479178131291e-01
5.906198522444987553e-01 5.903809665635395554e-01 5.647820651723880481e-01
5.480649394632248761e-01 6.146058227747979164e-01 6.422924075164275770e-01
5.758632239316409107e-01 6.096729796665123491e-01 5.767091602911739168e-01
5.783958893877327867e-01 5.893573000419334296e-01 5.908010442335588364e-01
5.723018021613830442e-01 6.515405381236198945e-01 6.303125000000001643e-01
5.684696533816266939e-01 6.490057673454685538e-01 6.359374999999998224e-01
5.639267691730763810e-01 6.459635978801959721e-01 6.471874999999999156e-01
5.814086317782956037e-01 5.827731491095798910e-01 5.633850625183973726e-01
5.671713530968911510e-01 5.674202047767666901e-01 5.869679097443595284e-01
5.911162881667293423e-01 5.921238793989727078e-01 5.557310400214560131e-01
5.805503276018837422e-01 5.811946831194036989e-01 5.728140389881937189e-01
5.816263930964057360e-01 5.868142439747480177e-01 5.716123777320029076e-01
5.855335000967716308e-01 5.909918643502534152e-01 5.704622494924406206e-01
5.835868083002361262e-01 5.899376043495385691e-01 5.767214056759855101e-01
5.811151150492189776e-01 5.845213475616356513e-01 5.893696585340110206e-01
5.494900829099036432e-01 5.967654768656827091e-01 6.075548454064755299e-01
5.583650086326310547e-01 5.815499425924824939e-01 6.018869801078347015e-01
5.540088182020237451e-01 5.730294585659552187e-01 6.128085659873463431e-01
5.544768688894752273e-01 5.586951215136821691e-01 5.681205271766053277e-01
5.929439798996656297e-01 6.634997603111184583e-01 6.168222878688726096e-01
5.909376308748535145e-01 6.519013695421328469e-01 6.261542292053154934e-01
5.947839511255693656e-01 6.390275992835819929e-01 6.278927717847866408e-01
5.936662786676043524e-01 6.383726138944906259e-01 6.269484974866067484e-01
5.489801735398763816e-01 5.747058574498596917e-01 5.590000185548946732e-01
5.409209975211501931e-01 5.784399390404511010e-01 5.621821091622096755e-01
5.547988773810101915e-01 5.829031366246749668e-01 5.536214788368026829e-01
5.861935377767341082e-01 6.301467809582979029e-01 5.916440944976835148e-01
6.013766359556004248e-01 6.395745193600624878e-01 5.746010689425129492e-01
5.415099174126662973e-01 5.774137367512426344e-01 5.891361832798232001e-01
5.436406567712639415e-01 5.696842923991704000e-01 5.910871617949998713e-01
5.492612213169265623e-01 5.729010011022613869e-01 5.836266387026504132e-01
5.212061712019657733e-01 6.017012754844948130e-01 6.658195278395941941e-01
5.641077381179107064e-01 5.956694032059162147e-01 6.085367651180897397e-01
5.748034943794158025e-01 6.016118359565532092e-01 5.971855005206692102e-01
5.405367217125370827e-01 6.044616868294853118e-01 6.815071421750030778e-01
5.405210695017194089e-01 5.750490056660569893e-01 5.817687756908827001e-01
5.416733951441600192e-01 5.594886207975104941e-01 5.891588156350759942e-01
5.895984266950281549e-01 6.040502244641982044e-01 5.728495904244527148e-01
5.678040774873334140e-01 5.936442960804437785e-01 6.169522807609325588e-01
5.429127963226494380e-01 5.627330693039082066e-01 6.121817762873245083e-01
5.339500396668078741e-01 5.913060531514545692e-01 6.367374427032639339e-01
5.969311092472235902e-01 6.180246385376655383e-01 5.758398148510841530e-01
5.978426230569086064e-01 6.232494124576397621e-01 5.812642791397295561e-01
5.601235055484330427e-01 5.982538714716897355e-01 5.927297946462924960e-01
5.536672641451549914e-01 5.708212885569912132e-01 6.166556115882941835e-01
5.459501908268706849e-01 5.840674411796248355e-01 5.941399995132788936e-01
5.453290721233143845e-01 5.678244903972230473e-01 6.083474813485149069e-01
5.332493673200213724e-01 5.877658258601999863e-01 6.058060441129051732e-01
5.400553282759250617e-01 5.921689179896935107e-01 5.978823250639705433e-01
5.444185159475453117e-01 5.945449944657983377e-01 5.882928971711959276e-01
5.425814520638522209e-01 5.893402392834388159e-01 5.979997789134632313e-01
5.538731442283071349e-01 6.010760585059867767e-01 5.771783343091029250e-01
5.555268920093057172e-01 5.858100989600192321e-01 5.871018841828486989e-01
5.353125192046140901e-01 5.585500020525041576e-01 5.902918858190459028e-01
5.361461721157321225e-01 5.554412480945255526e-01 5.866781007787291724e-01
5.399241484793915191e-01 5.531168047591752401e-01 5.632566061159901549e-01
5.537335918378477606e-01 6.118193467635709704e-01 6.662852430888386301e-01
5.600561239572111605e-01 6.266394345123619258e-01 6.505863092076115128e-01
5.593375757633789469e-01 6.143051279877683735e-01 6.593840210945047797e-01
5.671008207744744345e-01 6.239265791730410626e-01 6.449079991914010712e-01
5.706213776765161061e-01 6.279440829710558614e-01 6.395792431130231659e-01
5.262938740972682439e-01 5.685398895320584733e-01 5.665897335431876458e-01
5.520201766329153603e-01 5.850118304192739593e-01 5.369884361534341677e-01
5.498447322498489775e-01 6.112090488197847726e-01 6.228721890764602476e-01
5.565032093759001430e-01 5.977772035102806303e-01 5.565491672192022232e-01
5.465193599344353448e-01 5.772776040513405427e-01 5.712541078429922425e-01
5.576504891606939296e-01 5.883589766550431088e-01 5.579297026490491751e-01
5.680019095296156006e-01 5.910604954627515228e-01 6.419097988478581485e-01
5.431828496242867566e-01 5.679755122774827747e-01 5.690860501779029246e-01
5.438004820785368176e-01 5.839260814287200452e-01 5.597223980171531776e-01
5.418203193181952981e-01 5.803645465731214204e-01 5.618527004541760128e-01
5.528449377890590766e-01 5.831483008650459876e-01 5.525788005133165370e-01
5.528960584178997939e-01 5.826864775596296564e-01 5.602858326090278673e-01
5.563420651529409344e-01 5.835783107150560589e-01 5.447688779909555246e-01
5.531478440637639382e-01 5.843367422155504309e-01 5.817827580658672115e-01
5.819484575001865334e-01 6.064755641447211465e-01 5.589355043503424492e-01
5.336323324558281955e-01 5.720348483959916130e-01 5.713408729297241306e-01
5.374918291087155131e-01 5.670289284394069984e-01 5.709836773385874586e-01
5.328032055529210442e-01 5.593225732985426246e-01 5.726354051452693383e-01
5.448152949470879136e-01 5.787530611756172005e-01 5.756873265631683445e-01
5.476223071797416964e-01 5.739617837300897696e-01 5.722247734789698281e-01
5.491619143244778067e-01 5.739660659418934774e-01 5.701755550303917452e-01
5.696856768914043689e-01 6.003342609023105680e-01 5.476277784288845485e-01
5.323195251060308664e-01 5.977277190570287058e-01 6.116790311428056404e-01
5.566103317434788478e-01 5.908843227614286597e-01 5.852379252076616023e-01
5.984619642533228756e-01 6.272815510379229353e-01 5.268427492106904086e-01
5.372446157576292736e-01 5.603736487275486899e-01 5.894125841388277998e-01
5.305921667323418855e-01 5.529732762473884566e-01 6.024711533263746865e-01
5.491999593086143161e-01 5.934952223944242045e-01 5.850703304751240230e-01
5.556088059986338257e-01 5.820692082139828916e-01 5.857505078322537972e-01
5.623853974687681445e-01 5.914663951744538739e-01 5.880010272689636386e-01
5.436767259083169490e-01 5.724461868681840482e-01 5.743373685300268150e-01
5.297319025980362639e-01 5.533289490407257150e-01 6.017222487974338563e-01
5.382468234826172093e-01 5.655738231338953703e-01 5.912482146314844700e-01
5.302985809027608299e-01 5.569013864503999933e-01 6.025907135902853762e-01
5.555579371843110126e-01 5.825527540307813279e-01 5.894071330345288517e-01
5.920923718327045782e-01 5.674641312416988104e-01 5.819626466180782831e-01
6.497053688243041858e-01 6.924168924889293475e-01 5.824999999999999067e-01
5.794044909465377868e-01 5.746342985866641495e-01 5.830229053670329398e-01
5.977030850948656937e-01 5.987904018072546242e-01 5.852600752223944269e-01
6.117779715377121841e-01 6.042172935129823674e-01 5.627429335437049707e-01
6.121232631087837328e-01 5.991651074872665905e-01 6.159343329001046863e-01
5.702825494959151698e-01 5.496190758403735055e-01 5.645186984069872072e-01
5.912706256372702862e-01 5.775223402088931479e-01 5.419389342975653445e-01
6.217131911300889380e-01 6.136126826435513992e-01 5.387119303465381925e-01
6.146836933109202095e-01 5.969460705104668863e-01 5.560942617277915279e-01
5.939617158139974817e-01 6.629294484780373642e-01 6.387500000000000400e-01
5.812765536520025922e-01 5.910145934411363822e-01 6.131347066666470447e-01
5.971686314188249245e-01 5.830832905689058432e-01 6.079040229236511994e-01
6.196174725782570558e-01 6.090432938319657596e-01 6.182543316872758377e-01
5.997704779593004965e-01 5.976728588586730506e-01 5.864445815751191393e-01
6.014836946453728794e-01 5.986963808615126670e-01 5.971314184539091574e-01
5.993768969731774199e-01 5.841604767857090375e-01 5.593594899056897329e-01
5.743168995406329191e-01 6.016393937668864655e-01 6.278843672901326389e-01
6.028527382292686587e-01 6.682459560322429049e-01 6.260937499999998934e-01
5.985884556830619596e-01 5.844764365217882673e-01 5.776008119741854463e-01
6.045542731825387373e-01 5.947055092920822128e-01 5.685983376499057496e-01
5.766274996182434442e-01 5.721920624277767597e-01 5.680072642121495319e-01
5.922713848780281065e-01 5.933770227275816378e-01 5.510958549547662066e-01
5.956649892877091679e-01 5.935617776587266414e-01 5.376713422852670288e-01
6.347837223203894874e-01 6.846187303740678409e-01 5.825000000000001288e-01
5.539329711988733029e-01 5.536920550034832855e-01 6.093696765941591931e-01
5.701485127450971468e-01 5.643482856637210832e-01 5.620730733114256417e-01
5.758946635439997630e-01 5.850469163883895707e-01 5.892747860603781973e-01
5.846019532896338244e-01 5.830418294401675805e-01 5.789979260104638481e-01
5.654570272099063155e-01 5.672343478960282237e-01 6.220094583171082991e-01
5.820739268928601939e-01 5.844168571287956526e-01 6.059962694542073702e-01
5.547432739190566453e-01 5.432565613478745892e-01 5.626276814915913693e-01
6.594945461382339946e-01 6.791663763542294951e-01 5.728265513186219238e-01
6.580469516687099674e-01 6.784039780638819739e-01 5.783608072259005528e-01
6.389806948747716042e-01 6.509559924444833223e-01 5.678883073128179193e-01
5.542805750122785646e-01 6.163449429148909475e-01 6.399762775641775203e-01
5.627884007003796096e-01 5.909466088183025212e-01 5.989704645684210682e-01
5.781987040933075361e-01 5.865758869148632870e-01 5.880253963423105468e-01
5.683875092120437289e-01 6.385201769461259502e-01 6.377529530042155281e-01
5.435243950065735685e-01 5.993852802901860066e-01 6.424243140171330690e-01
5.547061704951384842e-01 5.908838316341564756e-01 6.143803312838695962e-01
5.757806539886876074e-01 5.791634075412168681e-01 6.081319909471737395e-01
5.301614706553655632e-01 5.772610721198010442e-01 6.490071877286255342e-01
5.712959043980194718e-01 6.502679909350586041e-01 6.471874999999999156e-01
5.726393383492875966e-01 6.512804626868181623e-01 6.401562499999999822e-01
5.710580568251639733e-01 6.503582783082922925e-01 6.429687499999999778e-01
5.948747097399451622e-01 5.980974754624344136e-01 5.692599040162491519e-01
5.883017638930498894e-01 5.908654275891448426e-01 5.786112740243036789e-01
5.871374738477619371e-01 5.894536710247180178e-01 5.822865353979331804e-01
5.896454216378478330e-01 5.926644618088038330e-01 5.807506101337611693e-01
5.708330947564603797e-01 5.715935414933022152e-01 6.070933344371544083e-01
5.846839973733879425e-01 5.873279307454426501e-01 5.901547044512607254e-01
5.638191608800018351e-01 5.484359596388215241e-01 5.660917826858264945e-01
5.498898001027546778e-01 5.379702002909634295e-01 5.731284284913116256e-01
5.456255000573514424e-01 6.111688929172740536e-01 6.416053023974359615e-01
5.705306260538646201e-01 5.783241784868672353e-01 5.970617142037020209e-01
5.609788608811233646e-01 6.360491753452224284e-01 6.328678585417776281e-01
5.445807284669736958e-01 6.054570934062091236e-01 6.275728608064583547e-01
5.343866404128768677e-01 5.846705746379279311e-01 6.370098862034662135e-01
5.326279773838061837e-01 5.860230268647673713e-01 6.368172388728531308e-01
5.599981993166074368e-01 6.437937932749935310e-01 6.485937499999999689e-01
5.800508576666087990e-01 5.839606353464863453e-01 5.834614670307674000e-01
5.699837545633685831e-01 5.725305286392315951e-01 6.006803989403498578e-01
5.379738461807929140e-01 5.642670926482729055e-01 6.357501925065054404e-01
5.468233368091683921e-01 5.600124771348722330e-01 6.249415638998448985e-01
5.313445361605060313e-01 5.234542628507198314e-01 6.185209216515513697e-01
6.047479541713384199e-01 6.545330855608624265e-01 6.130446015112283042e-01
6.148292870106252250e-01 6.522531585966482304e-01 6.049180165445138257e-01
6.110475272710977901e-01 6.462664228565293545e-01 6.062013424579164589e-01
5.989733891088721007e-01 6.356538985748415582e-01 6.304836968748999126e-01
5.471436167260473882e-01 5.585998554947462225e-01 5.793900595035375023e-01
6.000648732554259013e-01 6.291003744700971456e-01 5.840289508652736217e-01
5.903268940017570854e-01 6.308037297987106884e-01 5.926794960335837192e-01
6.020910791714420007e-01 6.399250830387709366e-01 5.779562159672112509e-01
5.299305436196880548e-01 5.502174087282349912e-01 6.224330768869167363e-01
5.452628062647526530e-01 5.635583699263277957e-01 5.815181283913529731e-01
5.476538085877382667e-01 5.611054311961301000e-01 5.799880847556861951e-01
5.649810989469415956e-01 6.045969569363859319e-01 5.917897672077052640e-01
5.369889831324966556e-01 5.491281546148275572e-01 5.951082015080729759e-01
5.422183325544785992e-01 5.556592001590934249e-01 5.948294774478646296e-01
5.438827062745589247e-01 5.561790197742871866e-01 6.353507690009362330e-01
5.537255291251692579e-01 5.610510795807654993e-01 6.134673257852004680e-01
5.468692673279070826e-01 5.469285395619674084e-01 5.910704487568505527e-01
5.510060116798709551e-01 5.474234184434452199e-01 5.664168566345393341e-01
5.926482126739822665e-01 6.614595017761636386e-01 6.108796664670637089e-01
5.901426772077522642e-01 6.518651737123896117e-01 6.183298562535962661e-01
5.928683658126860934e-01 6.471650355260203380e-01 6.200131771736713260e-01
5.249945340570868479e-01 5.390589337440894191e-01 6.092140200648220594e-01
5.593005505031458657e-01 6.183967265399936686e-01 6.207454096395785825e-01
5.931662893656606261e-01 6.241036834301756375e-01 5.845183421264256163e-01
5.807876769222940494e-01 6.219912212849063593e-01 5.962385774457118481e-01
5.443451769468624635e-01 6.015460892807796833e-01 6.276428362585553256e-01
5.662662479009000771e-01 6.132037697725321035e-01 5.894981341081956261e-01
5.860572156954240164e-01 6.204375241624000559e-01 5.706050792371194502e-01
5.911058423057132805e-01 6.201738391362106029e-01 5.663764660480989921e-01
5.407504475457610704e-01 5.590709346058378992e-01 5.845873102543972522e-01
5.292963584506756858e-01 5.376754724333810964e-01 6.090511447124591360e-01
5.572339109217838704e-01 5.854340936954922636e-01 6.046358134284267605e-01
5.859578983897313353e-01 6.224242042935526076e-01 5.799249785665462342e-01
5.448859291970433727e-01 5.581927059193079188e-01 5.825756613828469987e-01
5.438949859947335153e-01 5.551111997836639667e-01 5.950780971872008385e-01
5.410727089794706846e-01 5.899015804205236524e-01 6.053691003582563068e-01
5.477844152005985068e-01 5.856566080727740875e-01 5.986272513321275746e-01
5.464193331003743825e-01 5.803470567526713975e-01 6.035462443384412845e-01
5.464547218627827663e-01 5.633229585510909354e-01 6.155786305727775076e-01
5.568134323603337599e-01 5.750275455101864219e-01 5.956469022572489225e-01
5.504796778957828929e-01 5.645952091071311241e-01 5.591454307286001235e-01
5.484382056661123439e-01 5.551708470052881816e-01 5.489664822940046873e-01
5.876870012509441965e-01 6.570777620271371910e-01 6.140006244255811207e-01
5.886136163450230718e-01 6.354599215476333107e-01 6.226579038546680156e-01
6.070032542395535913e-01 6.521864243955420859e-01 5.892085446683988925e-01
5.938821378755813063e-01 6.544130619153847306e-01 6.087118868039416153e-01
5.448343155066026622e-01 5.701275942839660882e-01 5.572393175894727602e-01
5.551346812596884561e-01 5.813042939880991300e-01 5.430531701126849464e-01
5.370087732100324862e-01 5.989641804560651428e-01 6.859997109134444715e-01
5.386657483564898374e-01 5.741422818913617387e-01 5.749366623466978243e-01
5.585337682903124268e-01 5.897263931025467087e-01 5.551441942754113956e-01
5.531309846691061516e-01 5.747128740513054446e-01 6.063827195413600268e-01
5.525934243987707939e-01 6.044697638348067725e-01 5.705529090565752970e-01
5.344347274619274391e-01 5.902987863082724829e-01 5.972311503864267124e-01
5.487438040217826885e-01 5.958104688724715770e-01 5.828233305241283801e-01
5.374825365093420793e-01 5.587388276791038777e-01 5.827823569446782814e-01
5.729525022974697457e-01 6.443745645706799863e-01 6.218361843557765889e-01
5.806710700000180525e-01 6.431799281045933459e-01 6.173372296793842029e-01
5.835999734999886002e-01 6.488298468998072721e-01 6.068147703034443285e-01
5.186409526509377921e-01 5.395067320703141878e-01 5.916622973138419006e-01
5.662433596423346316e-01 6.288920030427905816e-01 5.945711015428427615e-01
5.436736963941725120e-01 6.199558284007086195e-01 6.498469801056390160e-01
5.457277634672418332e-01 5.856598493966165275e-01 5.568136231305451656e-01
5.420119196524885163e-01 5.712551212731592498e-01 5.693915861467465644e-01
5.469684917018891035e-01 5.744203754956009877e-01 6.027636052530045419e-01
5.960935022446733900e-01 5.846773901416962849e-01 5.688986119527472685e-01
6.095697878559828142e-01 5.781920612780513391e-01 5.527704349900109948e-01
5.972327423773854393e-01 5.684091848768395572e-01 5.528387082772935335e-01
5.826796220708682084e-01 5.924932771689249700e-01 5.759683230522866237e-01
5.733825858175408685e-01 5.556604524839643400e-01 6.009491015084529320e-01
6.047433896858512847e-01 6.689383222612232949e-01 6.275000000000001688e-01
5.989615835786166187e-01 5.863969326961187001e-01 5.709130716244139592e-01
5.792584762099632911e-01 5.746159633703282754e-01 6.040540481078662260e-01
5.988077182082925942e-01 5.876340455988141587e-01 5.901370527286473600e-01
5.849517529196311960e-01 5.795432675252474297e-01 6.125851024144858270e-01
5.934405972275207386e-01 6.626966883505006622e-01 6.443749999999999201e-01
5.980013076677572759e-01 6.120515557110075555e-01 5.892115307823108106e-01
6.057464078822696329e-01 6.072196349513555580e-01 5.898336715782538375e-01
6.005392300894418778e-01 5.890825919007500744e-01 6.005940121762911588e-01
5.983585184281285940e-01 5.767304622013917914e-01 5.630320597236433411e-01
6.644949776125459451e-01 6.849956445027256535e-01 5.968150745125267997e-01
5.806445031946175783e-01 5.680847927813982290e-01 5.743220559881626608e-01
5.972054223947628193e-01 6.650359292401508693e-01 6.275000000000001688e-01
6.105467112012088471e-01 6.723180363953064065e-01 6.162500000000001865e-01
5.923312184104725375e-01 5.891822513651692184e-01 5.792645284452327958e-01
5.794641973219644138e-01 5.667260591874705433e-01 6.130395015465485153e-01
5.995152998727891758e-01 5.962292547603230686e-01 5.833922504487387695e-01
6.021954092200340058e-01 5.858598598000828162e-01 5.646548578581721545e-01
6.185060809499508538e-01 6.766391842405428125e-01 6.078125000000000888e-01
5.910717471158394298e-01 5.787368897682338975e-01 5.614138055543533845e-01
6.010356799836920061e-01 5.868183123371002452e-01 5.526926125951343582e-01
5.649419682313007174e-01 5.727690581248793267e-01 6.361765659145327545e-01
5.814094326316673333e-01 5.759409224726927956e-01 6.158536148061205528e-01
6.365376552780722674e-01 6.803641970539118233e-01 6.201053590072792554e-01
5.637395802084632646e-01 5.922713891242241679e-01 6.157709923248210204e-01
5.661723330961179190e-01 5.703708601836906533e-01 5.936760247070894669e-01
5.711188735886468804e-01 5.668712473773496185e-01 5.794538554836159427e-01
5.874217978893950809e-01 6.109039002480411984e-01 6.441433805247891442e-01
5.647462981827280348e-01 5.515885378427236585e-01 5.985568486532618637e-01
5.681405433438807551e-01 5.695941426630223292e-01 6.145812185474260891e-01
5.784446203464560510e-01 5.682935005384393001e-01 5.940763675543737632e-01
5.754493983895486720e-01 5.771985275386433134e-01 5.603640796190079154e-01
5.419562286126325956e-01 5.332416028088804438e-01 6.123830419682112502e-01
5.844347690676796603e-01 6.580120350348052094e-01 6.275000000000001688e-01
5.813130818830360980e-01 5.792378289347810405e-01 5.803323236071827873e-01
5.461560309534492230e-01 5.375987160250825792e-01 5.889241561821322302e-01
5.774059207995699827e-01 5.768728500129072234e-01 5.883970568089955666e-01
5.697503957974400235e-01 5.878268893697385922e-01 6.146789156078490413e-01
5.780570512181530951e-01 5.781551816301717661e-01 6.123866260967242292e-01
5.939489931651904531e-01 5.921583858550159007e-01 5.930256452595785710e-01
6.689085040653751646e-01 6.868569886599318330e-01 5.684150104458439712e-01
5.759298595922154318e-01 5.759544601961581467e-01 6.005741428014591543e-01
6.005132484890319811e-01 6.004130594794274689e-01 5.738840132592901710e-01
5.809586265389494741e-01 5.818926691525955208e-01 5.952911361085954089e-01
6.633917830403589511e-01 6.856288052096304320e-01 5.717601242669512196e-01
5.760749556050968057e-01 5.780499361087254595e-01 5.931144445192492176e-01
5.916227140279139984e-01 5.953858780446464882e-01 5.770300356985786916e-01
5.864261416016928186e-01 5.885963032774489401e-01 5.939332696808177214e-01
5.877987546483325332e-01 5.903889427643473908e-01 5.869307663841155653e-01
5.364598511097991018e-01 5.863230413743741876e-01 6.388062548345744274e-01
5.828947070875605263e-01 5.833648924885175280e-01 5.931263832010285064e-01
5.737555591052294623e-01 5.737958415645687538e-01 6.030378713961892512e-01
5.287746554922744258e-01 5.784498729374972781e-01 6.418853025201374241e-01
5.420847990252263271e-01 5.963903090471600610e-01 6.183872573667343886e-01
5.422930002400244698e-01 5.890752636363469907e-01 6.192581032796106166e-01
5.350536358975839235e-01 5.476185221286371529e-01 6.521886151693156997e-01
6.020624640118488191e-01 6.637190615011359096e-01 6.188253252052428044e-01
6.104241039262710000e-01 6.540227330728227706e-01 6.131976026607247610e-01
6.109536982185200804e-01 6.411957282938853808e-01 6.148763008854216672e-01
6.193392948939964171e-01 6.545817473256829722e-01 6.059720563504565893e-01
6.082872620283499288e-01 6.442302009435870724e-01 6.206119347549448051e-01
5.844464567037100933e-01 5.929217457079908327e-01 5.726487244292565171e-01
5.492987213627757992e-01 5.973865047701889530e-01 6.076565755406245772e-01
5.293109258551862428e-01 5.432779085151816512e-01 6.575861401076427137e-01
5.792820779987246649e-01 6.072705564762319597e-01 5.602654772886258572e-01
5.929297169392440114e-01 6.331340640006000164e-01 6.289153253139975197e-01
5.996869736466567957e-01 6.505010267432080884e-01 6.157468354601624005e-01
5.987657328573158244e-01 6.364558843962132562e-01 6.203794877261584739e-01
6.052484378496226780e-01 6.466801974083692395e-01 6.139337840218230813e-01
6.032639679608542416e-01 6.457836951423007177e-01 6.187126394150710418e-01
5.378952162117394131e-01 5.991848069370444563e-01 6.704148161867795608e-01
5.454784892218391690e-01 5.621656999772154384e-01 5.969656549147066560e-01
5.279899892715107512e-01 5.450273585589443526e-01 6.165517994330751428e-01
5.411011463409552968e-01 5.886149247679955954e-01 6.170528284463769886e-01
5.341580829522813989e-01 5.498032480137969857e-01 6.405450940221650846e-01
5.339523562613985863e-01 5.536224539472653916e-01 6.374387417370267483e-01
5.340418424189503632e-01 5.253303977768400967e-01 6.143949778254860217e-01
5.763299275875485295e-01 6.433799937601650809e-01 6.368390964978513091e-01
5.906063901956228879e-01 6.409919302037196953e-01 6.255848545338181799e-01
5.550112254936550027e-01 6.097730639933436336e-01 6.073106589797545585e-01
5.831599834040317454e-01 6.140086116479777090e-01 5.828891668537089510e-01
5.540329075523114932e-01 5.912769236657753336e-01 6.065695242682210830e-01
5.716101669740970559e-01 6.126354353532051933e-01 6.028503003884608802e-01
5.306982012021430606e-01 5.429738159679835530e-01 6.456211665577393788e-01
5.301690815904439580e-01 5.235822723037785176e-01 6.096017569412268688e-01
5.921015293273982349e-01 6.397850126338556764e-01 6.236605220134894267e-01
5.970223737213653514e-01 6.332026997635193943e-01 6.201703415507446859e-01
6.042064572873794281e-01 6.364211524018996702e-01 5.692351664993942073e-01
5.557068749585093448e-01 6.073568653327645617e-01 6.079116796435510839e-01
5.723150404695931392e-01 5.983590675005572290e-01 5.955847295626213178e-01
5.724591995656034271e-01 5.975817187859431279e-01 5.974479584891581041e-01
5.903400739031764433e-01 6.104233735712393250e-01 5.731578602094522523e-01
5.581180081455752173e-01 5.735757639374474692e-01 5.876739808099448181e-01
5.394611654219674257e-01 5.767750304375103276e-01 6.063065407211025715e-01
5.383607639769557585e-01 5.656878948307354493e-01 6.201747476383202562e-01
5.418062435359688456e-01 5.662526357318153902e-01 6.145238477873706806e-01
5.339671638830326694e-01 5.493412524444777345e-01 5.868980792586014905e-01
5.472708075954706430e-01 5.597113993264248855e-01 5.565577470901864610e-01
5.454909905813949411e-01 5.532038408712017796e-01 5.649987901497706133e-01
6.007272710132069982e-01 6.518438087793270164e-01 5.978904559811345498e-01
6.008994471319349939e-01 6.511065268178729548e-01 5.982683559394499362e-01
5.306189630479939412e-01 5.708189402751592256e-01 5.662466234272349741e-01
5.468385976458454145e-01 5.790199948569597632e-01 5.552313223901133021e-01
5.981378006024352656e-01 6.420921946370233835e-01 5.574419568119071133e-01
5.167521906884389171e-01 5.554903066962199043e-01 6.136526027816296969e-01
5.410778378867235894e-01 5.941533262736038434e-01 5.901275673963281010e-01
5.536777988192151945e-01 5.727863257621496063e-01 5.897085766140083285e-01
5.622411071516103531e-01 5.838345592185687494e-01 5.785272338978424411e-01
5.257771168691177666e-01 5.375376921763768134e-01 5.521519895584635629e-01
5.202429372133814400e-01 5.344433422456145166e-01 5.555513009882540043e-01
5.733520514289159875e-01 6.398316174097515852e-01 6.267451806046703267e-01
5.930350639409527336e-01 6.328825595725554587e-01 6.058220351425457340e-01
5.911195299951704785e-01 6.554793911927241368e-01 6.002438502736230364e-01
5.134508000600903621e-01 5.507543151903633305e-01 5.948987829132220684e-01
5.466833117066703940e-01 5.675551276148076418e-01 5.387077549518601849e-01
5.201753785006272279e-01 5.341662906482197437e-01 5.897013757692906033e-01
5.387755745342630576e-01 5.654272156249510184e-01 5.875059598144017903e-01
5.340312833556648542e-01 5.696542080217106285e-01 6.053438238488505485e-01
5.328227675658234741e-01 5.862043396660296946e-01 5.986426236815221014e-01
5.279787057761969882e-01 5.336983614253412167e-01 5.692933253637353364e-01
5.842013126689423741e-01 6.577582342329810761e-01 6.041164103238240157e-01
5.903247807692476590e-01 6.536098436195914019e-01 6.009544733061783495e-01
5.962146373573184999e-01 6.654086615821936945e-01 5.854810226774008752e-01
5.446143210831893011e-01 5.696694669379367415e-01 5.451895951666924089e-01
5.789950448763585555e-01 5.467681718856348683e-01 6.064496339443359307e-01
5.805286661373902923e-01 5.495600934160184137e-01 5.978583663324877895e-01
5.922053691058687397e-01 5.977917409108898239e-01 6.011491943445870234e-01
6.019412121556885209e-01 5.895161344163050154e-01 5.959269037616172771e-01
6.048795362722341196e-01 5.920798349309245312e-01 5.962161062012131252e-01
5.923227615528789958e-01 5.657398533100876925e-01 5.524131280606646710e-01
6.930747949816105091e-01 6.923976057983313170e-01 5.786807251165293486e-01
5.823505997339326612e-01 5.697041028210030333e-01 5.832681335128018230e-01
5.876568226952646468e-01 5.957360744029868149e-01 6.062029077905777275e-01
5.801710922305435281e-01 5.733304449462217622e-01 5.927313043672834958e-01
6.092234283851395427e-01 6.716104781132101742e-01 6.162500000000001865e-01
5.742823056733235010e-01 6.079761736049416054e-01 6.059128612339660380e-01
5.723033414730356316e-01 5.754644267395980783e-01 6.198674151918600606e-01
5.782524219635198914e-01 5.693912006294399308e-01 5.788920642353058144e-01
6.430594638165433308e-01 6.745716423597436506e-01 6.126887274740864253e-01
5.600635899687540498e-01 5.902859080097078159e-01 6.271402290727137174e-01
5.422487470516618169e-01 5.798155410439503887e-01 6.510977249401270761e-01
6.212854503290645702e-01 6.780945248782841439e-01 5.881250000000001199e-01
5.804904826551752217e-01 6.563275045473069280e-01 6.331250000000002709e-01
5.757077634335304728e-01 6.531850359409030471e-01 6.443749999999999201e-01
5.632936616817054709e-01 5.524108424879703438e-01 5.733739845042467032e-01
5.623492335301641942e-01 5.512483602753502909e-01 5.764241188007929173e-01
5.720148123363819614e-01 5.641763393048601083e-01 5.965039185846948699e-01
5.762197994832943815e-01 5.683547772185323366e-01 5.960073860962846748e-01
5.918642144912145131e-01 6.228159546926176349e-01 5.823103278447169240e-01
6.309943484005499093e-01 6.524974285723931233e-01 6.160816363039001153e-01
5.729936107274511414e-01 5.743888487862255365e-01 5.664936173013696008e-01
5.518748327683333788e-01 5.545267027946836347e-01 6.031141744269491456e-01
5.705770174326835198e-01 5.906096005113214975e-01 5.958907487851664575e-01
5.682574472939738719e-01 5.756010261450865695e-01 5.789735575762827713e-01
5.588833943708342300e-01 6.428826993971944459e-01 6.387500000000000400e-01
5.258005229608778697e-01 5.800201212189585176e-01 6.504087824980618882e-01
5.542631612631327975e-01 5.627781466691981205e-01 5.793388780491613987e-01
6.062025233798649104e-01 6.532568428751636125e-01 6.217926827053086303e-01
5.911975041188410884e-01 6.225493348548070127e-01 6.521371977531108532e-01
5.918316606100395560e-01 6.338812511048347309e-01 5.998767004052828478e-01
5.225373984980740127e-01 5.778642176124988428e-01 6.517369178355048032e-01
5.503951237547820563e-01 5.592105816344871139e-01 5.846263609901380942e-01
5.974454367039628844e-01 6.480336527557040149e-01 6.279393901132074296e-01
5.831855635731882925e-01 6.165321009140556363e-01 6.557555108811686795e-01
5.303664576016471344e-01 5.876110335219867364e-01 6.368847397720270864e-01
5.476488495841373982e-01 5.566068239102271997e-01 5.880913335185715685e-01
5.668811976194428892e-01 6.418021973778350597e-01 6.590897377493913911e-01
5.829631543968987195e-01 6.207681999638040571e-01 6.511876611119892244e-01
5.828527237963404550e-01 6.300796613220135400e-01 5.995830821015527556e-01
5.317039185859705475e-01 5.424915701063605100e-01 6.091968894545729540e-01
5.342789428201225599e-01 5.890483477876711227e-01 6.362421252228480650e-01
5.472676393303452791e-01 5.557941774012093994e-01 5.906529479474240674e-01
5.928060877813103868e-01 6.617436468355857304e-01 6.190515269916556651e-01
5.741813854247104221e-01 6.145282219535680435e-01 6.610843862079225364e-01
5.725967891874522708e-01 6.199181839622883716e-01 6.113984227372970537e-01
5.419574005076012169e-01 5.545322164567443313e-01 5.912914685352569366e-01
5.712589855029243102e-01 6.036847604952323421e-01 6.007709334332191897e-01
5.836026295685543541e-01 6.051937703695828841e-01 5.786332875698909639e-01
5.454979842932974332e-01 5.646985810992619648e-01 6.340271867193220112e-01
5.841975002332803202e-01 6.102113912437862053e-01 5.973751191055680643e-01
5.697157561012701210e-01 6.078851709193424657e-01 6.640079537645855456e-01
5.588004113017136509e-01 6.033176643143990381e-01 6.298358926522649170e-01
5.770453349715046754e-01 6.166918717818282714e-01 6.508816641903609757e-01
5.633627419354372279e-01 6.084338586123925197e-01 6.196367083673868237e-01
5.403361931702955756e-01 5.921483524685229316e-01 6.225313690115480414e-01
5.384109943219110850e-01 5.483502603048806545e-01 5.946334046077361712e-01
5.912539519508799302e-01 6.593158213567826831e-01 6.142832477671664737e-01
5.772705958192523301e-01 6.153854164611072264e-01 6.533857564202940615e-01
5.687290202900592284e-01 6.136572882280290075e-01 6.164410839840629430e-01
5.355635861274008480e-01 5.533773421088310496e-01 6.244596902157235618e-01
5.432918076399215757e-01 5.530144884355165935e-01 5.653049415245523512e-01
5.864956749717171736e-01 6.390564866078978223e-01 6.205356917579943898e-01
5.275992414692974863e-01 5.592878511243879469e-01 5.787204219614698886e-01
5.380057282214517622e-01 5.620874729658048574e-01 5.943303298465834050e-01
5.372236392229132740e-01 5.578461319232588256e-01 6.209572300428778391e-01
5.470358933948498148e-01 5.688599247094311417e-01 5.981991262956409816e-01
5.321769135954698138e-01 5.482691188071888710e-01 5.869412018445824275e-01
5.433552397543860435e-01 5.544655224029376717e-01 5.629118074643864045e-01
5.749928532155378358e-01 6.257693847311419644e-01 6.375606969875809993e-01
6.125441626217723590e-01 6.562731325597663812e-01 5.889468757600404558e-01
5.272304930730340455e-01 5.582777362670596766e-01 5.805797411835014188e-01
5.310882055413256309e-01 5.560896246318330904e-01 5.974074865896850106e-01
5.556514070081943757e-01 5.748975260842159596e-01 5.887775420060662457e-01
5.227845145241597491e-01 5.357706953296630381e-01 5.536448523287307300e-01
5.296154859513972912e-01 5.811445572330080633e-01 6.045235429926716364e-01
5.304772194133180463e-01 5.983897985652130158e-01 6.525267269315671026e-01
6.317991391526008860e-01 6.754642332536626714e-01 5.175293594154064536e-01
5.553872393250983697e-01 5.755262571278436656e-01 5.873184199336659583e-01
5.192682333377514059e-01 5.334848498442562592e-01 5.495118265130580770e-01
6.040223822708359336e-01 6.394926660574725696e-01 5.552722135499867928e-01
5.215110419982930123e-01 5.616365073555115162e-01 5.970517682625432476e-01
5.397566248456008298e-01 5.657911764731898829e-01 5.736255828413703295e-01
5.350927710794780578e-01 5.583859514486918529e-01 6.080860976607987967e-01
5.295530497331989439e-01 5.372329073807736721e-01 5.586213899243495096e-01
5.411819200712990607e-01 5.815938828310348585e-01 5.975176348764643652e-01
5.376578485150506070e-01 5.673941480423299044e-01 6.050549197001096058e-01
5.312970549634944417e-01 5.364730304870010125e-01 5.872850972429018990e-01
5.318630969543196585e-01 5.387063609201803160e-01 5.559727972159266285e-01
5.888816350642339659e-01 6.540885717247075792e-01 5.979700418202557044e-01
6.021034298521735773e-01 6.676206141974305730e-01 5.798974604073710015e-01
5.994153895545333288e-01 5.903632913728802389e-01 6.077375534299673809e-01
6.061071013578219757e-01 5.924939478174442442e-01 5.932964494798679267e-01
5.949938668447685153e-01 5.824142847695876757e-01 5.693307562992092619e-01
6.154966432504382912e-01 6.751593943811871057e-01 6.106250000000000844e-01
5.981893977374909133e-01 5.873537669462276511e-01 5.522377226368689884e-01
5.807644212896974079e-01 6.052836641549345087e-01 5.951670789316014787e-01
5.667186131076019651e-01 5.890362231293293505e-01 6.200930985704019571e-01
5.662949850617828851e-01 5.642498584663980798e-01 6.002833529291635717e-01
5.987731588003848415e-01 6.662400288668921533e-01 6.162499999999999645e-01
5.758139940545622393e-01 6.532675319938162639e-01 6.443750000000000311e-01
6.255017500293766908e-01 6.804418357968247122e-01 5.853125000000000133e-01
5.854987432031460992e-01 6.593062583514687214e-01 6.303125000000003864e-01
5.669671495524674087e-01 5.572132203128447037e-01 5.651948765771901417e-01
5.671725780846347265e-01 5.563562219176109158e-01 5.673361903001468143e-01
5.769491311506450559e-01 5.701102184789765825e-01 5.840750958050882069e-01
5.729574356469582241e-01 5.664262416568355274e-01 5.995871795411268357e-01
5.683356291650327741e-01 5.750430379055218033e-01 6.282237255866991443e-01
5.741254550924818068e-01 5.756944850439096317e-01 5.681897323273182865e-01
5.669614694626242679e-01 5.743849569647463404e-01 6.252401308264164959e-01
5.686339779875624334e-01 5.699432944454098093e-01 5.915592706060632811e-01
5.675871580312729092e-01 5.710705768751389577e-01 5.926234164030274032e-01
5.630313698362391372e-01 5.982988898100102260e-01 5.985156982813081283e-01
5.731218166974698658e-01 5.974298432137059578e-01 6.334794273498135508e-01
5.560374019233526033e-01 5.920089986547549810e-01 6.051583566395677405e-01
5.789411330665114042e-01 6.071439172378654270e-01 6.216345976084178826e-01
5.527083483969741362e-01 5.891136312841196432e-01 6.081432676003866167e-01
5.533926776797943869e-01 5.905311777193477107e-01 6.063212016111453329e-01
5.505396946770922950e-01 5.879085090370022026e-01 6.084312076308850958e-01
5.489102674666199722e-01 5.854751369793040894e-01 6.111003769100437077e-01
5.499719099431210623e-01 5.859658764028942146e-01 6.105108679231079361e-01
5.532849721293009448e-01 5.888684448332135446e-01 6.070284202807310070e-01
5.635816496823422561e-01 6.393336972853322919e-01 6.629006652923303822e-01
5.816385065597651227e-01 6.206210267416409909e-01 6.003895089073920666e-01
5.794957310476148704e-01 6.173838294410989302e-01 6.022747217070432146e-01
5.625868504716140528e-01 5.997962188735364020e-01 5.891338526305174295e-01
5.648993468715977073e-01 6.418548801997693287e-01 6.528480254487573076e-01
5.813791367552282319e-01 6.186010344257943938e-01 5.991093235021015539e-01
5.619027154335130003e-01 5.980028569123262416e-01 5.895236047593873652e-01
5.707184814983943255e-01 6.481596677424609210e-01 6.408603936852232952e-01
5.858279387729691257e-01 6.232362591830478138e-01 5.945073285296791354e-01
5.602212538510327189e-01 5.955776326943708066e-01 5.900327011462105364e-01
5.723847448119859793e-01 6.486971202219502519e-01 6.403901718844349222e-01
5.827213249121605543e-01 6.198767992272046223e-01 5.941217006849358606e-01
5.633936354389661449e-01 5.968703318907135902e-01 5.923356007171856064e-01
5.779104863342885423e-01 6.132277906970393655e-01 6.006123148913327103e-01
6.016986400202061214e-01 6.303824688070494009e-01 5.707451170476577351e-01
5.288564093541310296e-01 5.264652310408900471e-01 6.025847219324558246e-01
5.708968471780858644e-01 6.116742760771205489e-01 6.480721630786278054e-01
5.254111586870530148e-01 5.243708073366399880e-01 6.029362371749303895e-01
5.642001139835316481e-01 6.031482092917259674e-01 6.604977212655305241e-01
5.472440846278912030e-01 7.243776818530462958e-01 6.963247112389432392e-01
5.940218174038793819e-01 6.300477798544058539e-01 5.617484606635445576e-01
5.114743695716891247e-01 6.163288675913474179e-01 6.728961471696104368e-01
5.054766335210036932e-01 6.094929327238869377e-01 7.188476851311719207e-01
6.356524796819388312e-01 6.785611850830237657e-01 5.157184153367858626e-01
6.221711425530848105e-01 6.670294720742768746e-01 5.653980438759065308e-01
6.257185410212238175e-01 6.708614121983030865e-01 5.641865371895357084e-01
5.448981122655065512e-01 5.674355302291227421e-01 6.003134916237707897e-01
5.492015031462350594e-01 5.726407924958576423e-01 5.942679964882870980e-01
5.692478452513607401e-01 5.669897565408635876e-01 6.423230081584533346e-01
5.983449080514412488e-01 5.709221693680753829e-01 5.469154396404691809e-01
6.978099345178051527e-01 6.972953127917713712e-01 5.722111308353438064e-01
6.064809598965843485e-01 5.919978417445164176e-01 5.455432117689009708e-01
5.994724751696829390e-01 5.838943336660291639e-01 5.563090329844871951e-01
5.838299268199989012e-01 5.781270042249446739e-01 5.723372887560911337e-01
5.812352881334195143e-01 5.750225479303935350e-01 5.722855886274627046e-01
5.869922997915205665e-01 5.795755751399845890e-01 5.978524176839229431e-01
6.048064138251935118e-01 6.695180383774098631e-01 6.049999999999999822e-01
5.432909355183778155e-01 5.329678108850817164e-01 5.931754558804850364e-01
5.776136746926030519e-01 5.782065074680908801e-01 5.887341543308284297e-01
6.160228500230726656e-01 6.755845818744313780e-01 5.937500000000001110e-01
5.738493625455667324e-01 5.682364814410174603e-01 6.076523710413558321e-01
5.574565729584025631e-01 5.382051150563424979e-01 6.036454958413706162e-01
5.625189095193618982e-01 5.431012839711407691e-01 5.976699520741181049e-01
5.864675809327615230e-01 6.418504139062852776e-01 6.343163910867584132e-01
5.842888452748319361e-01 6.404745292675536605e-01 6.381181551403192209e-01
5.845717975577504610e-01 6.388488352130722303e-01 6.324811012764155471e-01
5.874381165578409503e-01 6.425851062033752781e-01 6.283446441779191316e-01
5.874510288381500356e-01 6.430198610477855237e-01 6.273902317052951760e-01
5.868089402713193570e-01 6.411309344039378688e-01 6.297132508163607589e-01
5.859698282137270064e-01 6.396950486588978135e-01 6.311260799321026793e-01
5.872874854986586124e-01 6.413681725072425399e-01 6.292581112542117161e-01
5.563874900141764224e-01 6.008258294744767136e-01 5.821655971702714982e-01
5.325842030411671590e-01 5.496415997580992308e-01 5.841102218985643191e-01
5.244161699142404487e-01 5.462816746482813679e-01 5.878393325851249962e-01
4.984452706983628634e-01 6.052512716667183268e-01 6.999444638658784967e-01
5.006431600768458390e-01 6.087581654220808325e-01 6.970192529470911058e-01
5.355824825970104675e-01 5.531336250676114341e-01 5.764752475515048102e-01
5.238577845517121689e-01 5.466005671021518797e-01 5.859565512594612224e-01
5.577722475243467315e-01 6.042606768587834853e-01 5.701778829353763012e-01
5.980057452292373288e-01 6.565108622611433020e-01 5.937685564214210121e-01
6.257303912821847725e-01 6.727735330710424844e-01 5.639454520359338252e-01
5.862554740994512237e-01 6.296320745758346993e-01 5.776874192551313403e-01
5.418199513423221925e-01 5.875246354815172323e-01 5.920158431298244706e-01
5.667272423502125456e-01 6.612364607673887340e-01 6.204559507592846135e-01
5.793245133389608448e-01 6.346918871021165476e-01 6.150798956430281184e-01
6.174631212341410436e-01 6.635439941772082184e-01 5.699276792196554808e-01
5.562884919173531895e-01 5.940369658995483526e-01 6.182608377640324004e-01
6.032053560388874747e-01 5.918104194604190127e-01 5.954099175740588112e-01
6.113802821960189204e-01 6.005272644871753052e-01 5.870459063999888816e-01
5.276922189808156416e-01 5.472036055572551128e-01 6.302266719354155944e-01
5.305657938195106338e-01 5.505827821112525555e-01 6.292732626197153900e-01
5.336904138043472301e-01 5.562968288453244980e-01 6.207178025615665007e-01
5.687511298939084137e-01 6.228024135926162330e-01 6.422143250003533588e-01
5.333842543700442196e-01 5.563969377510774583e-01 6.219444985804140069e-01
5.689825596030380073e-01 6.230662369737888229e-01 6.422818086022964446e-01
5.325208883654229952e-01 5.558102531693887016e-01 6.229153096416439883e-01
5.662532904088531938e-01 6.198822675825177431e-01 6.459730813801680682e-01
5.297468916518685011e-01 5.517315007681206085e-01 6.314354734367770838e-01
5.667996435694946378e-01 6.211467423782687236e-01 6.444539280490539923e-01
5.758423171360814719e-01 6.360451218025134912e-01 6.234647327213848067e-01
5.747427836253223843e-01 6.352055116001330548e-01 6.246189124873778864e-01
5.189449536773641514e-01 5.435912998952283637e-01 6.379574660655641383e-01
5.681022876802729327e-01 6.257721316645945553e-01 6.340225440250253364e-01
5.229718096537936400e-01 5.478397389767962755e-01 6.294853891384251110e-01
5.690302217304314958e-01 6.265852729267386012e-01 6.389952354327821382e-01
5.618748325629607798e-01 5.600023631206830776e-01 5.796279939201722797e-01
5.783792546655457389e-01 6.199190086670969269e-01 6.371546209024882002e-01
4.983725792746269700e-01 6.047820801825436465e-01 7.006907653982905604e-01
5.892235670455280294e-01 6.323300076336552111e-01 6.184511847877712798e-01
5.865560278306813924e-01 6.317254884433740614e-01 6.218193305457996312e-01
5.868632623054955699e-01 6.322585829450259043e-01 6.181806753684429001e-01
5.920084361448370025e-01 6.400254955159491166e-01 6.124574697295257497e-01
5.894689408097987249e-01 6.360792579596193930e-01 6.185998798627673212e-01
5.924287528156488847e-01 6.401262189067944419e-01 6.133675215969002226e-01
5.830213875720473560e-01 6.278711904278679867e-01 6.258044952128252181e-01
5.837679681675423948e-01 6.284944015601303668e-01 6.250277989614310137e-01
5.854039986268049223e-01 6.311095383118843216e-01 6.232865107936480520e-01
5.796253292541357904e-01 6.263351430607981829e-01 6.242998378236666035e-01
5.789071271148520381e-01 6.254456909626275873e-01 6.254991010153229114e-01
5.774425628442324543e-01 6.239620520742396037e-01 6.245472596950284450e-01
5.709727001883245778e-01 6.136417706414030171e-01 6.364642324285340047e-01
5.590347923183104362e-01 6.211375134877610282e-01 6.472057254268596127e-01
5.720938175690964966e-01 6.030182032195792186e-01 5.970248628332258667e-01
6.066096157990418236e-01 6.195940814017941722e-01 5.558283923393957382e-01
6.062104565862403982e-01 6.645583087562786373e-01 6.432144637908663309e-01
5.584993085695925119e-01 6.208097772172851414e-01 6.472280636616069005e-01
5.712783064433664126e-01 6.023278976977072263e-01 5.975346300150000678e-01
6.065308967758000769e-01 6.195284702826681089e-01 5.556209950694350752e-01
6.046004298116490761e-01 6.632302204846092231e-01 6.440000667042691251e-01
5.943339004284365901e-01 6.075701981706520538e-01 5.681646914710787311e-01
6.000657817274641648e-01 6.668654932912118083e-01 6.050000000000000933e-01
5.396153118139145333e-01 5.309769527790537680e-01 5.936770803656229445e-01
5.693808158929425378e-01 5.734553293566277965e-01 5.821470523764418203e-01
5.416269885520300642e-01 5.849596676580151033e-01 6.515842041214338076e-01
5.485942725547964249e-01 5.944714069622212271e-01 6.378720766077647930e-01
5.421749887544384805e-01 5.883641390077124500e-01 6.466045899840540123e-01
5.402709031149551810e-01 5.857977812072581170e-01 6.494426088469743563e-01
5.398041423891588586e-01 5.854886260704176282e-01 6.496473473536771293e-01
5.416374221103745779e-01 5.878436312511595707e-01 6.469459315011870659e-01
5.300177614624886901e-01 5.761533852188372995e-01 6.620891640468425932e-01
6.546063161011064224e-01 6.948359570079395420e-01 5.600000000000000533e-01
5.662400404086564976e-01 5.638801124113150820e-01 5.704498941374388510e-01
5.324762381367961206e-01 5.788831634285469541e-01 6.597907339015975925e-01
5.405636989262707637e-01 6.346980327885254347e-01 7.362180146038234119e-01
6.339748941417107098e-01 6.449724099810031364e-01 5.738445377837844141e-01
5.740072036169617808e-01 5.954243624527701950e-01 5.594851118543248125e-01
5.090264453672327383e-01 6.199779198770188904e-01 7.211149421063443032e-01
5.738686625728679491e-01 6.519767490761366746e-01 6.500000000000000222e-01
5.418127509207677495e-01 5.261680495639591282e-01 5.853691211104437020e-01
6.363387293879215756e-01 6.492998839433598013e-01 6.099158282876273596e-01
5.742144834371700757e-01 6.521011342210752959e-01 6.500000000000000222e-01
5.407645880364572166e-01 5.268295038751313886e-01 5.839335171142976399e-01
6.389589143203946442e-01 6.528381821176161282e-01 6.059676891432622670e-01
5.749424456283531715e-01 6.523689888202057752e-01 6.500000000000000222e-01
5.427850221352374938e-01 5.311232947519337610e-01 5.794489863225565918e-01
6.453203065383280590e-01 6.596253247252393814e-01 5.993533236813387566e-01
5.807482898579944264e-01 6.156673280979455543e-01 6.337974755329811583e-01
5.838593068116187945e-01 6.186716269016924175e-01 6.252853858964810829e-01
5.846824000049658521e-01 5.818645928753435337e-01 6.016572475443567880e-01
5.870199850479767001e-01 5.844397896539422765e-01 5.961618367025460774e-01
5.816150768438816954e-01 5.780251245418274175e-01 6.118738051498500141e-01
5.810318410252566235e-01 5.774752727436560651e-01 6.123708834644178145e-01
5.856394554984848400e-01 5.822065881799025622e-01 6.079413590772465570e-01
5.982996352533715978e-01 5.934914377942397401e-01 5.989440327831934141e-01
