6.341191590644328357e-01 6.136972609184624394e-01 5.332109371021128696e-01
5.847062343173420329e-01 6.013456166143424930e-01 5.806986195496109948e-01
5.849088197499201502e-01 6.000440293883637644e-01 5.820680569711661478e-01
5.890919221292898467e-01 5.951736817327882845e-01 5.758362349197689856e-01
5.911721546267764138e-01 5.962092046044981108e-01 5.741026903824306693e-01
5.917048402574290877e-01 5.960201706911500974e-01 5.742500944442656685e-01
5.586069883605708775e-01 5.602526825780275166e-01 5.587893710561253613e-01
5.486168463258841443e-01 5.422456206719746818e-01 5.597123871402768236e-01
5.538850692186377822e-01 5.547418665483466738e-01 5.687654442619134443e-01
5.672232963890723179e-01 5.368163000160331988e-01 5.337047455040825339e-01
5.786356732705980610e-01 5.439076735074970248e-01 5.176648683551311469e-01
5.727035543743873580e-01 5.344161609757464015e-01 5.307190005532832489e-01
5.812981041239438929e-01 5.397338385001194672e-01 5.189505263882935315e-01
6.251578510886774964e-01 6.361945770088297536e-01 6.118722224040519242e-01
6.186105422855368019e-01 6.526698451912453791e-01 6.127204903212053466e-01
6.284013472330173267e-01 6.610155691351528029e-01 5.994982288440405815e-01
6.224221550427125882e-01 6.431075338361473825e-01 6.107234562025515290e-01
6.377998790846649557e-01 6.659142533564756938e-01 5.895649433001225459e-01
6.350711908484357737e-01 6.631459261228167534e-01 5.914782739351944763e-01
6.369566182466785964e-01 6.641907352898740458e-01 5.910583802645501539e-01
6.387662805217376727e-01 6.658080587482178014e-01 5.891821831894801242e-01
6.381108804908521837e-01 6.645108704965867474e-01 5.904052023972689023e-01
6.347501861529927236e-01 6.603492707459048816e-01 5.943522663052477339e-01
5.666499777578999364e-01 5.782995182014601943e-01 5.621712830390563909e-01
5.781607429505629669e-01 5.820310592283616247e-01 5.531790213491967201e-01
5.743952547329924663e-01 5.701973322609039663e-01 5.567983991948948219e-01
5.813832714936452151e-01 5.735629809800024681e-01 5.464046994799647283e-01
5.999273322994962410e-01 5.682514473024374846e-01 5.402967564617273677e-01
5.890699003998824956e-01 5.544906273514811357e-01 5.550647862800742738e-01
5.970814985276183817e-01 5.619991561314797712e-01 5.432298661000924955e-01
6.034813288899372186e-01 5.655538151634400545e-01 5.420854180896651497e-01
6.020249255313789849e-01 5.618801425036078490e-01 5.397234329227147409e-01
6.051133261978024480e-01 5.629468173661572594e-01 5.348582693303407520e-01
5.371441762479777227e-01 6.141499708079701803e-01 6.748655175583668786e-01
6.388574819383163739e-01 6.296191044958897587e-01 5.628999884830193645e-01
5.770405210350649794e-01 6.120751056408879620e-01 6.313179963449383481e-01
5.814961526720103802e-01 6.139453416007465414e-01 6.197738374022312424e-01
6.146952176450096728e-01 6.319462844315860695e-01 5.837061563829606392e-01
6.088712723685368866e-01 6.349745594610030075e-01 5.858452791393905512e-01
6.103262608462128869e-01 6.351027586628639199e-01 5.852663987634542098e-01
5.782162788715274893e-01 5.666689198502915525e-01 5.278034241322746567e-01
5.759836987267301645e-01 5.708665180634360237e-01 5.301598826493112426e-01
5.624619668642030224e-01 5.560842917697422783e-01 5.509921738647337586e-01
5.534990746222027136e-01 5.839487178633714359e-01 6.013142407886378216e-01
5.706574976175450287e-01 5.572341501291744326e-01 5.939125273417645845e-01
5.840137156383325978e-01 5.538908214859137313e-01 5.836000605662247098e-01
5.696014708588155173e-01 6.246761789589150293e-01 6.018003697306744115e-01
5.542944811398679006e-01 6.813546237225609481e-01 6.722054198151152793e-01
5.482370001251315461e-01 6.689081784933507135e-01 6.705527199163128227e-01
5.426901944133786238e-01 6.571714752328678966e-01 6.676851111312160914e-01
5.401988878130608018e-01 6.475534064476233809e-01 6.630368409634088689e-01
6.224288085675253601e-01 6.201039121990450376e-01 5.565973605121433687e-01
6.533615727866778355e-01 6.349041447906142999e-01 5.275077664488475593e-01
5.762659416358099085e-01 6.401564816648693812e-01 6.336073282795227080e-01
6.282908450063072747e-01 6.410762214779150980e-01 5.817399018113657005e-01
6.839810970715860527e-01 6.850723861521509361e-01 5.239329177308997831e-01
5.596632174350338884e-01 5.673048588473001974e-01 5.484519917630424901e-01
5.787721396342961899e-01 5.480656453263059724e-01 5.336259172167259202e-01
5.807029938172892924e-01 5.456747974197191375e-01 5.340421864827903375e-01
5.744554868337208298e-01 5.602516192443983689e-01 5.466708547627689985e-01
5.786223682019226988e-01 5.536982878480590786e-01 5.510723194662052737e-01
5.942569221353372066e-01 5.623005318361565807e-01 5.325795844902723175e-01
6.038181409223656315e-01 5.678120035899408835e-01 5.274694343190090562e-01
5.739474144198929428e-01 5.656646797684745653e-01 5.790430155565652326e-01
5.573005893038566194e-01 5.795362415472076201e-01 6.114649345483350595e-01
5.652164393054178726e-01 5.597389446048506301e-01 6.071358884825188706e-01
5.958026516357237679e-01 5.687481465121277946e-01 5.727553869050040491e-01
6.079648375072672639e-01 5.803274066097148243e-01 5.551436784668590807e-01
5.472774072232919895e-01 6.557857773904115506e-01 6.760007999823913760e-01
5.925800903251636775e-01 6.001787396267190822e-01 5.869690639526410347e-01
6.273357625616262645e-01 6.105338107389222113e-01 5.541532540333150569e-01
5.467535268246466185e-01 5.980339785205326386e-01 6.646812659058707329e-01
5.714699066622697110e-01 6.043896238558492673e-01 6.300716308775600183e-01
5.916850041403243221e-01 6.042083770426973643e-01 6.094830182598008905e-01
6.307049003476191684e-01 6.158817963952584185e-01 5.715818486830920309e-01
5.477302033134019421e-01 6.039704229142789371e-01 6.828727416863250577e-01
5.746580229020463726e-01 6.155502221308393196e-01 6.419248525716962916e-01
5.924027602812905746e-01 6.111513801441086358e-01 6.215219424996546449e-01
5.888632136112015303e-01 6.359575330110427416e-01 6.385108291887366949e-01
6.042824023001398537e-01 6.283947163966681071e-01 6.200179356298439748e-01
6.415066052161504384e-01 6.428937665238595445e-01 5.840972155351362716e-01
5.480753190680563991e-01 5.408756067958117031e-01 5.589459285193064675e-01
5.555833018102569465e-01 5.506637281509429993e-01 5.526882450933829904e-01
5.778136350632805396e-01 5.720670239548105718e-01 5.313410979067940687e-01
5.788095745400601011e-01 5.601385951407553687e-01 5.405113871559549255e-01
5.798060057025236080e-01 5.721642583251119740e-01 5.500517037676336818e-01
5.788609805191704538e-01 5.582816120849105612e-01 5.521446330042354411e-01
5.889482995339141436e-01 5.531657526894501187e-01 5.628683300324879291e-01
6.085980741585667042e-01 5.766305518222694104e-01 5.505662336736950602e-01
5.464964667779543817e-01 5.855344498901097205e-01 6.117731072238967727e-01
5.747448873276742587e-01 5.649894292977651888e-01 5.849773327349249152e-01
6.125325262409930804e-01 5.872878484556762757e-01 5.475122792459946597e-01
5.700523565478087251e-01 5.651840957954920031e-01 6.036121121292918890e-01
5.823877562952075593e-01 6.033052304530152066e-01 5.926071895027401615e-01
5.955172077443088297e-01 5.953364431519856392e-01 5.800838640212415687e-01
6.016063589262693467e-01 6.040056268342870460e-01 5.790618599829879809e-01
5.504412732571758449e-01 6.780750360460326975e-01 6.904418842763901942e-01
5.976310763191138298e-01 6.012064161260155526e-01 5.940166635236683312e-01
5.643663071472254655e-01 6.150291269835370667e-01 6.342882359332786546e-01
6.006876032209582661e-01 6.062161526314213678e-01 6.004991942016005835e-01
6.134939162044271699e-01 6.328070856223338980e-01 6.051729292393773774e-01
6.039142382588340574e-01 6.188588865938692285e-01 6.290726135025831445e-01
5.780968780864942369e-01 5.521042728780654052e-01 5.160817265725580194e-01
5.785266134892340650e-01 5.525382548932883386e-01 5.225870708246427299e-01
5.845233229093806937e-01 5.582025624437138012e-01 5.175607093374411383e-01
5.815188163913963537e-01 5.550918541851346255e-01 5.311768776885781307e-01
5.450212072412454756e-01 5.820784191990243661e-01 5.975073750011786755e-01
5.679808783963335994e-01 5.574047024818254981e-01 5.775511216248971902e-01
5.500999332476653736e-01 5.886841611981618039e-01 5.988009926080066769e-01
5.793209510696585296e-01 5.714786266791692659e-01 5.689606403749053465e-01
6.022244334874641281e-01 5.767711168124672882e-01 5.614497363335687607e-01
5.334270983869062732e-01 5.938964746330159805e-01 6.359375000000000444e-01
5.926185935820798001e-01 5.656349949376322517e-01 5.810842805985135806e-01
5.699356604613732280e-01 5.899477930562850858e-01 5.878578112374902576e-01
5.964107567700159818e-01 5.732167360270508105e-01 5.767474292212438902e-01
6.139530637674117663e-01 5.974714532610764239e-01 5.508852698176600615e-01
5.949615408150262796e-01 6.242361012343869975e-01 5.778950323782635623e-01
6.233448484402135392e-01 6.398262484576430209e-01 5.721309374940741765e-01
6.571936205366291084e-01 6.462764390596226205e-01 5.469251617252991471e-01
6.134323437532813728e-01 6.322526776137138427e-01 5.902356224071251267e-01
6.494414392255236645e-01 6.433618224112008788e-01 5.559790525228525127e-01
5.647712274179859104e-01 5.821547387239518478e-01 5.707994660943223053e-01
5.618072630103106979e-01 5.778182354477277016e-01 5.714391957697436686e-01
5.555281724295355605e-01 5.713684498734886708e-01 5.857894045149665274e-01
5.967443693255152226e-01 5.589803752523847535e-01 5.554875541972836839e-01
5.658257661215677636e-01 5.832210497892180712e-01 5.778504323501197915e-01
5.728740751720285962e-01 5.912222115673939626e-01 5.687335818409786636e-01
5.905937977186989096e-01 5.565252778423505076e-01 5.755865710156377046e-01
6.057605959239845683e-01 5.727220146084077701e-01 5.602883669150910961e-01
5.993894892011948361e-01 5.672583841890818102e-01 5.664514606467387914e-01
5.954924061158211046e-01 5.647821261905321411e-01 5.712144816103251754e-01
5.593546242109627142e-01 6.813717168262245494e-01 6.804147888147670242e-01
6.318858868305569088e-01 6.064427360609114803e-01 5.522181433269023332e-01
5.586993942058248175e-01 6.830975998716304343e-01 6.788745931891623231e-01
6.384104136464714419e-01 6.140537133354905253e-01 5.445316212554782709e-01
5.599237840748650941e-01 6.871982270452985375e-01 6.703417326226904782e-01
6.575851706218752701e-01 6.358549821540075975e-01 5.197373100637907584e-01
5.589330306468779375e-01 6.886857941817104978e-01 6.707018566394575831e-01
6.621205978720627883e-01 6.435179795231099620e-01 5.165150310381976251e-01
6.206810151619326366e-01 6.281676932558267756e-01 5.815280895967994690e-01
6.225069570419743403e-01 6.310559965142863437e-01 5.797081414152128742e-01
6.188331763021202025e-01 6.291075553384378738e-01 5.849922147580197684e-01
6.690645167015892847e-01 6.576511698833591435e-01 5.367628452173824893e-01
6.122048495152198067e-01 6.236662933304667478e-01 5.953785382209692001e-01
5.518097352573250181e-01 6.041730775332613268e-01 6.099218750000001688e-01
5.520098097550748539e-01 6.042264476434016096e-01 6.113281250000001110e-01
5.492042186539893844e-01 6.026233220315319050e-01 6.127343750000002753e-01
5.475468430335070913e-01 6.018677106602304816e-01 6.155468750000001599e-01
5.452650975239983211e-01 6.118354983096206956e-01 6.408547746165192960e-01
5.456985829773296492e-01 6.137190137366662634e-01 6.402791646407027804e-01
6.013691244764690635e-01 6.336361375053687350e-01 5.944931546544672818e-01
5.948345648814219455e-01 6.252695369072511777e-01 6.079220120443679098e-01
5.950764874042104857e-01 5.536341229420349563e-01 5.550021223641395940e-01
5.825955748791169508e-01 5.411650733332098451e-01 5.707787777283795938e-01
5.863685991412636023e-01 5.451456217684026440e-01 5.654770344474510102e-01
5.821549845990603433e-01 5.402538504403011643e-01 5.740405048290160295e-01
5.811088110005417917e-01 5.396072742384724341e-01 5.757992397868696433e-01
5.818503280844472547e-01 5.412541858061298283e-01 5.737370380853643592e-01
5.756481724267332734e-01 5.351087279514946671e-01 5.853376328774032578e-01
5.787252522297193780e-01 5.383770128537104238e-01 5.822993990071035908e-01
5.521989966004771100e-01 6.874015064633647309e-01 6.768888598145491597e-01
6.696592934595261282e-01 6.489213875328394554e-01 5.227021037512729063e-01
5.518795457940813831e-01 6.876246253663064190e-01 6.779282377129418613e-01
6.769465838041203165e-01 6.576865667539796290e-01 5.124409069698162567e-01
5.512383160982862185e-01 6.884769097599445775e-01 6.765694538492668109e-01
6.705621504733224603e-01 6.515859134671675434e-01 5.236295050331323253e-01
5.506030304247405693e-01 6.880689237472755737e-01 6.774213126582611100e-01
6.699989447602398007e-01 6.511246086915742914e-01 5.245295106040432920e-01
5.484814510081216232e-01 6.112303369344039838e-01 6.559420987662325508e-01
5.487727790667632499e-01 6.124083866445271251e-01 6.553425750388530702e-01
5.445744838516995978e-01 6.058512400939357612e-01 6.671435818412532193e-01
5.457630887619837612e-01 6.083050202840494247e-01 6.645928858956466900e-01
5.446770467225193757e-01 6.081737701982063982e-01 6.641136061751179431e-01
5.448344131645523891e-01 6.074458897639505306e-01 6.660829286370659741e-01
5.482933565969682066e-01 6.118306213150708217e-01 6.598539868586517088e-01
5.455572003565953842e-01 6.083803603764861290e-01 6.660272296021485516e-01
5.767181233205339597e-01 5.888198853519838183e-01 6.461502556906133510e-01
5.904604862517810471e-01 5.934393890080379430e-01 6.255431482059649051e-01
6.636144273751376499e-01 6.341925731479187700e-01 5.413185599169328954e-01
6.135128035077724862e-01 6.061658015025672697e-01 5.937648673222629681e-01
6.141704479588280252e-01 6.062014177650822955e-01 5.926423786276849848e-01
6.111065845871889168e-01 5.985942259748895378e-01 5.798885884873725693e-01
6.081408757774341423e-01 5.904422600519687592e-01 5.800704350448734337e-01
6.031098501280393043e-01 5.842274382048682213e-01 5.747983831977514502e-01
6.015943920564004177e-01 5.853225872386482731e-01 5.628029155340312784e-01
6.005248641230851447e-01 5.682042129871807123e-01 5.310813352487587791e-01
6.134785480512136013e-01 5.725848965089812559e-01 5.154243714584034741e-01
6.208486210184960274e-01 5.702165886762615710e-01 5.125482171834480072e-01
6.127143008399436042e-01 5.567483111750453073e-01 5.242376576099418983e-01
5.995366181906861547e-01 5.759566872431818307e-01 5.555942768132705600e-01
6.089837086490837992e-01 6.524213666815897872e-01 6.610838835283489034e-01
6.239231181404816251e-01 6.541518390801064342e-01 6.493911161971330781e-01
6.300304871738899859e-01 6.558915412490713415e-01 6.388556473119983981e-01
6.584102407264982304e-01 6.693411493113802235e-01 6.131727085292523194e-01
6.576533591821636104e-01 6.715058142181143941e-01 6.100040164981592739e-01
6.869472057454455438e-01 6.952470808822744930e-01 5.815093650739366904e-01
6.922665321634735580e-01 6.995576580384536003e-01 5.770180376120779275e-01
6.937885465080815273e-01 6.992486370863457701e-01 5.768821902985638017e-01
5.892842018356282408e-01 5.736342468674862083e-01 5.852783042617866194e-01
6.144498605665577040e-01 5.860702113050844098e-01 5.602635518973181350e-01
6.217028102981825288e-01 5.693239843213100393e-01 5.574255060747881352e-01
6.246586818512677164e-01 5.690408323883873187e-01 5.618170398903902241e-01
5.975492832575027835e-01 5.385105004394369344e-01 5.891875269039847929e-01
5.941232884323977004e-01 6.091796843599318612e-01 6.618598078914086358e-01
6.021020314341036794e-01 6.166693016129509708e-01 6.501018030237899481e-01
5.998190829743732522e-01 6.135651860352703268e-01 6.480012422202698907e-01
6.042645674227453689e-01 6.197987435764267250e-01 6.366911896628931755e-01
6.312095260059630286e-01 6.368838849817192171e-01 6.089487659021716182e-01
5.855716503412171647e-01 5.724291387824279598e-01 5.712064702132642058e-01
6.121873684736880428e-01 5.884356419273396588e-01 5.296650117195359497e-01
6.027124994107833089e-01 5.757631332344655961e-01 5.453214502171455091e-01
6.167017499384120915e-01 5.837427745966679016e-01 5.292566060507180037e-01
6.283767287760639864e-01 5.848950183428327509e-01 5.175947772589608586e-01
6.335033363291722175e-01 5.846299771662697431e-01 5.140991856326209142e-01
6.007067289442374891e-01 5.501541736294838225e-01 5.593443794547511283e-01
6.019036858507466059e-01 5.760821059250148535e-01 5.985021189660557628e-01
6.016998050888140437e-01 5.720392416178604611e-01 5.978239964510958515e-01
6.144112117598964362e-01 5.788363810664830522e-01 5.871586446640288948e-01
6.341153434772497377e-01 5.890318936382931136e-01 5.673609648375251835e-01
6.306817298792523063e-01 5.800105994862523318e-01 5.761398307156158083e-01
6.141723203531800346e-01 5.626174132596105659e-01 5.877228892337764687e-01
5.829825054850326094e-01 6.600766191413882655e-01 6.605269281454193564e-01
5.827776895393257384e-01 6.427998210751033614e-01 6.502031407224038162e-01
5.893880524795134246e-01 6.057513140508938854e-01 6.539927555842864892e-01
5.931202149935212997e-01 6.004460449417252654e-01 6.439668944048904109e-01
6.653761050138067290e-01 6.380023122979416872e-01 5.638907666424787246e-01
6.948548178492834904e-01 6.520679599892028611e-01 5.360082809722664932e-01
6.195119203642712735e-01 6.425375347832900097e-01 6.359338799599889569e-01
5.894323069064795195e-01 5.821095897984799317e-01 5.656036472183880726e-01
6.147251099314281486e-01 5.753894317922680912e-01 5.276402161837802085e-01
5.995887646142330496e-01 5.491632389694629524e-01 5.502198287697664947e-01
6.120386971767376449e-01 5.822746697777441138e-01 5.501921092949171310e-01
6.202306539258073403e-01 5.774363595415907824e-01 5.457987437846492096e-01
5.789051507266015362e-01 5.625745600797252832e-01 6.198259242691683824e-01
6.065458292520801153e-01 5.777069060589306027e-01 5.848599927221398431e-01
6.257464766976250647e-01 5.850005206131140278e-01 5.661304361684640352e-01
6.302214245548375393e-01 5.772929065001408677e-01 5.614981380927480670e-01
6.170175539924172003e-01 5.866699000001385222e-01 5.910325275013769142e-01
6.434338369776213540e-01 6.035718969395802436e-01 5.603634320792310053e-01
6.420522923608353860e-01 5.920874646181638612e-01 5.631132012328330383e-01
6.672408167276291380e-01 6.259365534613072768e-01 5.510734787342868035e-01
6.080195868337079368e-01 5.999095179490793184e-01 6.191236465211459317e-01
6.350154665739192739e-01 6.144556643462736334e-01 5.869814454287075600e-01
6.815693068425332513e-01 6.451548518450630487e-01 5.548914707031583626e-01
5.787143061950371647e-01 6.161090745227275622e-01 6.686025898259695399e-01
5.723099291386216647e-01 5.962951651410409726e-01 6.847499947873858517e-01
5.784464934982744833e-01 5.912829535078018006e-01 6.776925742144084275e-01
6.001506839029689955e-01 6.071979869096348903e-01 6.440101966486433405e-01
6.093342508937088509e-01 6.081874366819020050e-01 6.329945040497879649e-01
6.431183759492723473e-01 6.295565306014664353e-01 5.941510917900226785e-01
5.991899585748337032e-01 6.153355706591775443e-01 6.642195510490290777e-01
5.845736069911235955e-01 6.262838593612460869e-01 6.803377842493721905e-01
5.879047865546574991e-01 6.181721648421357740e-01 6.779200855709200946e-01
6.409500626170822057e-01 6.467567879539772857e-01 6.103617336091593515e-01
6.774600420155458824e-01 6.678487970247946048e-01 5.725720459394777473e-01
5.971286786381071465e-01 6.341182689017651475e-01 6.767778789636487158e-01
6.111895023903942681e-01 6.343018755916394191e-01 6.639611459324562537e-01
6.124286906662272933e-01 5.680426110588511213e-01 5.244690286791785505e-01
6.291744719994301072e-01 5.830949886776140012e-01 5.103010696614862507e-01
5.954678459644160426e-01 5.718986174064375483e-01 5.919724681753121276e-01
5.777025654053626891e-01 6.190740244477355159e-01 6.331250000000000488e-01
6.530168991264294620e-01 6.036014746007144494e-01 5.490476924394368519e-01
5.730057806574989643e-01 6.167327414440421096e-01 6.443749999999999201e-01
6.706204377367892544e-01 6.263441974508459076e-01 5.390475789779775040e-01
6.422929960834901086e-01 6.192216873057996285e-01 5.652886332929942803e-01
6.219702195024247038e-01 6.069217638495211231e-01 5.901078202885813306e-01
6.192989692940240598e-01 6.076411317679916158e-01 6.062430898011620384e-01
6.743173521017621352e-01 6.360814163959507272e-01 5.490306809774285757e-01
5.733564364257552892e-01 6.047141425767426082e-01 6.696485446885379611e-01
5.837524267324379901e-01 6.165932254027497450e-01 6.687338426904251287e-01
6.771120821263059142e-01 6.704536894950648973e-01 5.675683686033321518e-01
6.714453282351655616e-01 6.669578062484513570e-01 5.809043086548284496e-01
6.255541824891212022e-01 6.489523737626363697e-01 6.248780554760557937e-01
6.300938379151678204e-01 6.509618149855145308e-01 6.379241416130323472e-01
5.832774611323200409e-01 5.788460863195392658e-01 5.944031962403075742e-01
5.813619081423707646e-01 5.756147807963870600e-01 6.031977364323046764e-01
5.879976430393797360e-01 5.843393752954939568e-01 5.991957061110261273e-01
6.023541188527917756e-01 5.476885044764550070e-01 6.091633239760869678e-01
6.159099563955121592e-01 5.608267800650451607e-01 5.940640678132004249e-01
6.369254025273265452e-01 5.875052002471886636e-01 5.722557556820370150e-01
6.520582640999483814e-01 6.062234380670586953e-01 5.512423989476289421e-01
6.364552550098558914e-01 6.155138029908284736e-01 5.763664460033854908e-01
5.765752611859606969e-01 6.009388172300341724e-01 6.573597279581149255e-01
6.448399664044905943e-01 6.264619656660509461e-01 5.731023861610635706e-01
5.856250421200577261e-01 6.116949631222710071e-01 6.612076256271777197e-01
6.921642602620520224e-01 6.492293991958040245e-01 5.508453889872717557e-01
5.858298984803057552e-01 6.135019593031821872e-01 6.632848348311709552e-01
6.904234567870610739e-01 6.726597241974896502e-01 5.552078339218584624e-01
6.010328083313293268e-01 6.296828053593005459e-01 6.537375638738819328e-01
7.000762564884537298e-01 6.823183663301873869e-01 5.453431225902449775e-01
6.758165716129230782e-01 6.700674804356649972e-01 5.737516708240808505e-01
6.707682412119850834e-01 6.617659850464204796e-01 5.885623351601065867e-01
6.742840275290675756e-01 6.672638495320201146e-01 5.927836622916201614e-01
6.817897792965391668e-01 6.751531550509165536e-01 5.866421763219297203e-01
5.926879072177176910e-01 6.262640295260004653e-01 6.120312500000003597e-01
5.896959265197105893e-01 6.249157514794788648e-01 6.148437500000001332e-01
5.857073521411124695e-01 6.231128187742382973e-01 6.232812500000001199e-01
5.840597533023502708e-01 6.221691682869269213e-01 6.260937500000001155e-01
5.778953992076789614e-01 6.271764327681119688e-01 6.691449776751523526e-01
6.210152101361992028e-01 6.378275435846911812e-01 6.179636790190781159e-01
6.243962416400238302e-01 6.384186722487513732e-01 6.195080384347085856e-01
5.748987879860751882e-01 6.241692557179827627e-01 6.915219461627610809e-01
6.257769701411038943e-01 6.421728835169209226e-01 6.168415644206641790e-01
5.940754096965160658e-01 5.304189940578463158e-01 6.083397682534678053e-01
6.059457960119052355e-01 5.421493209058869667e-01 6.021394358929912372e-01
5.958698577171194222e-01 5.331882782440742208e-01 6.120975703544799806e-01
5.995929239033058744e-01 5.359724962279991400e-01 6.063402590174401530e-01
5.986143206158855978e-01 5.351192965267907997e-01 6.137480534756782902e-01
5.987766809412413682e-01 5.396049451743401004e-01 6.076308545633548608e-01
6.157957089369079373e-01 5.569832093308769716e-01 5.889206927791215129e-01
6.211691684527643753e-01 5.628391751091432749e-01 5.849405000109543229e-01
6.138015704692191266e-01 5.552380885683314560e-01 5.968985005566271873e-01
5.899979212537316275e-01 7.039314061157306845e-01 6.829559783283991603e-01
6.632130117657581980e-01 6.201180790583754598e-01 5.580542509220894898e-01
5.942662256941331211e-01 7.072402013395840958e-01 6.820773076990077621e-01
6.597360684808731834e-01 6.163585877835130455e-01 5.676778156500449368e-01
7.051691326044559061e-01 6.648796128135886496e-01 5.473619226374725200e-01
7.052562050323651910e-01 6.669232259574188193e-01 5.466226884839608946e-01
5.791289047184459138e-01 6.288875392414164933e-01 6.511200257301230643e-01
5.779287967448211161e-01 6.286233842008654982e-01 6.508892000677228840e-01
5.802281296582322279e-01 6.311019803833296526e-01 6.493156397854472628e-01
5.814155513870256087e-01 6.310355262276220456e-01 6.514618132918603699e-01
5.824143322546331270e-01 6.323019162320790976e-01 6.559059073707510512e-01
5.787154806858529899e-01 6.294295378726513235e-01 6.610626419631800976e-01
5.823317301767151344e-01 6.341376619539871307e-01 6.521953800289916892e-01
5.794489592467562122e-01 6.305694814814059024e-01 6.615555322242574476e-01
5.704834872399291434e-01 5.738307581839210414e-01 5.743567642522112715e-01
5.449342733085960067e-01 5.722516317189590973e-01 6.024788410451304976e-01
5.623236141775423969e-01 5.766866737052421810e-01 5.827472842850146550e-01
5.275242801646099489e-01 5.396402320514789297e-01 5.534671870630389900e-01
5.695976655089457497e-01 5.537070145892907247e-01 4.944711548800302947e-01
5.350711499104977564e-01 6.462143458159916865e-01 6.526370381156327838e-01
6.009078131066735162e-01 6.295899025632436530e-01 6.019958762442025879e-01
6.163764689499096061e-01 6.362531691097434994e-01 5.853357734543053192e-01
6.394552789422215389e-01 6.538476985924223106e-01 5.573384308783175811e-01
6.448782025641720539e-01 6.529251752708176149e-01 5.524625277282745328e-01
6.261740280038996520e-01 6.712025436209683171e-01 5.622712650428303149e-01
6.259198342402507720e-01 6.707990211604465403e-01 5.618204616121827977e-01
6.249929327346153141e-01 6.675859301721767114e-01 5.652034412719861844e-01
6.117515114072332727e-01 6.482204736993069094e-01 5.832580066862688151e-01
6.033027254280181051e-01 6.390851207827255021e-01 5.914614560987658809e-01
5.047963980475956847e-01 5.383346534596602506e-01 6.318500361532367604e-01
5.378273786787488575e-01 5.550855088766057932e-01 5.685727420764465911e-01
5.366829135176528487e-01 5.502327269157516465e-01 5.704514465627824604e-01
5.565802054434116908e-01 5.450515660029748854e-01 5.568340853499254006e-01
5.685281654282945407e-01 5.566103307650247523e-01 5.439418968464804216e-01
5.719432741289298683e-01 5.564675279291694254e-01 5.260938039211711104e-01
5.165065468009775174e-01 5.923680445510721704e-01 6.552512290692505958e-01
5.091902840737150271e-01 6.534902898265579907e-01 6.922960377597513482e-01
5.023267768409145351e-01 6.419127933852594170e-01 6.881956001468765294e-01
4.964196052454952213e-01 6.323103035263136773e-01 6.834332328991588046e-01
4.942704048287144825e-01 6.257055460797980029e-01 6.768536809312259983e-01
5.833337416827796273e-01 6.185230378772548221e-01 5.780871763944992470e-01
5.863133738525087013e-01 6.373562931452766422e-01 5.647487086630477160e-01
5.320453789222964192e-01 5.556093020287371509e-01 5.511062942763969019e-01
5.403004522360654871e-01 5.554204685714781986e-01 5.437969760419553156e-01
5.388484481817040761e-01 5.429409061785605006e-01 5.481394908289096701e-01
5.582528747831280169e-01 5.494696309797489908e-01 5.320895358739652359e-01
5.582860765544946924e-01 5.479354017532295229e-01 5.239782489065382132e-01
5.052445776756647744e-01 5.491770144396936892e-01 6.436505856840428752e-01
5.050016745119849659e-01 5.414608311092814485e-01 6.428831622914825683e-01
5.025085942936572403e-01 5.558011254000797541e-01 6.897053217361428512e-01
5.179652237679613913e-01 5.544946107170445337e-01 6.696565161656645726e-01
5.435530957896264059e-01 5.638789834316380034e-01 6.343405606922917217e-01
5.803282506298698129e-01 5.744084208304667261e-01 5.963590855514805389e-01
5.091829730860619740e-01 6.349638393504439815e-01 7.216853787737269599e-01
5.109999388713393209e-01 6.352439382512484745e-01 7.135929381076036027e-01
5.096159324994513629e-01 6.313559303516652621e-01 7.096898362071140109e-01
5.070697020007811640e-01 6.247815374099756625e-01 7.099854437926340633e-01
5.024492153442607911e-01 6.187341252339253472e-01 7.073902081164709088e-01
5.017540044876400707e-01 6.160284307159920036e-01 7.030851325205063063e-01
4.978146595319785650e-01 6.095010038044523792e-01 7.020219740921129770e-01
4.956279138815875007e-01 6.028733544716800008e-01 7.030264753787611731e-01
5.380092840317088898e-01 6.183709938703575437e-01 6.457160959212289164e-01
5.599822357260548777e-01 6.237194860198318480e-01 6.179408426419630285e-01
6.138011993212021400e-01 6.299725512665105276e-01 5.652962960983329843e-01
5.145932249638475176e-01 5.175523640277712722e-01 5.723733410466704807e-01
5.267994987260834483e-01 5.439958968023295149e-01 5.551787667661447490e-01
5.422943175692328532e-01 5.290604431714009959e-01 5.354628264822887118e-01
5.407361033310736920e-01 5.572365228534591486e-01 5.602843099399337223e-01
5.489963512864425299e-01 5.519022955045163048e-01 5.495558545226671976e-01
5.377001771990786994e-01 5.280464517631544563e-01 5.729016105928096403e-01
5.561955330213259607e-01 5.432856532111693948e-01 5.447309050770768879e-01
5.296677537855880580e-01 5.449494468222676469e-01 6.012494468982974016e-01
5.344986108885616538e-01 5.384635277270162224e-01 5.959663316047822956e-01
5.477902340182344565e-01 5.421409937310673888e-01 5.782459214198902853e-01
5.690722813609533359e-01 5.570991870534238721e-01 5.491034460948838181e-01
5.177079654670299069e-01 5.568697742742797496e-01 6.366141479219625809e-01
5.238226262509658726e-01 5.534220445134038213e-01 6.222235639643526328e-01
5.455335007018021765e-01 5.655218660142634635e-01 5.972965449396732129e-01
5.513293723349311781e-01 5.586877607551339331e-01 5.958140386554185985e-01
5.726879636276474006e-01 5.693481455678609526e-01 5.712036790103919293e-01
6.001085377472784588e-01 5.920137742061784003e-01 5.298152238006480497e-01
5.225735229963232031e-01 6.436678130411321863e-01 6.920600231345399589e-01
5.127090807500320757e-01 6.211001986493410731e-01 6.871685798598238248e-01
5.068415205086964637e-01 6.383597294120446630e-01 7.082312766288514361e-01
4.963684102753592176e-01 6.178866052849019130e-01 6.996562381236214323e-01
5.190712667432023641e-01 5.695722576940284165e-01 6.691869563031233037e-01
5.272347050707538729e-01 5.709122284177321482e-01 6.524362878752723027e-01
5.504530471017363702e-01 5.847692512606921245e-01 6.236950998682864178e-01
5.653607640097106923e-01 5.873548939248542933e-01 6.114405874171955357e-01
5.713852313529348415e-01 5.815784742224779924e-01 6.049344066823909571e-01
6.040428683301866108e-01 6.043306317738768030e-01 5.662470851916060477e-01
5.844892783105699596e-01 6.311794347864595478e-01 5.824100342860540902e-01
5.937231255070462010e-01 6.248573365875389474e-01 5.795710322697696926e-01
5.882647323801567518e-01 6.168740536161637644e-01 6.060871174404202089e-01
5.240367216507508807e-01 5.340400557296202111e-01 5.531228411679151025e-01
5.498798123979085073e-01 5.413705697049240317e-01 5.279703658556974544e-01
5.333555628252564240e-01 5.426483370436169240e-01 5.487488266164179951e-01
5.467338820266171018e-01 5.359236651666748896e-01 5.398235109380840058e-01
5.154451140217850558e-01 5.506738854537386318e-01 6.132613881821127322e-01
5.252172874524969615e-01 5.271121904285288595e-01 5.742471143418113044e-01
5.437706832671923562e-01 5.530540926916200917e-01 5.485253255599943367e-01
5.516137138004987284e-01 5.396849044162527198e-01 5.463012293869571323e-01
5.455769243801613655e-01 5.547069105499948805e-01 5.594561423751909235e-01
5.689416112507292844e-01 5.573274198567157445e-01 5.348452867111995745e-01
5.377763139011318971e-01 5.380017565326833395e-01 5.843848026039500931e-01
5.441747538281680452e-01 5.536630222991723027e-01 5.668587685287136413e-01
5.476388269032439471e-01 5.486716745251865035e-01 5.760467454819042654e-01
5.052470701953231114e-01 5.586785405693733830e-01 6.492566187907369279e-01
5.192083342256392786e-01 5.516780251114458133e-01 6.288607949122561047e-01
5.552656729745550912e-01 5.668255894185542099e-01 5.780806328269426642e-01
5.762095227483826632e-01 5.645973192375780547e-01 5.577982281560112110e-01
5.301702813345827714e-01 5.654551301976522559e-01 6.193319537858518187e-01
5.650580408411426392e-01 5.802262958798882764e-01 5.706896057541874789e-01
6.011468773513426456e-01 5.966400903346339435e-01 5.335408360393824045e-01
5.284225317306062708e-01 6.474339015937211617e-01 6.649358969470975378e-01
5.041936339961335944e-01 5.522349457394235550e-01 6.666484044770232265e-01
5.496869836162130429e-01 5.571479619995458599e-01 6.120579312479131895e-01
5.162346584389735371e-01 6.329577396722455562e-01 6.935112735985575760e-01
5.448551229718018307e-01 5.529098240434409117e-01 6.320131327417310985e-01
4.936250633391772724e-01 6.020439814763400843e-01 7.019849318788515813e-01
5.483436508391057451e-01 5.600236013091808296e-01 6.309798307928736749e-01
5.628856072987793446e-01 5.862626517715064933e-01 6.074925994493924897e-01
5.199310902774807452e-01 5.472587616778514796e-01 5.952298124765886822e-01
5.217875322108510572e-01 5.482809629914771055e-01 5.985954857805682039e-01
5.297871178828174044e-01 5.576684480166468338e-01 5.893668301337970927e-01
5.310242956307771323e-01 5.610646235708784957e-01 5.899094445973662726e-01
5.027630373845999312e-01 5.475283683765784781e-01 6.503753107789989052e-01
5.449819218343067151e-01 5.478035019020985885e-01 5.877357589256422266e-01
5.291052249707479671e-01 5.572198699680481759e-01 6.087295862217141362e-01
5.040566868246725285e-01 5.491252260094893201e-01 6.498099075047623074e-01
5.529917662963553804e-01 5.547030105088351926e-01 5.852644463604906866e-01
5.952162044281252840e-01 5.864822909991016520e-01 5.328646604637791162e-01
5.604799756233026509e-01 5.670516612754856745e-01 5.800876118541977711e-01
5.708900434019826831e-01 5.825369292092549278e-01 5.701155352857445457e-01
5.401200955264671144e-01 5.740881218014842746e-01 6.053431189746584229e-01
5.239921089661524478e-01 5.508694149519611782e-01 6.446659860487190530e-01
5.051446615219490344e-01 6.071283235781821386e-01 6.907492090218558811e-01
5.239227222659363914e-01 5.516851685303714170e-01 6.590135410593941367e-01
5.064735359604387588e-01 6.316914780629037107e-01 7.325304820238477399e-01
5.086488111334880324e-01 6.388224868392117228e-01 7.260339492379404014e-01
6.089863135915580816e-01 6.346584331423010816e-01 5.561879499484952971e-01
6.146394489631921143e-01 6.420366613081998075e-01 5.508767193891542790e-01
5.221640716478398447e-01 5.863732465088785650e-01 6.137154814166754235e-01
5.167619719752003515e-01 5.836558597495564715e-01 6.197473686719278119e-01
5.108953588789988398e-01 5.811363661354401744e-01 6.286141738621691122e-01
5.077413387749654117e-01 5.798596683169938704e-01 6.298769414920637466e-01
5.055505889429317001e-01 5.793565655826748984e-01 6.306859743367905224e-01
5.044316567778031057e-01 5.800476311786189054e-01 6.301105146713356087e-01
5.322708111966627520e-01 5.636583026835380039e-01 6.028086896821814866e-01
5.354236478557765633e-01 5.651681838112484479e-01 6.058943918606284340e-01
5.091995796483848036e-01 5.763250907207204676e-01 6.613415442675497635e-01
5.051303826752697734e-01 5.736723398265375362e-01 6.700071321541176683e-01
5.107810333352992282e-01 5.803788873639101897e-01 6.629238903202672173e-01
5.086111793025012151e-01 5.809516553077073153e-01 6.658767026726565286e-01
5.699658006372528840e-01 6.242268430551254355e-01 5.931642816791981021e-01
5.281510697232059126e-01 6.176669803893429789e-01 6.487124332842464369e-01
5.642004423369414434e-01 5.461312866176772918e-01 5.467900729331665044e-01
5.633181087184937486e-01 5.433164865836214164e-01 5.478775434510263498e-01
5.468619343343823491e-01 5.265690416364017246e-01 5.748678369235458163e-01
5.444248174444321631e-01 5.238631941329147113e-01 5.842632859322103300e-01
5.442297954814833139e-01 5.265371492579432600e-01 5.815236554428065974e-01
5.524765429171222264e-01 5.350763623102292588e-01 5.734316962755992009e-01
5.486247981682992325e-01 5.327334607049648563e-01 5.873345146223242219e-01
5.651616383856612469e-01 5.504394606642029064e-01 5.680811489903698774e-01
5.685463768026539633e-01 5.557779342381803378e-01 5.594659801113733844e-01
5.562683696492011221e-01 5.417098217599648491e-01 5.792564078984944187e-01
5.739883474973238586e-01 5.604355324688455875e-01 5.581518323155636452e-01
5.776201413367019200e-01 5.638673809518039981e-01 5.524333903943292601e-01
5.799823359368282416e-01 5.670960980513150007e-01 5.515043293624587450e-01
5.861603754564368440e-01 5.750613572308577170e-01 5.426812409210082233e-01
5.200837027851316074e-01 6.449122779031752906e-01 7.089385029731587462e-01
5.861923441037595328e-01 5.713609356427410413e-01 5.765772548550524013e-01
5.202986686734822896e-01 6.470062653402698372e-01 7.067975271768547341e-01
5.849571618234161718e-01 5.707166663547724728e-01 5.761636094716711121e-01
5.200586687944908082e-01 6.474996196793434411e-01 7.071684290130828554e-01
5.835536930600718764e-01 5.714716594851264597e-01 5.785131737331272728e-01
5.176717879929876309e-01 6.444113335749808158e-01 7.121644150070614021e-01
5.827618377945440464e-01 5.704793992514001211e-01 5.815587356482514458e-01
5.193156109763439332e-01 6.462989493296552590e-01 7.086725124751871441e-01
5.185553638416585676e-01 6.466597708619417073e-01 7.088017579854349881e-01
5.154228147136398208e-01 6.432945425647772497e-01 7.152530198222456503e-01
5.848708670340392324e-01 5.748291666944329581e-01 5.832790739219971821e-01
5.108130254416954896e-01 6.379767656688938304e-01 7.211244159332824699e-01
5.846263252328944837e-01 5.736286231063632002e-01 5.868449523302704529e-01
6.322626457822695389e-01 6.397484959048453934e-01 5.339743201032471909e-01
6.281743683342820850e-01 6.357829964160830460e-01 5.389385392195988889e-01
5.239261922998191823e-01 6.056531069112887078e-01 6.395042227756638775e-01
5.297404659588734743e-01 6.139739306032196975e-01 6.317579868077175531e-01
5.321895368968940776e-01 6.175558840743352595e-01 6.272333154410242306e-01
5.321647998369463117e-01 6.188296436120250821e-01 6.266116817944898942e-01
5.646220183048046293e-01 5.844857482837897411e-01 6.421306180914400086e-01
5.705252842480008635e-01 5.810001279912315741e-01 6.353552767539200063e-01
5.740916183455404553e-01 5.788224958181590329e-01 6.374095935408463642e-01
5.782930891216051528e-01 5.814327095235964915e-01 6.229357117284740619e-01
5.898749995234714438e-01 5.752076925638587301e-01 6.135223652172043796e-01
6.063382211588951298e-01 5.903215346281431852e-01 5.941048889216055118e-01
5.787147893061032056e-01 5.760442142667685506e-01 6.254713795540660648e-01
5.883819784530417429e-01 5.811296871882899451e-01 6.086553436175383691e-01
5.941969138205911438e-01 5.863223681552127697e-01 6.077555531621505747e-01
5.991366037921546095e-01 5.891115627175533831e-01 6.014697684917191811e-01
5.662522123775070026e-01 5.308677760989054528e-01 5.644398623036736007e-01
5.690227494664268360e-01 5.461286215924771037e-01 5.930358379613496211e-01
5.720931107265947446e-01 5.472478902828896707e-01 5.835231516118477568e-01
5.878323559108257212e-01 5.822895311110499739e-01 5.919243217901164478e-01
5.875634870500383578e-01 5.778706280156961084e-01 5.933516739710431587e-01
5.870114070225821434e-01 5.731732581813703264e-01 5.955572695838803332e-01
5.826577925459327512e-01 5.655953757578658925e-01 6.002314605354082122e-01
5.789844693138173071e-01 5.600667768734708396e-01 6.010005569534322412e-01
5.770716537811749758e-01 5.579814436132944921e-01 5.979028499171862299e-01
5.735293485490793319e-01 5.541708985724802528e-01 5.974723117630750258e-01
5.679030898491392865e-01 5.496438645288912461e-01 5.981656138640260023e-01
6.589780261374114101e-01 6.563661224359789159e-01 5.999832719176829698e-01
7.242131987690079153e-01 7.084839872029505825e-01 5.278137527210150504e-01
6.407193771856494191e-01 6.525622912113870910e-01 6.144271322060659291e-01
6.445630868772456168e-01 6.518991928475701414e-01 6.088905909234136882e-01
5.956170175658352939e-01 6.458850460393261717e-01 6.565524315011840306e-01
5.989731727699412200e-01 6.436049470070638323e-01 6.590442626722941011e-01
6.049715389032294111e-01 6.376131101346825814e-01 6.571717049111999165e-01
6.090025835744898863e-01 6.394374346251139318e-01 6.496834253324367259e-01
6.165289266199391882e-01 6.470197611597409137e-01 6.395944250962516398e-01
6.161461219874062589e-01 6.450066075526171838e-01 6.409590487845919782e-01
6.329140627530398522e-01 6.523914434262507722e-01 6.233813048369203358e-01
6.329049980040457601e-01 6.479931624300121484e-01 6.249154018320105530e-01
5.984683151537674162e-01 5.535157308213698446e-01 5.693008001202661816e-01
5.693747120981744736e-01 5.761129273890803759e-01 6.096875322668366959e-01
5.969708700546201285e-01 5.488773760555679671e-01 5.771160846171299319e-01
5.729814223137873475e-01 5.918776725362360214e-01 6.750598675201341381e-01
5.723926719097001126e-01 5.983727002502944314e-01 6.710916450420826296e-01
5.826275675533983955e-01 5.993298657258586681e-01 6.572161273424311778e-01
6.245958249494518721e-01 6.231861980924381372e-01 6.057877435916769748e-01
6.185483646333856944e-01 6.274858157393052860e-01 6.077027900852972619e-01
5.854564408043025914e-01 5.533059170366904089e-01 5.539113170013819643e-01
6.000396960541287683e-01 5.562389805471488202e-01 5.386767255705166013e-01
5.846244243088275505e-01 5.748513127831718084e-01 5.987130817382027015e-01
5.985113075545034356e-01 5.788883402303063308e-01 5.814612731382228228e-01
6.035192850472561599e-01 5.721788538779220001e-01 5.784199880176278397e-01
6.245609393725026770e-01 5.825268612857442685e-01 5.503202762142908044e-01
5.523500495008576427e-01 6.357604705805135481e-01 6.522437645889112012e-01
6.693078161581763608e-01 6.450040606950067090e-01 5.333314062621549168e-01
6.126631930913798429e-01 6.191391080302774963e-01 5.941175701491143712e-01
6.309392141360595785e-01 6.271408395591209217e-01 5.755216143070157608e-01
6.035647066562731533e-01 6.354314400836524879e-01 6.380748361114767508e-01
5.860390284978713726e-01 5.459284976937457401e-01 5.458331301029563098e-01
5.538294811867311429e-01 5.496671135582824608e-01 6.109355056024372566e-01
5.791527883271220256e-01 5.616333597887408491e-01 6.043421818820549074e-01
5.514774464263632048e-01 6.047867142073646285e-01 6.387500000000000400e-01
6.001336937193592069e-01 5.867249151167885923e-01 5.878989925782913684e-01
6.203973547750507578e-01 6.050234417628537198e-01 5.817531753982879694e-01
5.585202234394995857e-01 5.960108978096079202e-01 6.536348325446513785e-01
5.793474460183887231e-01 5.872903612108104632e-01 6.347291495364388858e-01
6.102272770034142813e-01 6.020426171419073214e-01 5.973438229822595202e-01
5.712975438783806093e-01 6.134368640643230730e-01 6.536196325181254929e-01
5.865508086731828774e-01 5.993665669752028524e-01 6.473078303911083964e-01
6.204001291015742714e-01 6.179294311248850757e-01 5.970730287342654874e-01
5.741513277018844841e-01 6.207390757760948841e-01 6.705807810163809668e-01
5.958519108522227770e-01 6.183794431459639362e-01 6.483908379799145916e-01
6.386166013749841053e-01 6.428782580489272869e-01 5.938513588224514361e-01
6.875061696955777624e-01 6.680585940163870085e-01 5.445529090608448586e-01
5.832374526074886045e-01 6.285638475269870185e-01 6.735591356791119644e-01
6.370285440034281210e-01 6.377209345066656709e-01 6.140739065070888181e-01
5.972401624277507981e-01 5.507291730984930078e-01 5.861713033787663285e-01
6.311379286219126472e-01 5.887440779520740630e-01 5.513003210510969421e-01
6.618381032793918539e-01 6.271620500722157043e-01 5.177321051701793131e-01
6.640901261285444557e-01 6.300379030410858672e-01 5.242403841798867203e-01
6.788989563068256183e-01 6.487475308465291413e-01 5.142687483350326660e-01
5.727804940304652703e-01 5.782863838995936367e-01 6.544223273521588835e-01
5.742659260598403925e-01 6.040242812672511619e-01 6.444426602548384286e-01
5.788896338998602564e-01 6.093247676701207816e-01 6.518743132554822850e-01
5.813457830732300380e-01 6.159974440550736174e-01 6.594597933329979789e-01
6.531974268119304927e-01 6.454293344680748223e-01 5.769226616588668533e-01
5.602928773223023740e-01 6.240184542237969811e-01 6.860742118158270619e-01
5.938592199310950281e-01 6.362991060595802884e-01 6.456012141966394058e-01
6.594029186472096793e-01 6.560110080049093018e-01 5.737117499931653208e-01
7.186498114186571362e-01 7.009986805345587157e-01 5.206636913016393642e-01
7.243771576396573764e-01 7.050098494358998380e-01 5.230976758589782616e-01
5.698855811599046195e-01 6.141027969138262987e-01 6.134375000000003020e-01
5.647050739989386559e-01 6.112850127406287415e-01 6.246875000000001732e-01
5.772783643570529311e-01 5.801187484044296738e-01 6.279808619523226110e-01
5.751407908175949490e-01 5.773189099364290922e-01 6.365169224217563926e-01
5.709705589129767667e-01 6.939790862399642934e-01 6.709717901984809663e-01
6.710550643110823055e-01 6.378517219002681760e-01 5.205049658475793262e-01
5.777965606547846855e-01 5.831483837616131538e-01 6.310331368537950292e-01
5.878402959370052638e-01 5.980491052796361728e-01 6.205838655099417123e-01
6.827208651379986781e-01 6.528365533018779532e-01 5.158908532418392534e-01
5.894603247459281326e-01 5.990607983865997577e-01 6.477127833473500518e-01
7.096556770861717212e-01 6.864561930011133795e-01 5.150889705924228679e-01
6.047895612277098820e-01 6.221498939703258291e-01 6.282214154019385433e-01
7.056999430378892990e-01 6.853916375473070310e-01 5.198784666994363812e-01
7.201786627905687466e-01 7.032349634072143640e-01 5.105830006606996152e-01
6.060496262096748410e-01 6.331690662533647762e-01 6.314173032877985481e-01
6.108905863188127672e-01 6.370646324460937926e-01 6.324731468656277222e-01
6.046583532656049087e-01 6.278016087708748749e-01 6.495510914045341533e-01
6.077599885201298013e-01 6.306966410036580761e-01 6.501626840207762603e-01
6.039232073294911185e-01 5.525877827112342100e-01 5.743552546852337404e-01
6.068496301644176194e-01 5.556113004042866343e-01 5.721242623860227638e-01
6.155885640234299849e-01 5.687202663174285577e-01 5.593456238530247759e-01
6.175487225321631968e-01 5.732059826608352227e-01 5.610492255190800970e-01
5.489329399492517414e-01 6.057778284469257368e-01 6.527849582353727476e-01
5.544711609418297993e-01 6.145566125021599824e-01 6.453237521694803469e-01
5.536430780433583276e-01 6.145798173524953389e-01 6.459268569498629597e-01
5.617946141227090351e-01 6.249430664396309343e-01 6.386104125182264779e-01
5.687699494009099688e-01 7.008432947673620683e-01 6.775360611213083750e-01
7.139567113535159049e-01 6.814874623116867758e-01 5.055020326551263876e-01
5.627383449340088717e-01 6.220803010027949886e-01 6.616110688547059970e-01
5.593747417328323035e-01 6.189871731526419563e-01 6.704441824973343955e-01
5.922176003182767490e-01 6.036852382784306803e-01 5.573229961369053909e-01
5.924821868759246879e-01 6.016507410850858717e-01 5.578416999063945392e-01
5.886238043366029959e-01 5.918063180673681645e-01 5.646094111122975656e-01
6.053860876313219563e-01 6.021067335940415433e-01 5.458436427398510871e-01
6.167196219463632056e-01 6.078774582491491829e-01 5.297769440766747495e-01
6.255552540412440132e-01 6.140773881664683964e-01 5.206120653451028479e-01
5.463067192057138310e-01 5.429359593091560576e-01 5.458224334584489412e-01
5.540821062432833566e-01 6.382049544331912516e-01 6.619798729629682299e-01
6.212185198155488752e-01 6.356814465745792564e-01 5.995888774927875531e-01
6.252708429309994376e-01 6.350024000031391225e-01 5.975708119686455877e-01
6.333815346904243526e-01 6.393252045706298015e-01 5.935444284503856860e-01
6.405387120422808556e-01 6.427377001494123387e-01 5.848204127564695654e-01
6.470882971786119375e-01 6.461903267906495829e-01 5.758184180178824718e-01
6.602590238549471691e-01 6.591277516493609934e-01 5.635989024935130765e-01
6.662635396987398595e-01 6.617223323802250423e-01 5.521112895433680778e-01
6.601839410505797590e-01 6.522479215015253295e-01 5.625387421643039954e-01
5.668321966499101361e-01 5.754384206774811883e-01 5.500401330476356598e-01
5.679141900301428736e-01 5.630422836354079807e-01 5.578112739744138793e-01
5.543254007849733878e-01 6.117909948936349762e-01 6.341557627579447187e-01
5.730101878367375168e-01 6.163027064238393304e-01 6.119618335015876154e-01
6.606396173456891008e-01 6.523609555078320188e-01 5.226365718464018872e-01
5.459619621522857624e-01 5.392617015501578459e-01 5.602090153699746944e-01
5.641171956979997848e-01 5.717840750297966679e-01 5.359031033139507461e-01
5.611828361371632434e-01 5.323674544401029163e-01 5.495768478255602663e-01
5.388904213321376035e-01 5.602472320998339583e-01 6.170613724648157383e-01
5.737880624604876356e-01 5.832941110639834337e-01 5.723106853247804660e-01
5.835505062583885572e-01 5.824729859719095515e-01 5.607536914769609693e-01
5.929815051175242324e-01 5.979127529042150835e-01 5.849620261682503264e-01
5.313421748110305209e-01 6.598230956728545760e-01 6.798126784255698052e-01
5.226416775356441669e-01 6.385509909640552095e-01 6.715324007102845272e-01
5.532761008601009278e-01 5.528861139866154684e-01 5.393467925842773125e-01
5.783880330921018498e-01 5.753783154424865209e-01 5.323029166109131127e-01
5.771817124054048342e-01 5.522249282432758477e-01 5.713819462313407538e-01
5.810221090711613634e-01 5.811705270316411820e-01 5.927615924691110871e-01
5.926994396918021657e-01 5.963136347122148795e-01 5.951813784488380055e-01
5.486858420560966065e-01 6.031171916335343886e-01 5.865335856088603750e-01
5.376348683461611433e-01 5.692645563057292524e-01 5.893344512988863970e-01
5.572174651852305205e-01 5.482751185430788654e-01 5.487613845112011557e-01
5.535955042658948777e-01 5.694688263970563158e-01 5.696116293291877408e-01
5.651664209719158283e-01 5.821594770724549672e-01 5.709000255037959271e-01
5.708459250787872863e-01 5.913132947217278890e-01 5.736444359447404606e-01
5.720753676931775722e-01 5.989030087638747002e-01 6.084521987650295394e-01
5.328306679099799048e-01 6.047091239728256129e-01 6.583729157159126100e-01
5.377554957175494366e-01 5.957419628942759449e-01 6.081248716164019408e-01
5.302453385966786614e-01 5.906008945149633371e-01 6.220903462728398781e-01
5.927760244124792299e-01 5.728740704551991136e-01 5.519263958572421247e-01
5.767036222107034815e-01 6.055796359022043163e-01 5.896912354536752998e-01
6.377316837443701703e-01 6.242321913545952894e-01 5.393981725042853448e-01
6.537387583502518584e-01 6.409248240503356842e-01 5.279481969475298131e-01
5.894479602081338365e-01 5.580822042426422103e-01 5.370921683240273969e-01
5.781614785265872802e-01 5.443741436228216601e-01 5.530876829962965147e-01
5.587922401102359826e-01 5.246326029388512779e-01 5.836266033034687162e-01
5.795620248417446829e-01 5.526765561660822446e-01 5.601542216765089677e-01
5.907646099477503743e-01 5.649574976913092073e-01 5.474322537757115859e-01
5.481084481889687554e-01 6.822129860566402693e-01 6.610290629055773914e-01
6.196138769314694095e-01 6.028602009905960069e-01 5.415921257885386586e-01
6.241504747795508790e-01 6.083597231562205554e-01 5.403468367875268186e-01
6.213220470228111303e-01 6.073400171374578882e-01 5.485620192751524682e-01
5.269567181391503485e-01 5.907236373936339824e-01 6.532861521936909055e-01
5.249398710617824149e-01 5.892583574281913261e-01 6.534698317690286196e-01
5.770312020417238674e-01 5.875159642989924436e-01 6.352240234322137358e-01
5.866700917824168027e-01 5.731699459874185498e-01 6.316543376852328251e-01
6.036023952126813308e-01 5.850730625598370427e-01 6.121051503300160013e-01
6.171384172431635395e-01 5.917225664158536347e-01 5.949264859948538708e-01
6.127169080584342620e-01 5.848892353700925195e-01 5.974593505298858576e-01
6.076176269840261046e-01 5.914780486274303639e-01 5.810959094553692639e-01
5.881483030382832489e-01 5.534878493713285552e-01 5.715877557256329178e-01
5.893940060280062898e-01 5.549509025312212573e-01 5.596189023205286883e-01
6.155708162884905299e-01 6.546660433594098105e-01 6.453921912705956609e-01
6.651493687405810595e-01 6.703540684445591369e-01 6.000954079455564916e-01
6.641012894067616079e-01 6.619940608983752028e-01 6.030811267530289399e-01
6.089161662993608504e-01 5.778108067872598230e-01 5.647102087276762994e-01
5.991480223316623110e-01 5.496934128253453400e-01 5.858987151886886346e-01
5.751867504766752237e-01 6.125941699746041413e-01 6.783088404490413836e-01
5.938615375587925627e-01 6.086012003406588988e-01 6.536904277616953918e-01
6.464066101458084690e-01 6.358532278996377185e-01 5.952414743938713171e-01
6.091787200116565160e-01 5.567707695540696777e-01 5.525219182095151282e-01
6.015660022678328556e-01 5.784672864407289783e-01 5.947970484103678457e-01
6.131325245232570609e-01 5.602029106793140478e-01 5.867992939681138109e-01
6.342726851331087490e-01 6.127376276276018663e-01 5.891821601784087425e-01
5.813512467884673907e-01 6.198604021973872502e-01 6.397361893890360918e-01
5.893010434782484097e-01 5.980484307930593602e-01 6.406334459771716450e-01
6.123750246107972917e-01 6.547957188937603146e-01 6.329564563677775313e-01
5.874691643517975237e-01 5.233598812344156803e-01 5.661422370185951181e-01
6.069866527732475925e-01 5.403340493662248667e-01 5.763298141033436073e-01
5.813636531142917230e-01 5.462020149640721689e-01 5.916211290534139078e-01
5.834679078280536890e-01 5.134624430800668327e-01 6.288732571541411076e-01
6.268121062595538584e-01 5.694103638461266437e-01 5.821135162021557896e-01
5.762137711795224382e-01 5.964555683898067340e-01 6.442345273154489460e-01
6.514216714259382091e-01 6.025910797553335474e-01 5.862225015465556410e-01
5.904204926997826952e-01 6.155495691037042860e-01 6.450024821671185293e-01
5.627548833307566278e-01 6.187072758039422471e-01 6.907013407332084354e-01
6.613103745424412372e-01 6.446857370973430035e-01 5.838959336219561314e-01
6.169649143891537957e-01 6.329165133328452653e-01 6.474742302075056077e-01
5.864516893205894421e-01 5.792444301608935531e-01 6.181464243803203029e-01
5.831743678654083274e-01 5.770597305698250690e-01 6.309605758016323396e-01
5.933645744014469647e-01 5.870090857291224706e-01 6.242854274290723371e-01
5.976317085809835783e-01 5.968791473351050536e-01 6.217977467790640755e-01
6.020661849182467051e-01 6.026539423410051111e-01 6.295904777302043787e-01
6.186619868680981460e-01 6.216380016658012986e-01 6.177743953674483812e-01
6.914573747597939635e-01 6.529124155780757777e-01 5.599073417798787755e-01
6.000644841789588568e-01 5.288258872391351506e-01 6.038247575405005785e-01
6.040431870189665320e-01 5.383267213600407830e-01 6.016107853644907522e-01
5.595023531201180900e-01 6.123200936683519391e-01 6.529213272826248637e-01
5.516442239596771602e-01 5.821836677167450125e-01 6.418665388064885846e-01
6.133521445239833447e-01 5.919082732560883020e-01 5.731513685163636129e-01
6.398474959109722304e-01 6.074248372348762803e-01 5.424302617958350892e-01
5.803469903410449771e-01 5.793431784851943434e-01 6.146089332371176273e-01
5.802721500974064028e-01 5.736390413936659494e-01 6.134520667435851005e-01
5.779671309175723470e-01 5.669256576982704132e-01 5.923777152819463820e-01
5.851877429772083250e-01 5.809175079250857854e-01 5.830277468993467771e-01
5.673645229113374322e-01 5.516769333779913964e-01 5.793963139141122820e-01
5.720554787578946421e-01 5.532525533745723534e-01 5.684197368014030083e-01
6.012746282097582995e-01 6.446159713324631779e-01 6.491467914592243815e-01
6.101122558544469499e-01 6.393606735531777163e-01 6.413592148072669863e-01
6.331731431137814781e-01 6.580348968865522563e-01 6.115275322155392379e-01
6.466079917594707016e-01 6.635513361997398274e-01 6.008166842459710111e-01
6.516173169098096185e-01 6.621462504910602398e-01 5.935123071441287257e-01
6.386149306543299486e-01 6.435948818601835431e-01 6.100920396558947578e-01
6.374205077280316045e-01 6.376367026486629008e-01 6.156773921416076600e-01
6.638311155944457420e-01 6.576711718216404767e-01 5.859726526565378624e-01
6.888579040201204817e-01 6.745684788432261270e-01 5.581411066959820477e-01
7.076993368664907802e-01 6.889043670933592267e-01 5.403257552879366932e-01
5.729304297513959643e-01 5.675078478293338335e-01 5.865923943600441781e-01
5.904589240790897309e-01 5.582377657170234375e-01 5.738334833082512354e-01
5.784684270352359325e-01 6.010018290874101776e-01 6.539269867008217219e-01
6.269254749978744323e-01 6.281105861299053350e-01 5.888198494790376492e-01
5.905285901890418021e-01 5.535382274546465364e-01 5.450069744430028340e-01
5.851625845248497049e-01 5.772102280849751299e-01 5.868933111105144595e-01
6.069479275682109209e-01 5.709061286122460999e-01 5.653735163845539091e-01
5.895104929825288886e-01 6.120985438275123869e-01 6.129486826607355443e-01
5.863045512115163671e-01 6.357297843767426571e-01 6.447993676843910560e-01
6.302427163388351072e-01 6.342140607811233011e-01 5.971440512629316855e-01
5.712046453179769889e-01 5.522723833045625197e-01 5.755380333086210776e-01
5.710832469902930031e-01 5.495464697125075348e-01 6.014179627355127344e-01
6.148573535322845451e-01 5.768542432338121806e-01 5.626869233698026385e-01
5.781758356614490335e-01 5.588123286408276380e-01 6.108778671516307268e-01
6.302811057496243707e-01 5.940355037368731939e-01 5.619357587107088881e-01
5.736672016024153553e-01 6.067266529931070185e-01 6.205937590625379974e-01
5.764870371013260941e-01 6.115680544648361971e-01 6.412793476268079385e-01
5.824247358752600023e-01 6.240636247965275496e-01 6.464780165029688774e-01
6.261736011426020099e-01 6.222184299556908771e-01 5.996291494833259073e-01
6.786084885705967462e-01 6.587303609800301274e-01 5.609782395124696119e-01
5.826037510439054934e-01 5.898128917771592317e-01 6.127683024009628054e-01
5.869878778248202034e-01 5.983459275713057801e-01 6.110841911950537497e-01
6.816563065454966930e-01 6.617950768914702131e-01 5.419519866210851244e-01
6.181582973839160333e-01 6.475923093728143121e-01 6.084137760775254478e-01
6.178236304794327838e-01 6.437521524549493224e-01 6.258478134432324813e-01
5.855060287026602195e-01 5.330385949509460763e-01 5.834059968550722175e-01
5.950099744554799841e-01 5.494127190236510749e-01 5.805910615033773592e-01
5.475721680335846608e-01 6.074960981319496023e-01 6.465738562904284059e-01
6.020546000303629297e-01 6.026527389588071104e-01 5.592480981536710472e-01
6.692146148565336627e-01 6.536042456232711295e-01 5.759296189661085030e-01
5.305093798354361123e-01 6.192396633763921354e-01 6.736366310510923938e-01
5.708912573379371080e-01 5.666616638844027554e-01 5.385706156402998435e-01
6.425908180101519429e-01 6.113212170614834573e-01 5.455831818814835810e-01
5.937824874416225418e-01 6.178133180956909554e-01 5.798424202185419318e-01
6.098507757619316960e-01 6.452697145092657349e-01 5.974892021847568735e-01
5.421873408348745205e-01 5.786845931519291053e-01 6.036433082341057244e-01
5.844351274860122292e-01 5.716295764319813122e-01 5.595360299969101003e-01
5.585014737952664898e-01 5.976139502480506405e-01 6.147726484144520054e-01
5.996235920878683068e-01 5.938929569530452257e-01 5.810724824327815341e-01
5.339376406970035571e-01 5.965301501460830158e-01 6.731395919150063856e-01
6.603559552060696003e-01 6.358640086350362264e-01 5.571938344200249027e-01
5.438169829855598048e-01 5.998057380859355137e-01 6.090312463765419349e-01
5.596306172673407575e-01 5.719686841010357403e-01 5.757467098109398940e-01
5.365892455455674170e-01 5.951996136330920395e-01 6.215073142981403231e-01
5.722145863897172280e-01 5.868642426149325297e-01 5.645289428862900749e-01
6.708281811638641123e-01 6.421655126905522204e-01 5.252177697114789323e-01
5.953075171050161707e-01 5.466137597393708747e-01 5.542137940775576643e-01
5.917979134007669284e-01 5.461506872278499847e-01 5.656345692684400239e-01
5.315014468181267215e-01 5.951252692773681963e-01 6.511047772947221590e-01
6.542984305229126996e-01 6.258114196614288360e-01 5.249140304907339294e-01
5.060957117579046871e-01 5.651820705477093032e-01 6.666305257373374982e-01
5.616314522532173115e-01 5.723698776870055349e-01 5.932842611068582794e-01
5.508637434193457416e-01 5.604626379151097515e-01 5.653632687773413323e-01
6.349639440927058454e-01 6.356237922243774818e-01 5.866396525182314692e-01
5.437582724603337025e-01 6.308119788284767271e-01 6.677859764430802425e-01
5.446986994025579953e-01 6.255643115247881969e-01 6.680975290425650304e-01
6.285244532205247481e-01 6.628167679261948164e-01 5.772004483339654435e-01
6.181283335711427185e-01 6.448613611129121459e-01 5.938600968723997120e-01
5.659678429000339905e-01 6.102458539577761965e-01 6.087536977215464162e-01
5.155801371241389708e-01 6.158359034795305442e-01 6.648682986567459041e-01
5.348618384384481450e-01 5.667475191980063665e-01 5.861676317603601305e-01
5.410993221573814349e-01 5.388346297738944024e-01 5.609089540507583571e-01
5.647415428117233960e-01 5.691655627131475548e-01 5.216540444740691562e-01
5.125000644888413337e-01 5.816663983470997668e-01 6.732472097799252486e-01
5.352558730535130760e-01 5.808449604638162844e-01 6.505010253794907271e-01
5.678224392575669244e-01 6.366195564343924973e-01 6.201072440074392178e-01
5.258837690424512656e-01 5.415184340292955589e-01 5.737781619562389857e-01
5.330675445329284834e-01 5.654597050569694083e-01 5.958368032806077297e-01
5.413700569255113226e-01 5.342312042770811509e-01 5.722347877260122173e-01
5.480199599586100812e-01 5.702377859683408490e-01 5.976520625135590681e-01
5.335181985526883386e-01 6.604815420961960282e-01 6.904826796443100934e-01
5.139446700101848453e-01 5.831720276524051672e-01 6.832268783609394269e-01
5.279111372743259256e-01 5.878191986310059569e-01 6.168156781892926155e-01
5.109785240272229911e-01 5.768618249166961309e-01 6.441711696571742474e-01
5.052352379052719167e-01 5.764620630095537157e-01 6.490687898720519655e-01
5.827027933861833597e-01 5.718316049764375908e-01 5.747109110338558535e-01
5.938035275872329821e-01 5.818682402788475372e-01 5.746279727036283091e-01
5.144939218354831478e-01 5.836258216075145278e-01 6.726312064207226049e-01
6.127857369371175755e-01 6.054421291203471167e-01 5.633305651893892874e-01
5.749779566389956464e-01 5.472738574372917331e-01 5.448748859955128143e-01
5.588113399413596749e-01 5.295275598965779595e-01 5.735794398889595413e-01
5.776891584796474133e-01 5.620627789999761426e-01 5.620840288036826893e-01
5.841927156396365950e-01 5.694824669884371859e-01 5.538844588207945119e-01
5.938945566148736699e-01 5.826994684964809101e-01 5.437334184557769401e-01
6.018433655752557510e-01 5.921966264393057067e-01 5.374944122470167729e-01
5.149703740255527906e-01 5.821201903667899691e-01 6.634599555738821541e-01
5.941073679265742591e-01 5.840568481391026356e-01 5.726259358279247591e-01
6.064709449395625507e-01 5.912053770514691386e-01 6.067428101166465471e-01
6.264355371763808966e-01 6.015729978118594667e-01 5.873043500484088630e-01
6.069502879551924579e-01 5.770958170959081812e-01 5.360603361065439110e-01
7.188061923012933896e-01 6.739297904168879416e-01 5.695291183452791950e-01
6.810457796052680202e-01 6.807864223651908242e-01 5.892482064009985088e-01
5.606627218767531451e-01 6.111797598807586773e-01 6.934369655606327232e-01
5.803586550632651164e-01 6.099373330081948597e-01 6.707724013857279122e-01
5.942116890321542666e-01 6.201703578776359693e-01 6.335046434277120664e-01
5.650331237324492939e-01 6.142038359177357520e-01 6.806235232234100208e-01
6.085086193667383903e-01 6.126613686857704799e-01 6.257584623025714832e-01
6.864443148489529634e-01 6.439627629309879753e-01 5.671384745725813747e-01
5.858169513566672260e-01 7.108181381024232248e-01 6.756369043698845500e-01
6.870289456841811582e-01 6.360265575177036501e-01 5.549586992731444512e-01
5.991787660315353037e-01 5.886073938323700405e-01 5.830492156141936499e-01
5.852511009811877107e-01 5.568906991719996258e-01 5.607206698438789161e-01
6.534285364989108613e-01 6.676622682807049625e-01 6.037913931811619284e-01
6.920805197497245098e-01 6.737998937596534343e-01 5.738342551718593754e-01
6.114093220995353573e-01 6.536848872459078974e-01 6.478265027235685647e-01
6.669531929133136749e-01 6.769292451038733116e-01 5.888092301716538746e-01
5.830889505007287310e-01 6.159783423024035587e-01 6.536596094895671394e-01
6.396412925653910397e-01 6.299852106841381527e-01 5.907020516318497450e-01
5.696972096681949260e-01 5.677027221186894401e-01 6.247645347602373000e-01
5.951685358584146712e-01 6.256261816729390413e-01 6.154889234968013989e-01
6.051359941776879303e-01 6.320885022608058179e-01 5.712500000000000355e-01
5.905483502997328493e-01 6.252444052936128038e-01 5.937500000000000000e-01
5.741049539172362604e-01 6.161138155803145278e-01 6.162499999999999645e-01
5.571940883907273712e-01 6.071215545228512145e-01 6.387500000000000400e-01
6.040971063653085560e-01 6.096477254917646027e-01 6.245748454462617394e-01
6.926825688699584926e-01 6.617806641779008237e-01 5.439176762658896047e-01
5.880991825535947237e-01 5.293604484475278316e-01 5.475654302477296342e-01
6.012471502116848443e-01 5.462069466235571769e-01 5.402753260852923844e-01
6.907746250330162319e-01 6.483152602186582625e-01 5.371445001645664963e-01
5.514796058158963898e-01 5.780066669660207657e-01 6.472140137240040003e-01
6.307112206929165188e-01 6.010320023302263559e-01 5.595096843045566093e-01
5.823330985139054672e-01 5.759457670839089882e-01 6.187204007569281350e-01
5.986896061944108061e-01 5.843930119835026860e-01 5.958166822768691251e-01
5.506550254873576744e-01 5.204451244254033604e-01 5.925573611169792088e-01
5.761808337759153353e-01 5.556959627039410599e-01 5.774292774512317372e-01
5.849226739178422507e-01 6.442991756571655459e-01 6.689574646202530728e-01
6.137746457926102073e-01 6.508971468777967617e-01 6.404661246132283825e-01
6.907486152994417594e-01 6.798204552018414226e-01 5.603326610755279269e-01
6.440647463093887026e-01 6.645601835068024599e-01 6.044417637191555892e-01
6.628609756324584934e-01 6.738631318753327548e-01 5.863604755001607938e-01
5.653477486890984283e-01 6.002591596826557518e-01 6.687674994218010260e-01
6.231404950881122007e-01 6.183144445222613639e-01 5.997642037444862462e-01
6.373059464042108990e-01 6.451983277082325996e-01 5.799210854447924834e-01
5.916954189680971865e-01 6.056018093791125656e-01 6.126234888103910814e-01
5.812656917526678457e-01 5.858421871243891799e-01 6.243801913667100800e-01
5.994787170204313176e-01 6.191059174437181234e-01 6.330473736261814643e-01
6.163382858224353278e-01 6.450692076002688680e-01 6.254717849210056357e-01
6.212924465945270924e-01 5.976864342179566414e-01 5.567176295375998452e-01
5.858354473192651790e-01 5.896745984804271368e-01 5.910221561546524782e-01
5.906823907516762784e-01 5.827142269800362762e-01 5.907111907164644959e-01
5.483740876293281552e-01 5.257807099986226973e-01 5.810605579270948784e-01
5.710520438220535455e-01 5.620010835879684086e-01 5.607787240945855123e-01
5.793317920589668990e-01 6.439341701201816148e-01 6.646829946718144644e-01
6.116260908248535300e-01 6.546048669751840521e-01 6.293426744596948286e-01
6.687072148885242484e-01 6.627006003681712443e-01 5.728703513596652419e-01
6.465212455102589129e-01 6.735265880236842584e-01 5.845943846962673440e-01
6.578412939832815054e-01 6.744551709567087050e-01 5.726639897141934110e-01
6.758935409477556666e-01 6.486687992820588944e-01 5.357526456006703741e-01
5.656389580781240323e-01 6.102075838216061143e-01 6.529251847305914680e-01
6.135885553818163363e-01 6.142698092197262927e-01 6.005257327928473776e-01
6.287416328885182537e-01 6.405012376878532754e-01 5.757783148995302414e-01
5.807073482084557092e-01 5.938713395279298091e-01 6.126992835770331824e-01
5.965701689054990764e-01 6.242881491103560165e-01 6.205252183701017721e-01
6.098638475198047137e-01 6.428044328930679896e-01 6.183367889155758634e-01
5.912162562196852100e-01 5.957176527716717684e-01 5.768219447179915305e-01
6.233528443891774851e-01 6.586423107078180905e-01 6.023226132201134897e-01
6.324501017152303062e-01 6.583603622802852717e-01 5.967991185075541827e-01
5.566926439058311749e-01 5.714939790616957449e-01 5.901362684805282477e-01
6.057511225313854109e-01 5.622549647859345079e-01 5.478238289973601516e-01
6.099662974421531381e-01 5.726514337443567859e-01 5.476604045669466458e-01
5.413935907893400179e-01 5.751256910537367872e-01 5.984990864772005148e-01
5.728915227416216949e-01 5.624475119511106458e-01 5.563715425367269374e-01
5.444011030864241985e-01 5.600012185997168546e-01 5.644305437496202060e-01
5.575866234511805963e-01 5.736571243866072090e-01 5.908857936003623079e-01
5.645306027049259434e-01 6.102378180791829809e-01 5.696128520270502538e-01
5.353105902147266004e-01 5.936453173301973196e-01 6.165941399589556227e-01
5.505962099514862818e-01 5.661729399314383571e-01 5.919732255612741856e-01
5.665748131481971317e-01 5.252018392681954140e-01 5.382917704388715530e-01
5.870816313482475346e-01 5.478455188449828928e-01 5.181065985231897431e-01
5.728046994600693997e-01 5.322419662993811418e-01 5.717714374659865761e-01
5.897378001460336083e-01 5.563201852004886483e-01 5.560610006347848078e-01
5.600501036261825716e-01 5.803631381403968614e-01 5.608685765684386926e-01
6.139418561748468672e-01 6.325643231215002382e-01 5.648988020957739220e-01
5.394645708498024828e-01 5.588790300049283344e-01 5.602140940385200718e-01
5.437316139676496851e-01 5.622554756203581583e-01 6.003959483440164391e-01
6.018184656961015344e-01 5.873455944075192114e-01 5.731484733838698720e-01
5.424984967005005432e-01 5.993914766278032324e-01 5.923767484512393322e-01
5.498580115227931220e-01 5.673434178067832123e-01 5.569298944090476100e-01
5.139242178651369786e-01 5.811284437738775122e-01 6.432551561416725017e-01
5.085705554411933393e-01 5.730974449932858539e-01 6.730735469181486907e-01
5.822862089875655567e-01 5.515649774794206817e-01 5.212439423112487091e-01
5.869431235293017801e-01 5.592724759536717993e-01 5.226222961686038948e-01
6.009551699754701604e-01 5.849331883354725869e-01 5.356878524386150531e-01
6.192124192676005112e-01 6.073731356676399518e-01 5.177425686401233573e-01
6.070462595387349225e-01 5.932221192149228495e-01 5.717879557609192309e-01
5.824424639699609108e-01 5.789186484374190256e-01 5.653338424081317815e-01
5.167075016319752079e-01 5.541566480195819766e-01 6.560936929686451702e-01
5.323610183445411925e-01 5.597443250298964612e-01 6.271163819806413464e-01
5.544539646042981884e-01 5.818511980902313363e-01 5.789161971549577901e-01
5.411656167124236916e-01 5.508431364097583494e-01 5.786247846279491958e-01
5.423967586018307863e-01 6.292351485957932145e-01 6.632742420122760274e-01
5.561150299356443227e-01 6.345964671862999174e-01 6.509753259349269072e-01
6.331273932110629277e-01 6.563787312072902891e-01 5.677709776040983369e-01
6.483322678909630987e-01 6.569195237060093673e-01 5.591410535920090519e-01
5.529684058031675287e-01 6.055304644613138665e-01 6.233926248753779431e-01
5.348989830329268225e-01 5.584160972044314164e-01 5.530335401981311128e-01
5.806071319480827775e-01 5.671390099516205874e-01 5.994512329375751847e-01
5.460016202044792877e-01 5.970980322181383970e-01 5.792029524967333698e-01
5.328820974161546653e-01 5.893195681459812985e-01 6.043496825659193661e-01
5.306777412461909371e-01 5.522411214728347728e-01 5.683528878010118968e-01
5.190687111806062681e-01 5.800119176171832924e-01 6.306844302344898345e-01
5.010138811949647053e-01 5.657888681869972514e-01 6.777213354152773483e-01
5.565719039460367279e-01 5.313060354386154316e-01 5.186402641981074924e-01
5.615389152134959705e-01 5.378947771815165702e-01 5.226085372939845985e-01
5.766409913699895862e-01 5.513350390631139852e-01 5.188208979099839802e-01
5.793111957093797226e-01 5.551765920794030640e-01 5.269265788218248092e-01
6.042646748444550076e-01 5.952349633657569861e-01 5.269031309106154692e-01
5.819781744643583998e-01 5.706229482822329224e-01 5.981289778543198432e-01
6.368909054409321868e-01 6.601239161964752578e-01 6.327849966850334074e-01
6.915324956918746935e-01 6.463641724168965874e-01 5.550926881716549133e-01
5.776866436595520238e-01 6.276485056030365328e-01 6.609355720921363808e-01
6.154478839757622222e-01 5.850714051298316898e-01 5.971222877364869008e-01
5.597625340258356452e-01 5.904704583264396289e-01 6.584559516838980331e-01
5.778513921005724585e-01 5.801242328886122568e-01 6.450322908890505635e-01
6.034390303806009825e-01 5.733418660151624602e-01 5.517792550097539994e-01
6.264469069470338658e-01 6.469283573520498987e-01 6.474172018957904395e-01
6.631076558573721913e-01 6.690024328788726216e-01 6.088082536880425888e-01
6.875808012309698736e-01 6.420974448993806982e-01 5.569308897105549327e-01
5.726023081442813689e-01 6.257029305088365190e-01 6.615270645277865347e-01
6.196864225405248616e-01 6.406656468560054662e-01 5.600000000000000533e-01
6.561753213062923029e-01 6.567139995284446696e-01 6.074399170877623488e-01
5.776871224165140983e-01 5.736162150613064448e-01 5.877927688981837706e-01
6.968892772502429667e-01 6.572109524315454809e-01 5.426936128940296200e-01
6.049479414296914381e-01 5.477427289179702674e-01 5.473342793666120532e-01
5.692044856519766771e-01 6.132385312218925355e-01 6.274999999999998357e-01
6.052130840738434436e-01 5.438771105906490266e-01 5.875573769946516034e-01
6.348689681675923069e-01 5.831327278692042260e-01 5.642008793956526658e-01
6.613488093130214240e-01 6.224171835229092009e-01 5.316002210988688415e-01
5.548055599805701288e-01 5.988747079411134155e-01 6.469020259924304073e-01
5.616972456021583904e-01 5.922566255097665433e-01 6.420467785078248779e-01
5.686269853539970276e-01 5.850472218838874694e-01 6.366676470578809255e-01
5.833983518146466096e-01 5.876350267213786838e-01 6.163075734418972385e-01
6.154624143333488062e-01 6.387237645698915500e-01 5.600000000000000533e-01
6.140416464476953218e-01 6.228065673201642616e-01 5.568525028702271396e-01
5.946887064218040475e-01 5.814806829319574266e-01 5.753334436220565173e-01
6.458870279363840838e-01 6.522767654980027308e-01 6.121712908879829440e-01
6.029077843723161800e-01 6.640307978496439167e-01 6.467120343466508103e-01
6.196478099936572059e-01 6.568102184683480838e-01 6.344241366871268273e-01
5.802049870556313937e-01 6.019272919753568818e-01 5.847369036409686416e-01
5.924574078040830694e-01 5.696569773339145160e-01 5.664137915712743609e-01
7.043310443731126691e-01 6.725796589366862532e-01 5.197314419642969918e-01
5.700527390042720022e-01 5.678763583810174653e-01 5.841042009436744342e-01
5.648044345140807998e-01 6.111509970532436054e-01 6.275000000000000577e-01
5.709754480147061217e-01 5.739049052875567769e-01 6.174501807729211311e-01
5.869764333919245125e-01 5.958017495787492068e-01 6.287693715087372404e-01
6.148476491741532435e-01 6.408281370038948488e-01 6.207009244286821881e-01
6.072199418417889571e-01 5.567098890195526506e-01 5.717053480925868847e-01
6.327876963661712706e-01 5.902329454048956814e-01 5.518485583036409903e-01
6.669775434054603380e-01 6.338033474465385453e-01 5.150546786345825412e-01
6.003789192816429976e-01 5.833781271889839637e-01 5.967398049546343008e-01
5.626672456955161827e-01 5.450308838318048688e-01 6.032523619109801949e-01
5.660563712520564339e-01 5.414727275894322123e-01 5.842343998170435038e-01
5.829037629020542566e-01 6.581916211770260094e-01 6.619233083459109546e-01
5.974922033800189602e-01 6.502795814072350744e-01 6.521326385241041912e-01
6.417773214646473878e-01 6.467790513214428660e-01 6.144474604731922085e-01
6.414232396913985834e-01 6.559310991108902034e-01 6.122487122287716410e-01
5.831162765413820948e-01 5.990160239914301687e-01 6.484733759949328213e-01
6.499586722230332736e-01 6.177320846351531669e-01 5.282096712018650164e-01
5.977821813856526445e-01 5.821279722861791850e-01 5.949062590247118365e-01
5.622791557019271025e-01 5.481467366356880255e-01 5.986760640531396671e-01
5.979604138285188331e-01 6.515288543151999123e-01 6.497180775660703622e-01
6.339114438376399763e-01 6.374097679261108151e-01 6.209361904988769387e-01
6.545525600689525714e-01 6.689900621574402795e-01 5.907484761447550081e-01
5.863548477300813966e-01 6.044818143928570864e-01 6.411844589678427075e-01
5.788792047240399752e-01 5.636794392360507944e-01 6.137001826726125042e-01
5.710955948351846834e-01 5.536501991504153564e-01 5.617982051834036206e-01
5.961062141263950842e-01 6.528306059477184675e-01 6.432657960706706923e-01
6.311657158506340792e-01 6.386640490939015091e-01 6.150449287158576972e-01
6.513947458391582401e-01 6.654495158460844717e-01 5.912564027396037813e-01
5.832329756951863953e-01 6.035530876060726246e-01 6.364128158399082746e-01
6.386267312114326522e-01 6.140591246270954429e-01 5.287143882725563460e-01
5.848266329769455929e-01 5.791956841652474708e-01 5.954601008464254219e-01
5.586102454548756979e-01 5.573352045104057462e-01 5.794525537024132200e-01
5.651074971179894657e-01 5.570330975614354863e-01 5.557110449106766881e-01
5.984826549625813508e-01 6.635052803568174395e-01 6.262698144296031666e-01
6.354628875744313676e-01 6.535901892902220567e-01 5.993489825857470921e-01
6.490810518265580642e-01 6.741951916665215316e-01 5.797856984269799119e-01
5.876531746884579022e-01 6.163850548422935560e-01 6.207593547424842262e-01
6.180773828546726190e-01 6.467021800350325478e-01 6.100439115778613086e-01
5.555676555586572807e-01 6.059821665836595539e-01 6.043990410080294362e-01
6.042770290684004175e-01 6.019758585728192113e-01 5.599072018560536934e-01
6.280233613232524270e-01 6.534875221302798298e-01 6.016655051511444752e-01
6.027194932011412654e-01 6.021449048893198208e-01 5.534493681564738310e-01
6.238453028021440083e-01 6.592724078729865766e-01 5.994582897133271526e-01
5.686372176671896650e-01 5.841530433665091948e-01 5.551842101900718029e-01
5.863968463620228277e-01 5.468049531421818044e-01 5.151454864213859119e-01
5.889952920558022553e-01 5.492735926086937948e-01 5.607034747540230457e-01
5.935048153486686129e-01 5.976200858693787588e-01 5.610801175430925047e-01
6.359875055503710906e-01 6.674809628653156635e-01 5.762460807002932617e-01
6.654627451818476702e-01 6.712944412170895880e-01 5.525320353133799101e-01
5.472366122367878782e-01 5.649237913373413855e-01 5.747648812916621441e-01
5.764688753230511331e-01 5.434432644095040787e-01 5.188094480243353734e-01
5.721427329748451918e-01 5.380774919477672169e-01 5.703430778266810330e-01
5.385937337696801164e-01 5.830695412788358123e-01 6.205154192556326942e-01
5.703268716698624008e-01 6.159723283624182200e-01 5.577505879543026568e-01
5.518652895444117190e-01 5.710683971495752465e-01 5.662047186011577304e-01
5.975971995077845600e-01 5.700633493391920048e-01 5.074201279908078233e-01
6.111155976480909802e-01 5.961952547790242418e-01 5.287484557543701280e-01
5.312948768236935848e-01 5.772687835171191884e-01 6.258320203003603366e-01
5.667745321336719044e-01 6.135469516349354446e-01 5.580362275791530546e-01
5.304383986676409757e-01 5.502852212621158756e-01 5.894070092356060719e-01
5.688888881574631906e-01 5.430426497514402318e-01 5.255477982343944587e-01
5.157659126125166971e-01 5.805884850912785833e-01 6.357959565918679390e-01
5.658034111206181604e-01 5.383569716171823227e-01 5.414628939412172715e-01
5.655692974688808494e-01 5.403905503361328133e-01 5.712942680495914916e-01
6.045380386460137423e-01 5.927276648769864709e-01 5.315008331351369630e-01
5.418659822265315951e-01 5.704302399238240229e-01 6.107982542392821346e-01
5.562097117460155227e-01 5.639193326260657502e-01 5.989869687871978154e-01
5.246508466215556998e-01 5.532778500912959307e-01 6.472010595842581093e-01
5.476400756799938430e-01 6.278930010570491493e-01 6.599989071852668809e-01
5.877832848938394639e-01 6.483429751415893394e-01 6.116197463483316055e-01
6.301540339633435739e-01 6.677829053392030367e-01 5.673423906815658890e-01
6.407438422011202395e-01 6.523469625542583916e-01 5.684330129836138168e-01
5.250705659741811138e-01 6.068621953582022943e-01 6.565430550368180906e-01
5.440548596833506556e-01 6.065130970248636677e-01 6.350756240685053733e-01
5.125357324427595174e-01 5.765673132055425532e-01 6.409033995034548736e-01
5.859165620485839998e-01 5.724743565643759524e-01 5.906378682321704598e-01
6.296060596073834725e-01 6.358898901754724831e-01 5.554384045131339764e-01
5.579781659271019212e-01 5.305366700706215521e-01 5.304176729788492306e-01
5.758675319338020238e-01 5.512300737497345393e-01 5.511227122540822698e-01
5.994125390990306945e-01 5.867107559265247740e-01 5.389040959536933739e-01
5.751230274732288539e-01 5.587073299377300906e-01 5.936490212653515730e-01
5.200184598121285751e-01 5.526910046395840936e-01 6.458975853092013830e-01
5.426229835564910786e-01 6.239671010219914882e-01 6.645235700440049742e-01
5.806392528696768807e-01 6.457148668773998734e-01 6.143133420777526776e-01
6.419207395519440640e-01 6.587919828689584589e-01 5.619706077349690965e-01
5.097530877234225377e-01 5.751913159503809769e-01 6.406709100486425168e-01
5.640750622999050057e-01 5.424369144670856402e-01 5.108213233277825172e-01
5.723835349354436941e-01 5.506958490546401963e-01 5.487906798049766444e-01
5.947470023196648192e-01 5.832760614575631664e-01 5.352064353913728034e-01
5.795221525505073190e-01 5.647239443593971009e-01 5.900336090300758451e-01
5.721422922742629424e-01 6.164505929664528816e-01 6.500000000000000222e-01
6.060819960614923785e-01 5.909879321411709574e-01 5.525135696852513378e-01
7.303440048852906097e-01 6.872895199360923302e-01 5.594333438999081753e-01
6.073963822453211092e-01 5.434141086199451021e-01 5.873355068481493912e-01
5.954750184840980065e-01 6.079802456383334164e-01 6.493555406417417242e-01
6.050136156624326134e-01 6.160936900682887352e-01 6.403223441302619001e-01
5.643538179269002031e-01 6.117121198909070134e-01 6.500000000000000222e-01
6.190289232301537936e-01 5.980538183034372901e-01 5.942708776611314025e-01
6.260814647266189636e-01 6.440153241971000586e-01 5.600000000000000533e-01
7.294340647520267673e-01 6.865612777123187849e-01 5.583675391064627513e-01
6.153057944184264771e-01 5.462511204264671738e-01 5.764819617472869417e-01
6.034105283184422186e-01 6.142943197749837214e-01 6.417509643773318118e-01
5.609549493432859357e-01 6.095399733041707568e-01 6.500000000000000222e-01
6.145569979844522912e-01 5.940853325239097149e-01 5.987078040309471438e-01
6.233529170353983018e-01 6.426016363843302104e-01 5.600000000000000533e-01
7.260258247803437204e-01 6.864111378499079263e-01 5.582945435085341357e-01
6.039705866963556158e-01 5.342371723933965200e-01 5.913803844037205382e-01
5.985469745122271590e-01 6.079466641946700278e-01 6.495178533590875158e-01
5.590639944228869007e-01 6.083470629268250551e-01 6.500000000000000222e-01
5.960743982495676496e-01 5.298792961624355646e-01 5.448631498739113788e-01
7.335185801024723951e-01 6.987483712988894480e-01 5.412708094024551997e-01
6.015838478439464732e-01 6.156646542715745740e-01 6.357676266325831271e-01
6.081998730539143194e-01 5.505552647999414351e-01 5.970669604086207283e-01
5.947508048546957804e-01 5.314922835321200800e-01 5.515212834926037644e-01
6.028670448920874225e-01 6.171372534930190668e-01 6.327622671957252587e-01
6.070210333747168008e-01 5.532447468160177628e-01 5.941564206756572153e-01
5.739682645947141726e-01 5.716147111212771526e-01 6.400701476548805724e-01
5.591615020719959972e-01 5.945851050475240429e-01 6.468000214455323915e-01
5.770189347955113623e-01 5.843323438259638847e-01 6.310478996014379227e-01
5.784103302207773689e-01 5.178125452064029632e-01 5.586980185524265119e-01
6.098304818206240485e-01 6.096231731833938738e-01 5.576155459450510277e-01
6.129597858955826428e-01 6.646768091096559861e-01 6.371614948924436694e-01
5.781279860812250648e-01 5.775994236684862670e-01 5.880074214994787107e-01
5.898451058176400474e-01 6.020905234780837834e-01 6.493642033533542079e-01
6.104302024096792678e-01 5.609961521455432143e-01 5.782254109753075522e-01
5.572565187414199039e-01 5.939708145461838340e-01 6.436176686221763976e-01
5.750021856364275763e-01 5.834982435897471120e-01 6.320084512639585483e-01
5.926260419083653197e-01 5.371810123533637960e-01 5.286756977200706142e-01
5.728318279109709810e-01 5.733658157859238269e-01 5.920129319305028615e-01
5.822948775489614759e-01 5.962948382364251509e-01 6.566117440909849945e-01
6.097481263200554835e-01 5.660127830294109375e-01 5.765303149521083803e-01
5.722242954544872751e-01 5.736586317695657744e-01 6.328031521865707942e-01
7.387621462309093001e-01 7.205803710363321013e-01 5.168995959184269351e-01
5.684021059599864145e-01 5.696368172841571598e-01 6.366907419647397370e-01
7.366480238858035268e-01 7.181187856038478978e-01 5.177613524783616361e-01
5.731339280285921989e-01 5.771799348467891999e-01 6.225840411135378227e-01
5.729847392999617428e-01 5.791153697328522698e-01 6.220264754602149448e-01
7.170048661620278541e-01 6.981608982463461954e-01 5.314096400767032158e-01
5.820492520588113061e-01 5.737658059328145654e-01 6.089638601240154880e-01
5.956558288335107587e-01 5.916744987645584652e-01 5.888321773183397001e-01
5.715064169061104815e-01 5.858971485975845717e-01 6.076645556436506279e-01
5.717785760293474517e-01 5.902933487887112030e-01 6.023902855353375774e-01
5.660700019550317652e-01 5.720860512953087618e-01 5.509350335200008386e-01
6.144764431235331115e-01 5.719950612573010407e-01 5.235156850293831710e-01
6.270168400539086750e-01 5.817700070572006110e-01 5.117598426866206696e-01
6.282725439294256642e-01 6.450701372439270331e-01 6.043549337762307294e-01
6.249479295367703635e-01 6.356097563791978100e-01 6.132831126603837113e-01
6.306754582681342036e-01 6.414855682051592289e-01 6.000573988215696097e-01
6.331052470554517919e-01 6.488707044140743507e-01 5.927480114666344724e-01
6.235913732953406452e-01 6.637064823093383747e-01 5.914972237633437935e-01
6.357374172512162414e-01 6.550931908353025968e-01 5.873992818223006118e-01
6.630402152820040751e-01 6.451042744689788888e-01 5.290084348849257712e-01
6.177023831066362769e-01 6.595819476744874121e-01 5.958317807811608358e-01
6.248739776338446683e-01 6.444236689206028768e-01 5.947355447665236827e-01
6.588650993860794003e-01 6.461653398055144937e-01 5.265078485148287912e-01
5.588821388269975543e-01 5.228432085791319128e-01 5.325001053252229610e-01
6.237512162201079846e-01 6.682748956177880784e-01 5.833639694633893091e-01
5.393685311056592990e-01 5.974659294746210714e-01 6.046419682340452573e-01
6.552362114977732244e-01 6.444035344694987177e-01 5.279202798993026802e-01
5.445497404152783716e-01 5.093582328885535304e-01 5.500078925696246790e-01
6.184543849133571358e-01 6.638129187651237162e-01 5.864558537534978466e-01
5.372740937664254313e-01 5.961478432055321575e-01 6.049809665402811065e-01
6.554890819610794672e-01 6.481010642910668418e-01 5.245972235323776989e-01
5.488986176588955823e-01 5.161771925930018767e-01 5.393081878066550150e-01
5.340456460031278718e-01 5.937234665605009010e-01 6.064062413214978964e-01
5.564618839449908538e-01 5.274416332255591477e-01 5.260658607923255348e-01
6.060708983236510194e-01 6.524916314734089395e-01 5.984463887706036322e-01
5.311821158496470296e-01 5.910566474582480412e-01 6.090088022716038108e-01
6.414596012201507769e-01 6.385902935403418024e-01 5.304603029701582262e-01
5.107322145854744644e-01 5.837999658936614544e-01 6.460743623025085869e-01
6.066754376832973472e-01 6.548951235386754055e-01 5.967701962227758283e-01
6.122626492174197965e-01 6.371648268539807924e-01 5.968446678136118955e-01
6.378522063320555269e-01 6.370262636792070055e-01 5.304851344808563240e-01
5.779351592673137583e-01 5.586023117350936706e-01 5.547035778837900999e-01
5.372153741514155145e-01 5.512178711671501530e-01 5.512335344547483196e-01
6.050550554021939531e-01 6.569103628782639870e-01 5.893694703800809176e-01
6.152591645545527621e-01 6.422389201302198813e-01 5.892276226029137254e-01
5.263728914258800629e-01 5.854598463688920340e-01 6.156087205216465019e-01
6.298231566804398662e-01 6.307148788756854474e-01 5.410080563689116939e-01
5.836669370257646650e-01 5.587097822609816689e-01 5.035000694184706971e-01
5.791187789782868967e-01 5.593327553240223793e-01 5.554055851890928874e-01
5.683090592363446714e-01 5.449074004510834346e-01 5.452316026993342390e-01
5.775924318080281061e-01 5.606296912255664955e-01 5.571643712018478078e-01
5.288669534108063619e-01 5.475540296392340522e-01 5.582949825367241603e-01
5.790925633188304111e-01 5.584264726844240245e-01 5.236955210600595656e-01
5.754844730821471188e-01 5.596460199325470342e-01 5.513039008768612081e-01
6.513192703567060038e-01 6.053547506391295796e-01 5.569995427598852800e-01
6.361838201177221208e-01 6.487751375745773874e-01 5.600000000000000533e-01
6.341154365040339025e-01 5.845200524471709791e-01 5.799636022361653875e-01
6.586149581883584680e-01 6.063670984271793962e-01 5.501883550960037228e-01
6.599448283499425028e-01 6.080503385747920708e-01 5.476633902606772297e-01
6.590668321461982115e-01 6.079134254633302703e-01 5.475211851281658326e-01
6.571688382922556970e-01 6.067387578290277528e-01 5.495935502271045436e-01
6.564223385138445721e-01 6.077963918751870809e-01 5.472694625652657630e-01
5.904408304077881642e-01 5.708344480250019393e-01 5.775484576846149354e-01
6.252573294545081817e-01 6.483779803842133482e-01 6.412908917977453438e-01
6.588642616590015821e-01 6.123456656891081984e-01 5.418407603665178485e-01
5.714762338371123240e-01 5.966535989689489838e-01 6.283117705312063483e-01
5.648654393210245095e-01 5.904957802960117963e-01 6.358362394633807479e-01
6.148541122918123047e-01 6.409051593526315926e-01 6.463171911322900254e-01
6.164739638684374468e-01 6.428278408286804968e-01 6.403415794412858908e-01
6.176676421693297891e-01 6.443034798933333640e-01 6.378742449253974600e-01
6.160395035944552511e-01 6.431380579146457332e-01 6.383070797844537791e-01
6.142522138078797544e-01 6.399275982605896473e-01 6.389998129502568736e-01
6.103812660428933334e-01 6.356169311355378548e-01 6.438691292335760874e-01
6.335291157326472522e-01 6.116311139686573251e-01 5.341209339210251095e-01
5.893331328863099516e-01 6.245908263894318635e-01 5.600883229811782771e-01
6.326437929447739084e-01 6.073078379416331218e-01 5.376330536126905368e-01
5.881691925657878128e-01 6.234157436447588241e-01 5.602975839182455786e-01
6.398650930494693689e-01 6.125066736455984095e-01 5.288083124892281051e-01
5.873362530475283450e-01 6.227204224499488516e-01 5.603874993279417405e-01
6.357882621623034414e-01 6.066079339047266705e-01 5.312193584483675401e-01
5.866043354460965809e-01 6.222950612859486919e-01 5.604350630775056796e-01
6.223820910119022276e-01 6.013940310757418528e-01 5.316963949605879591e-01
5.564773751675136104e-01 6.424643014699781274e-01 6.646930594413292814e-01
6.261411059385860733e-01 6.074270922077924517e-01 5.262174921037188202e-01
5.559765141817660794e-01 6.437730305985053247e-01 6.621637208123325458e-01
6.265275327783438319e-01 6.108352334208712042e-01 5.228625919355278651e-01
5.555013834690036845e-01 6.449154961524143914e-01 6.604487724495446965e-01
6.263658812303140033e-01 6.143377200187890574e-01 5.187973817596179815e-01
5.556889522977424001e-01 6.466510111319474507e-01 6.577469637852304540e-01
6.087489923748992116e-01 5.973376926894230499e-01 5.375469440045832492e-01
5.545132628032856115e-01 6.483206900431661701e-01 6.510052626945312948e-01
5.930391378952242221e-01 5.653779099840426925e-01 5.236114470412903676e-01
6.049592818919805604e-01 5.946126597676503200e-01 5.406025988478238009e-01
5.521614297731118892e-01 6.457592720929524743e-01 6.540262980293165551e-01
5.894174937194733843e-01 5.619404856092310441e-01 5.306234525700499471e-01
6.055262343627323407e-01 5.966193301657389814e-01 5.394214231807977766e-01
5.497877461714193448e-01 6.434902059165591437e-01 6.576001550507928339e-01
5.726664687849969404e-01 5.458636214841573464e-01 5.507891276022411908e-01
6.075057817130363746e-01 5.999906215301171741e-01 5.357663112881080325e-01
5.457266171163949187e-01 6.383530782404974735e-01 6.629002169745683570e-01
5.593313012812939355e-01 5.319892360963562883e-01 5.662386120685156676e-01
6.047911003182948608e-01 5.978460651455630437e-01 5.371714487520496961e-01
5.447273517081562266e-01 6.362331248696524444e-01 6.656187744152439745e-01
5.658846359749579724e-01 5.395358265269954989e-01 5.548047356152668863e-01
6.010195039623712487e-01 5.948889222142802469e-01 5.405562450714824774e-01
5.442234669839270955e-01 6.354073995332633062e-01 6.666612526554425155e-01
5.639874418963554126e-01 5.382732871279110043e-01 5.554216193683558789e-01
5.968548954299439657e-01 5.884396478843428868e-01 5.451962530531496709e-01
5.632120824398024750e-01 6.099564137288142618e-01 5.606906571826297814e-01
5.946476421455788586e-01 5.858143799602489876e-01 5.475354943295405175e-01
5.927656786449697623e-01 5.831636278346462587e-01 5.499546040259226665e-01
5.585974211477103823e-01 6.054010028577456737e-01 5.654337808220052386e-01
5.910788823760387833e-01 5.652698600652794614e-01 5.177927857994442107e-01
5.932999549346172907e-01 5.840298079967090050e-01 5.487277075448200314e-01
5.575410603431245615e-01 6.040717270225789415e-01 5.680189644782738245e-01
5.854838895692260348e-01 5.610170772961891039e-01 5.257040501133227739e-01
5.939947788794524008e-01 5.855725564230893632e-01 5.472964190385888328e-01
5.554128675894607348e-01 6.024685305190136120e-01 5.694456359455528638e-01
5.974610085071553334e-01 5.897025119741411414e-01 5.419624108182695688e-01
5.545961655365714282e-01 6.019898437531397972e-01 5.692183725243066261e-01
6.072852234357902779e-01 6.003269508779103258e-01 5.290051840310900921e-01
5.545347036860412970e-01 6.026272315540288638e-01 5.676678064823987846e-01
6.142946665298554265e-01 6.070890310649772470e-01 5.159746598780124982e-01
5.559081593475302396e-01 6.056424195543517186e-01 5.625613147730784691e-01
6.052644996283991219e-01 5.452293510308136026e-01 5.294327628708010991e-01
6.087395511665313341e-01 5.482474839789875931e-01 5.259537529265490008e-01
5.917362845659048798e-01 5.898901461160193094e-01 6.197084719425974830e-01
5.926686736727171390e-01 5.918330117957172343e-01 6.184177337664044094e-01
5.867546638509728574e-01 5.425140527277894087e-01 5.111851684467716428e-01
5.949820643183270086e-01 5.484692378843450955e-01 5.010207488911262441e-01
5.962797221600935060e-01 5.494183899581384090e-01 5.034785040345676199e-01
5.951961591071848190e-01 5.467166437251786970e-01 5.053399895358379190e-01
5.801035761714828931e-01 5.304897322295472062e-01 5.266747349589905314e-01
5.944980219427902224e-01 5.434382169736463597e-01 5.062595482126560631e-01
5.939180934865763151e-01 5.416568619429776854e-01 5.074177697400595877e-01
5.796862641722221321e-01 5.252986634388299159e-01 5.325060713200608919e-01
6.709497347406847556e-01 6.564158310112127026e-01 5.607096303153640271e-01
6.719459116827515288e-01 6.602535976770548265e-01 5.571646645760084393e-01
6.720561251001215819e-01 6.617530342708093372e-01 5.556824982010916125e-01
6.704916160000953251e-01 6.605190201245497716e-01 5.561427636461537816e-01
6.688195277393051974e-01 6.594602694825556499e-01 5.578419465065278526e-01
6.688935368086769140e-01 6.614196195116202048e-01 5.560740225933236136e-01
6.666424652189316680e-01 6.594201963330952321e-01 5.578405248498493618e-01
6.605254941319348427e-01 6.534024340738532333e-01 5.634383832099297829e-01
6.595025414765751659e-01 6.552926878934661747e-01 5.584348592421035651e-01
6.595423170424815629e-01 6.558997166609642493e-01 5.587933279313097579e-01
6.571231856186203757e-01 6.533855720443701998e-01 5.608903462556967812e-01
6.526727139422545676e-01 6.479926669740758705e-01 5.656376375868146233e-01
6.499312046514554853e-01 6.465709881931566150e-01 5.666651992534990079e-01
6.531762338528899203e-01 6.507055852567895649e-01 5.627757267764954552e-01
6.532109608599687700e-01 6.513139616137975096e-01 5.621047228623698988e-01
6.492983728055868875e-01 6.475728154545565829e-01 5.649632275416773819e-01
6.481157697720953959e-01 6.462641847082164492e-01 5.664363420305160712e-01
6.484508699042259572e-01 6.476316312993672941e-01 5.650837580295343665e-01
6.464263418831274199e-01 6.450973145936546027e-01 5.677005278839172275e-01
6.414187697626700935e-01 6.389562451426327172e-01 5.736709383069475976e-01
5.476158824003068970e-01 5.183325549467532323e-01 5.365936704480113173e-01
5.525485688150385544e-01 5.230909307336502057e-01 5.273679053881615841e-01
5.660338623549496795e-01 5.368954841042159476e-01 5.020687483766117509e-01
5.598369942946853639e-01 5.304370572762786562e-01 5.125643027078620184e-01
5.645522731361071189e-01 5.357751676374511440e-01 5.034929110963947130e-01
5.590106377660368775e-01 5.315005943923463150e-01 5.175716290548979526e-01
5.464169016747180141e-01 5.201591155637399488e-01 5.296260937775369992e-01
5.582821455087858542e-01 5.332671389252117145e-01 5.110232397089514711e-01
5.582753892547153152e-01 5.337896923195819543e-01 5.104059207866277204e-01
5.469873171178426530e-01 5.224775006328014060e-01 5.266989647517695827e-01
5.542930132720838010e-01 5.300917054910609938e-01 5.177873756854282083e-01
5.579363020837156961e-01 5.342113636239638197e-01 5.107940217307184172e-01
5.564975875900263214e-01 5.332085523400263982e-01 5.097491969311078730e-01
5.553993410434651112e-01 5.346603790566698544e-01 5.101401599066578418e-01
