5.504494795900369830e-01 5.709043634384032284e-01 6.235034743489266118e-01
5.546696917126180404e-01 5.693894582279026562e-01 6.250473428233470630e-01
5.519649895165663622e-01 5.628029948030591756e-01 6.314121764196156672e-01
5.571662673079648131e-01 5.663771547298794840e-01 6.242509801537801106e-01
5.646418238891749430e-01 5.738426954253388335e-01 6.082592746933236372e-01
5.626762524070421101e-01 5.704071045749867785e-01 6.150323624624294272e-01
5.593016947418828488e-01 5.659561791296294775e-01 6.171163498349041543e-01
5.666673209079448048e-01 5.735944489446245242e-01 6.085886960825438452e-01
5.663850343680574273e-01 5.713579296053055145e-01 6.068820025056620437e-01
5.600221103167701830e-01 5.628933002819815901e-01 6.182119797109099091e-01
5.515668985809708547e-01 5.516090820112862225e-01 5.881261303202648394e-01
5.499579517974414467e-01 5.466884079910711014e-01 5.934872778488351486e-01
5.459720201570118503e-01 5.406972460316297191e-01 5.983187958205206103e-01
5.436054362680891039e-01 5.353576235790942217e-01 6.041124335816705493e-01
5.371460903406413134e-01 5.274303967300760787e-01 6.115911097288478926e-01
5.381234474902695242e-01 5.277156278428948299e-01 6.096695378088964334e-01
5.425471549470300969e-01 5.320703322344231267e-01 6.032693251222821518e-01
5.442555949236597135e-01 5.336778817120323426e-01 6.003278167329801907e-01
5.416336698910294567e-01 5.313611766688566274e-01 6.016896459129618124e-01
5.978034312669567862e-01 6.265928855140984188e-01 6.436247162391846022e-01
6.189071147636788783e-01 6.480779462653768475e-01 6.102907402147736970e-01
6.107046648694509638e-01 6.400913538639587674e-01 6.200836553684505592e-01
6.075608316984109081e-01 6.354630835827456137e-01 6.249435330684240952e-01
6.238858969348684003e-01 6.540486328430751284e-01 6.015111080361043028e-01
5.487441730695673536e-01 5.736443977257559279e-01 5.846572085239210015e-01
5.501261612047577687e-01 5.595874771655446889e-01 5.843988472756389552e-01
5.572439025326560991e-01 5.658033093402001779e-01 5.782226711089680782e-01
5.500597104363710299e-01 5.596450051427681593e-01 5.909754690649862141e-01
5.560281680033944962e-01 5.952153518487346417e-01 5.767510929932656571e-01
5.514334890370147235e-01 5.651817833879160258e-01 5.936047000755840797e-01
5.728821082648969387e-01 5.836694463491876039e-01 5.741037151036207931e-01
6.112669537527896102e-01 6.312515823328767040e-01 6.063875424497611188e-01
6.028514887246241294e-01 6.404157221352273499e-01 6.142494312867090578e-01
5.963635681846838343e-01 6.268548209198512300e-01 6.239834459965336588e-01
5.553376897258534006e-01 5.540267290606685213e-01 5.871072434680187913e-01
5.478230778160806391e-01 5.383382201085543661e-01 5.847581854950025804e-01
5.437079174401022730e-01 5.483190148013721288e-01 5.973466595949290525e-01
5.400227788032857523e-01 5.368126124231386020e-01 5.907666735919319123e-01
5.333542889553066768e-01 5.442078536375170028e-01 6.146880267432673906e-01
5.383752539953815530e-01 5.523666546592522764e-01 6.272052928618522261e-01
5.642270606127454124e-01 5.758958127984789011e-01 5.647036933754268073e-01
5.579293227434614089e-01 5.703809049041707047e-01 5.739976472109429295e-01
5.518486412934955343e-01 5.669797119016679599e-01 5.801700424800486644e-01
5.458310975335484150e-01 5.651735400412513100e-01 5.838166380521276899e-01
5.342116941880290515e-01 5.823792540523738959e-01 6.254933933399628998e-01
5.274890940640769577e-01 5.781658956710317154e-01 6.395526040688077618e-01
5.377504128123224980e-01 5.277453454516354281e-01 6.107031067761050647e-01
5.413080799497972384e-01 5.311419260360202843e-01 6.084624718295134072e-01
5.412364096744259889e-01 5.316271450668570431e-01 6.094052823726412438e-01
5.343607119331926780e-01 5.268697851396001441e-01 6.149611532237516665e-01
5.345634352443583426e-01 5.277812432105368767e-01 6.158686230654641935e-01
5.339770228700551069e-01 5.288600964396464876e-01 6.156936371730605817e-01
5.306311650938398961e-01 5.273828742141299930e-01 6.183011791450789829e-01
5.248649389187856062e-01 5.238939049380931801e-01 6.229609934260118553e-01
5.695471640900240384e-01 6.491957542546364923e-01 6.204687499999999023e-01
5.650219999226897549e-01 6.465588396601712473e-01 6.289062500000000000e-01
5.688659953858038465e-01 5.760605078899725395e-01 5.636560115508248980e-01
5.619887973359750655e-01 5.684755286034574029e-01 5.787431171425277965e-01
5.807365845917313862e-01 5.897112662347254730e-01 5.598812140217496180e-01
5.741826067803178502e-01 5.821303603700563878e-01 5.716162921631068317e-01
5.712229583232910635e-01 5.747656046092299853e-01 6.321309064859941262e-01
5.871878057142678742e-01 5.806291416169117037e-01 6.250188016686143433e-01
5.896654604780380282e-01 5.822598195200037186e-01 6.228776920345177048e-01
5.913950022170931797e-01 5.824522927223558799e-01 6.217689192803832476e-01
5.932656890119871740e-01 5.625703914329697186e-01 5.708143963247648278e-01
5.890351578171744151e-01 5.575955806706656137e-01 5.973121744120546417e-01
5.936954930082178894e-01 5.612211657406600551e-01 5.895743018132909574e-01
6.015151371672232683e-01 5.699580118940413831e-01 5.750800108878383332e-01
5.907136940908275236e-01 5.804885766630409893e-01 5.776958578919864085e-01
6.114644442719354700e-01 6.014357260725265997e-01 5.450720527901069534e-01
6.391024864851865273e-01 6.313315718566343548e-01 6.026503702948140528e-01
6.295195180351608188e-01 6.234204527164030063e-01 6.147575208069968600e-01
5.881684993633038427e-01 5.681477785333710617e-01 5.751413037803031481e-01
5.885468031943446032e-01 5.691811776805031364e-01 5.753496391321977210e-01
5.890597539740302091e-01 5.840807295883602146e-01 5.950024954755940287e-01
6.161414141262063771e-01 6.372468236163657540e-01 6.418706265808958866e-01
6.077630708418424454e-01 6.041528859620104441e-01 6.539633405700329138e-01
6.293723492426379629e-01 6.316528069345245244e-01 6.485688892203629319e-01
5.895009086635017992e-01 5.593058776586904424e-01 5.930248944438012426e-01
5.924021749565143713e-01 5.626186341959200643e-01 5.927449583409251099e-01
5.896092170896757301e-01 5.621680999838252202e-01 5.961237489592342564e-01
5.804488613751592752e-01 5.565030717893122425e-01 6.046078273599767572e-01
5.778948428631952572e-01 6.066029399896784025e-01 6.207207784058180744e-01
6.071539576718166797e-01 6.702409691063192509e-01 6.303125000000000533e-01
6.024897960145828568e-01 5.939766464582527661e-01 5.700188045080649690e-01
5.972644835054665702e-01 5.895039214911034220e-01 5.765246650372524151e-01
5.294570623642832485e-01 5.649719698141688617e-01 6.192446053196170030e-01
5.318700932523532376e-01 5.637943762285531069e-01 6.101277145849779426e-01
5.326527138860073229e-01 5.618152191199398127e-01 6.083807387943921396e-01
5.318169717380036854e-01 5.587865799520344012e-01 6.122832001381193212e-01
5.294966386618029652e-01 5.548419635157121332e-01 6.163193694720463522e-01
5.402275491868495649e-01 5.633192085617845235e-01 6.058039229221738875e-01
5.460288597592212190e-01 5.698330844238121973e-01 5.939564862188909666e-01
5.522833662367165886e-01 5.749335289302102137e-01 5.831729366171969353e-01
5.268814776529108235e-01 5.315957277823878391e-01 5.995035851591526965e-01
5.229797574008976380e-01 5.258009108661192421e-01 6.057315028124805600e-01
5.213979939124743224e-01 5.237838425140530774e-01 6.064805545217824001e-01
5.245129802738582869e-01 5.258914815925603836e-01 6.034054904165082611e-01
5.233717170356850801e-01 5.245228286058805089e-01 6.032232922026112831e-01
5.195796874666418486e-01 5.199876273541330640e-01 6.069688626427504063e-01
5.213880317363701611e-01 5.192503979713135598e-01 6.088476759071430600e-01
5.217525894347714299e-01 5.194044014374049612e-01 6.072600578540796601e-01
5.197134951092214905e-01 5.161159971147963876e-01 6.104585909460934490e-01
5.144244014143630750e-01 5.094462711475177263e-01 6.174088124015847390e-01
5.237611762232176060e-01 5.202247808225123338e-01 6.002041111758583680e-01
5.275897830341875760e-01 5.266452868987797631e-01 5.882104544635289312e-01
5.666458803146449119e-01 6.214588560996231470e-01 6.444024605405219708e-01
5.638878110334006877e-01 6.142713263985991601e-01 6.454601731941760345e-01
5.771177104379974221e-01 6.127792087734570403e-01 6.386531360073801622e-01
5.965268953840141553e-01 6.348376361761093323e-01 6.020830070470974960e-01
5.085174580043853032e-01 5.460232406189093890e-01 5.999492241761692490e-01
5.080316655515135782e-01 5.285503834916078780e-01 6.143808842425242389e-01
5.251989978417178628e-01 5.471649956446582586e-01 5.805122077161697369e-01
5.438619056320699308e-01 5.686474681040638579e-01 5.496888020428940536e-01
5.177892562275244748e-01 5.553700466803282998e-01 5.912685592982243055e-01
5.146246765543402990e-01 5.473030664498241826e-01 5.976992676915504621e-01
5.185510976882694578e-01 5.397404340838035663e-01 5.990916047643440878e-01
5.255528674331326755e-01 5.462112227576759738e-01 5.807958847125168633e-01
5.523762383083780092e-01 5.885617684990297471e-01 6.247535975081176529e-01
5.145669197791047367e-01 5.353589500679494240e-01 6.004879282245519923e-01
5.227030073633056606e-01 5.678819930320023746e-01 5.927650584489805308e-01
5.213089072972501015e-01 5.628197917085911994e-01 5.947625656883475109e-01
5.487496494953303383e-01 5.790098299856327735e-01 5.641031484510972138e-01
5.401132036486572252e-01 5.635806834020959943e-01 5.796452630165056519e-01
5.584220613677304268e-01 5.828570132169246243e-01 5.494844927627238196e-01
5.488122864715466731e-01 5.760275385762740896e-01 5.566891636216158012e-01
5.628001791491050732e-01 6.124670166389306614e-01 6.315044261821414207e-01
5.719436516023576056e-01 6.220524582588899953e-01 6.150945057328690568e-01
5.692073769515700876e-01 6.120064408751444418e-01 6.211079800498158221e-01
5.736459515105559737e-01 6.134579058177024313e-01 6.214132581719852277e-01
5.248786757273077308e-01 5.714716251569534888e-01 5.843962011768033538e-01
5.321121451345707243e-01 5.823063080398367397e-01 5.923150118218060145e-01
5.210719808044012025e-01 5.423795686159437190e-01 6.468666655232861995e-01
5.568579506020843173e-01 6.033162964809527518e-01 6.235950624629034156e-01
5.659006958193288916e-01 6.064151169918851059e-01 6.190274376194674355e-01
5.746028100888430634e-01 6.285041556408015317e-01 6.198159038748111138e-01
5.743969101917573150e-01 6.191684718802481502e-01 6.263570818735666457e-01
5.119058564840163195e-01 5.502188109899628365e-01 6.030741460279014365e-01
5.243014435805470885e-01 5.647245945588443838e-01 6.032260946168503946e-01
5.223973889319677433e-01 5.205276896502668560e-01 6.006161724017317072e-01
5.270556765844300884e-01 5.265184112893558366e-01 5.957027683129070272e-01
5.235822129817238046e-01 5.266232552952849755e-01 5.967940566829587068e-01
5.143893569567613566e-01 5.213262328671596224e-01 6.042796897073362539e-01
5.193121743525475065e-01 5.405325589982179491e-01 5.886254253585134766e-01
5.212473904791354862e-01 5.430529979992361200e-01 5.932085994409929119e-01
5.354672110559628440e-01 5.552776696732604211e-01 5.917568180025249980e-01
5.411533140256200580e-01 5.619236241715527269e-01 5.923292531720432130e-01
5.196214367648219756e-01 5.427147717199665156e-01 5.935878799015048557e-01
5.468468459757306332e-01 5.728517410739901727e-01 5.592557994424487422e-01
5.907312900293584246e-01 5.877888404503925912e-01 6.039766450291867983e-01
6.061631273407732667e-01 6.011155688529917773e-01 5.876460920601520588e-01
5.652156041500958628e-01 5.678269226247001367e-01 5.770511190990752493e-01
5.796244356344605331e-01 5.805176977203423405e-01 5.624335747912037053e-01
6.380884382879514760e-01 6.478913998108314365e-01 5.715750077584917932e-01
5.551529659888316814e-01 5.494279399869493874e-01 5.802170998534617041e-01
5.652944286953126563e-01 5.724815585518323591e-01 5.960364514444613793e-01
5.898279534560052495e-01 5.949319129128098904e-01 5.628464728697860631e-01
6.097420118859893101e-01 6.254790334383985018e-01 6.306275553322473471e-01
5.758109315716842813e-01 5.790587759645373644e-01 5.694121050562168662e-01
5.770585648714480209e-01 6.532832870523563873e-01 6.387500000000000400e-01
5.815313514380671123e-01 5.838335841280326566e-01 5.898029068737745684e-01
5.529547200107851612e-01 5.898574252318358191e-01 6.154521865917257362e-01
5.781522078102011575e-01 6.542561526527489457e-01 6.331250000000000488e-01
5.709667055381992817e-01 6.071747746127698075e-01 5.788368495295728167e-01
5.630899676688000399e-01 5.942354651281788191e-01 5.953108088136078724e-01
5.523461065179235963e-01 5.772316200122113994e-01 6.139940415290168207e-01
5.434367126554658922e-01 5.505711185017264642e-01 6.305257527214318536e-01
5.472651282086101743e-01 5.454093795301319103e-01 5.891902756320445134e-01
5.403763905113718735e-01 5.350749975640618494e-01 5.979279884535604328e-01
5.461530970422300291e-01 5.419487634950389543e-01 5.732036809689937673e-01
5.825720128247057206e-01 6.432215085530046395e-01 6.325356029045158257e-01
5.780072828121027850e-01 6.301034453107307032e-01 6.464071902533093938e-01
5.662685522924661985e-01 6.012108374405918942e-01 6.698854944447907300e-01
5.733273814879401575e-01 6.204067839791035377e-01 6.516172913020505941e-01
5.718611373556986566e-01 6.180215223399621038e-01 6.509419785443333328e-01
5.768093224274856157e-01 6.225867674339078395e-01 6.461383416566021110e-01
5.737250704047927030e-01 6.168632338114523606e-01 6.523807309567553059e-01
5.698888864423802270e-01 6.017265785109706666e-01 6.647865197247943003e-01
5.920248762588481428e-01 6.277266344114068586e-01 6.310964161545958850e-01
5.314127196666730280e-01 5.602349576079593829e-01 5.861210803370364708e-01
5.349038062505903079e-01 5.516301079340648617e-01 5.889101990164087308e-01
5.377212617341016188e-01 5.499206110131307224e-01 5.861016739533879694e-01
5.509699071430987916e-01 5.607256854020208348e-01 5.641272209962331363e-01
5.790141696612177702e-01 6.097831548594782047e-01 6.094589661779650225e-01
5.301757788618665090e-01 5.427886763891199839e-01 5.920327587289606619e-01
5.354499626820282687e-01 5.421124176180394105e-01 5.736142744066800025e-01
5.322852729050562282e-01 5.692642896240635020e-01 6.066283939917667123e-01
5.445265538595230881e-01 5.748641113948435022e-01 5.846336511160782345e-01
5.516155072621689026e-01 5.713870990089929824e-01 5.786330987705294859e-01
5.523360938864509961e-01 5.685243752438179365e-01 5.777863983911674106e-01
5.645296381806612640e-01 5.761345155473257540e-01 5.659252582982332580e-01
5.785391733101505896e-01 5.945641622548235583e-01 5.910281649701134565e-01
5.446266704362835442e-01 5.588655588957738285e-01 5.895717301675280630e-01
5.616787451156566302e-01 5.735920728114261014e-01 5.573342054333232376e-01
5.379427725918888292e-01 5.486024454331931421e-01 6.257284342212888761e-01
5.618933193736590503e-01 5.703261648821972285e-01 5.862682249633969223e-01
5.624460398746849998e-01 5.954138185284829632e-01 6.005286349928493639e-01
5.550076550588958213e-01 5.686169550343616041e-01 6.122915144194596149e-01
5.569911996807747068e-01 5.748083271240732595e-01 6.195166433941206030e-01
5.693745944396959580e-01 6.033236945003450646e-01 6.148635909311220837e-01
5.697511489612250291e-01 5.800766325133678292e-01 6.244625249060165029e-01
5.824455687870200293e-01 5.731312369907225479e-01 6.154409675177761052e-01
5.668497002613521740e-01 5.620490612568663780e-01 5.820258901843528010e-01
6.338823790648936418e-01 6.631891803401480656e-01 6.199813579392271512e-01
6.656091191366310111e-01 6.742308742861468085e-01 5.947323954494109222e-01
6.680530675048528266e-01 6.725765446800920921e-01 5.920129489823323654e-01
5.650171423709611229e-01 5.616206950512031559e-01 5.991305403616250524e-01
6.052187116860306970e-01 6.115884517245295804e-01 6.240467961173975509e-01
6.283609193029775497e-01 6.290104230158843901e-01 5.975812167869345437e-01
5.950757700970296105e-01 6.636067142227333182e-01 6.275000000000001688e-01
5.866827628672647288e-01 5.815353869076149707e-01 5.796046770850756813e-01
5.595259114673087897e-01 5.913017185564380940e-01 6.213938078921488195e-01
5.752941434846826629e-01 5.680308904995963193e-01 6.075418233067965135e-01
6.127071784668426391e-01 6.734802377491577730e-01 6.106250000000001954e-01
5.888395194044871994e-01 5.801583115393015300e-01 5.677500708628577808e-01
5.856898192346030596e-01 6.582924838637284060e-01 6.443749999999999201e-01
5.769726622573488894e-01 5.819549225675534343e-01 5.927730104333797101e-01
5.600001352604339067e-01 5.703307190460810139e-01 5.580554093353669032e-01
6.575894402095578961e-01 6.826376878630008305e-01 5.709698703023592392e-01
5.451683703126668501e-01 5.483691887512787133e-01 6.019170834763608591e-01
5.762505618574907951e-01 5.856246087306165027e-01 5.608597531473243913e-01
5.686764771363347348e-01 5.780446509048128290e-01 5.753010406088563400e-01
5.645401275430267374e-01 6.462463642821825172e-01 6.443750000000000311e-01
5.444320991260089837e-01 5.652867123763032353e-01 6.223994343905764337e-01
5.539893341897919044e-01 5.611017907112697545e-01 5.790866139763749532e-01
5.457520179884487455e-01 5.424861783801361304e-01 5.972305129790915768e-01
5.445996757528825949e-01 5.369903371124850056e-01 5.941707224695425005e-01
5.829483425116692707e-01 6.455877233038768148e-01 6.339943049136754771e-01
5.820165152918723717e-01 6.293165650239309628e-01 6.370451825699765536e-01
5.741411714867303839e-01 6.155864226288421115e-01 6.574903189964296235e-01
5.355826583441485322e-01 5.612212065118485915e-01 5.907483595584541725e-01
5.647864515360051518e-01 6.004106254859090663e-01 6.323300089345951225e-01
5.696246405531275592e-01 6.148834370710075659e-01 6.148662080821875042e-01
5.887828709611547806e-01 6.212709568572384322e-01 5.948445252579278586e-01
5.302638977452704960e-01 5.573108786766750589e-01 6.155421180021294347e-01
5.585436335378008987e-01 5.764957751360193505e-01 5.791810853535617198e-01
5.564559475617374407e-01 5.985210027549422440e-01 6.122406844674954662e-01
5.464990143495368491e-01 5.860866029939214572e-01 5.932705598204283115e-01
5.395315330905309237e-01 5.651011277895214846e-01 6.132704439416424291e-01
5.412475768662412534e-01 5.605018400764929520e-01 6.171344171240907839e-01
5.667933643927258736e-01 5.864739070895192974e-01 5.720487683343223884e-01
5.357010865206747185e-01 5.375789611625743092e-01 5.770414740875086101e-01
5.352005822897727416e-01 5.434662016972691134e-01 5.534310893319299707e-01
5.665739168491206179e-01 6.211986113418176414e-01 6.479042794007914274e-01
5.718255913056546902e-01 6.239842500534104053e-01 6.439781523084118220e-01
5.734960357512381979e-01 6.212859208330786531e-01 6.415326406077341836e-01
5.643865111333629114e-01 6.054514086130253769e-01 6.608371452629930864e-01
5.812503318561803578e-01 6.209448405876110133e-01 6.369876071175964993e-01
6.024024432135424156e-01 6.466876454698298193e-01 6.010524894671978036e-01
5.188337603341058868e-01 5.480533008824322039e-01 5.898181430955233839e-01
5.472820061212368969e-01 5.702209016743479131e-01 5.451067828582856212e-01
5.352883107502921511e-01 6.014872153456573001e-01 6.436048608461094611e-01
5.672909710606484079e-01 6.153436101089803101e-01 5.960476731900985481e-01
5.964304434646556796e-01 6.333969349166949092e-01 5.680596598260250207e-01
5.365764289066247139e-01 5.689401199393053776e-01 5.807690386870166810e-01
5.668397619863630998e-01 5.903714238103058287e-01 5.347814982189433852e-01
5.649956218837861588e-01 5.996615032025209846e-01 6.441851523697091908e-01
5.854190941806534099e-01 6.095402585311752164e-01 5.921252037415439817e-01
5.697718607983671690e-01 5.681480030256949032e-01 6.410305305251752239e-01
5.702727137684877601e-01 5.394548699939737402e-01 6.064909330282004518e-01
5.870095201820259012e-01 5.563335050586710739e-01 5.680157194753959748e-01
6.449078885018834084e-01 6.533937523496036182e-01 6.337499085181721448e-01
6.777922443435748789e-01 6.773594629415286006e-01 5.943605096757398343e-01
5.945052440822506945e-01 5.882499772081353218e-01 5.781470828612600421e-01
6.134665638639343888e-01 6.737341250245921787e-01 6.162500000000001865e-01
5.942958123185919650e-01 5.799293441469082211e-01 5.684605400605151626e-01
6.000858472295056423e-01 5.908671935022060673e-01 5.833907280267243145e-01
5.736769366191331043e-01 6.006270861232805292e-01 6.057270631124165305e-01
5.621098589314791338e-01 5.662311084136383288e-01 6.419437721628036275e-01
5.513404639768773041e-01 5.263634145700167855e-01 6.158284912943606804e-01
5.647222679929631006e-01 5.428284995306109639e-01 5.783985805884078735e-01
6.167663300981294228e-01 6.302227015025605450e-01 6.531349552519658541e-01
6.483009055542303667e-01 6.603862851991350036e-01 6.065450798731616411e-01
5.720492842443013481e-01 5.719598212682225347e-01 5.925037597741104056e-01
5.787453863759723927e-01 5.707219367025863077e-01 5.725991297856808382e-01
5.771285055290708010e-01 5.732693798456556245e-01 6.074598014927542478e-01
5.465555164395725640e-01 5.269460553118394674e-01 6.091077707170314826e-01
5.790788397787619557e-01 5.822773545413338914e-01 5.937692326625043648e-01
5.816930141510980867e-01 6.191696121281262677e-01 5.684566231171425121e-01
5.606538968149706870e-01 5.653466879359284603e-01 6.212136466137671009e-01
5.633988838240794328e-01 5.643940846799270217e-01 6.147557296441440444e-01
5.473816440368683978e-01 5.307155213977264863e-01 6.048410554980229170e-01
5.449590501977861212e-01 5.275299023553436939e-01 5.930419889776268327e-01
6.225993395119323592e-01 6.460806821815849865e-01 6.258218702216968854e-01
5.805365722579466370e-01 5.874305698153174937e-01 5.776688412091972591e-01
5.888214732537773166e-01 6.410919622367934334e-01 6.347349283799635922e-01
5.892415114364621953e-01 6.226918692167360270e-01 6.349365354584620702e-01
5.873307882546969783e-01 6.294460092624498682e-01 6.381272957608524754e-01
5.605078692345663027e-01 5.860727322712833143e-01 6.200192664876387205e-01
5.673541797063450520e-01 6.181169163862876292e-01 6.602604400599287882e-01
5.801270500053130608e-01 6.152205754586799191e-01 6.449252677899941499e-01
5.725176535107014963e-01 6.155933736645967658e-01 6.500950614190166288e-01
5.591830347096681253e-01 5.837643462174274545e-01 6.144421615577387863e-01
5.310822664457326425e-01 5.546579662348553041e-01 6.356289924533102820e-01
5.460291477765886192e-01 5.554044148969595751e-01 6.186227139210185300e-01
5.383828788374126484e-01 5.415980432471544370e-01 5.910221000658018031e-01
5.438691913675046674e-01 5.437020346010588145e-01 5.657293100473300695e-01
5.690314508589093823e-01 6.409000019624244704e-01 6.433728136946281762e-01
5.855286820754642685e-01 6.411608152729522114e-01 6.214601142563319636e-01
5.825624081201301596e-01 6.290178738130555169e-01 6.333300587190567876e-01
5.889078123170075063e-01 6.299677920090842598e-01 6.266778330207023462e-01
5.280885246117557053e-01 5.446079359627535865e-01 5.983869077235592915e-01
5.642895945413415326e-01 6.006531418024688707e-01 6.207755201268098100e-01
5.349231509453131750e-01 5.689279729537067842e-01 6.110207122713655625e-01
5.428086236689094735e-01 5.612436206944906303e-01 6.046717132475438738e-01
5.296521619380656354e-01 5.340454011979040017e-01 5.663376741601010567e-01
5.662206982822669543e-01 6.465643084572035848e-01 6.315030111258570500e-01
5.790565503219622379e-01 6.390190268353337366e-01 6.206930855406507241e-01
5.846785208326105154e-01 6.370129835841128463e-01 6.163948240437540083e-01
6.003503943093596584e-01 6.483750423646824634e-01 5.999894263753010604e-01
5.714288803379078407e-01 6.111509460307047448e-01 5.982005628842012035e-01
5.921014487635036794e-01 5.816222223118483470e-01 6.110537323565496948e-01
5.908453157732487249e-01 5.816681916842789679e-01 6.120086305504497393e-01
5.661653898410214936e-01 5.681699940726022691e-01 6.148078972646262574e-01
5.624137082202738114e-01 5.629036020143332042e-01 6.151760700248943836e-01
5.384335072979370418e-01 5.941226073326014712e-01 6.170218099688339342e-01
5.335747189459212336e-01 5.441547835206976824e-01 5.990456792334420966e-01
5.845390879523194583e-01 6.529598187243723650e-01 6.208614640058923717e-01
5.660856880682288983e-01 6.011616739102769724e-01 6.696554639800543773e-01
5.567834701807058417e-01 6.020831739879631828e-01 6.312407354928408765e-01
5.213047451476581218e-01 5.420152609214313744e-01 6.390520374059893705e-01
5.309239576817954553e-01 5.464696524165462144e-01 5.856240778212981057e-01
5.812616288252944186e-01 6.146551956386516746e-01 5.824041967627520133e-01
5.564598689673360132e-01 6.072843987840026436e-01 6.137087505764259321e-01
5.234440236006047131e-01 5.461625181687550512e-01 6.367524638531177894e-01
5.266047981089307939e-01 5.404823188667028377e-01 5.946251722137245732e-01
5.616421852258497438e-01 5.952844508577714855e-01 5.942384921664908282e-01
5.695101799242594520e-01 6.443333883211492807e-01 6.484429514930227789e-01
5.568180944303270374e-01 5.927229792754964421e-01 5.967761085796375875e-01
5.585004088305141057e-01 6.036850879972632811e-01 5.742096006805914588e-01
5.229259673705518585e-01 5.207699000065094674e-01 6.067999299144196668e-01
5.703838408491791467e-01 6.102001589739900478e-01 6.498717880819699921e-01
4.937611950320205945e-01 5.968726015877858782e-01 7.135235187447337424e-01
5.845867955915458047e-01 6.124265559003531090e-01 5.610209884606767172e-01
5.774293597720185911e-01 6.022863893922519862e-01 6.209225588849913713e-01
5.181313539266073631e-01 5.161403729822653386e-01 6.071734721628632148e-01
5.827160578534484880e-01 6.282066993325834403e-01 6.256916589244478910e-01
5.138574194341296586e-01 5.119156226257445264e-01 6.112297040874576926e-01
5.718591055502850740e-01 6.154888606140986873e-01 6.391698916578900658e-01
5.093284693708247657e-01 5.044112567268405067e-01 6.214705645251905608e-01
5.772183119090534831e-01 6.217062979449230475e-01 6.317504411047230040e-01
5.978174607191897305e-01 6.099166347243100139e-01 5.682377868651723452e-01
6.010076750875708029e-01 6.606930024695470971e-01 6.459965648147115713e-01
6.048766632179276570e-01 6.694262707961228243e-01 6.050000000000000933e-01
5.406650556570804511e-01 5.306030448843220837e-01 5.973945035401431181e-01
5.703662706942783656e-01 5.712647289231902459e-01 5.957960664334753798e-01
5.734764421127127587e-01 6.215539887501511096e-01 6.502513971526436842e-01
5.738076589011004147e-01 6.224849203399824837e-01 6.463858311390993094e-01
5.295812710962379821e-01 6.259593906675345876e-01 6.500000000000000222e-01
5.072646380984628944e-01 6.830837492418594392e-01 7.707868926764810391e-01
5.649275136164040312e-01 6.179380264838199022e-01 6.505701876017740970e-01
5.653248419437518768e-01 6.176948692638215554e-01 6.489887738971725772e-01
5.448467025864731639e-01 5.893081811958230665e-01 6.490402110700257410e-01
6.592482673671974380e-01 6.973990558687210850e-01 5.600000000000000533e-01
5.739779225220770220e-01 5.691708004732596304e-01 5.706670392149431059e-01
5.341699627460368971e-01 5.803166909394200657e-01 6.584689237530128025e-01
5.408213773141054004e-01 6.348950836883723303e-01 7.360083402027625121e-01
6.312689253780535692e-01 6.402403299589506380e-01 5.776829714495808066e-01
5.861481406527934146e-01 6.095249805296127921e-01 5.449959280860231514e-01
5.103413493524995292e-01 6.232126504646979814e-01 7.150761252920374567e-01
5.815975413243402725e-01 6.051070861419965974e-01 5.462652722430435537e-01
5.114090828411859135e-01 6.246937750046297477e-01 7.174160175671306927e-01
5.793403788485150807e-01 6.549518129179420223e-01 6.500000000000000222e-01
5.539004668596405612e-01 5.380249331554212144e-01 5.637343162520340734e-01
6.676872112598107867e-01 6.747275919502710995e-01 5.760967607117758460e-01
5.789910075187966187e-01 6.548113258557578531e-01 6.500000000000000222e-01
5.542963671585552365e-01 5.374092396468787003e-01 5.651812827334329326e-01
6.682085487643927291e-01 6.749466634525935760e-01 5.812833051162730191e-01
5.785013086634687163e-01 6.545316108074730188e-01 6.500000000000000222e-01
5.489016982943291101e-01 5.329085661110714023e-01 5.733049355940673664e-01
6.533441806604728397e-01 6.620638055462474414e-01 5.946017757590145170e-01
5.751437857518705288e-01 6.524705358010561840e-01 6.500000000000000222e-01
5.408890517779357809e-01 5.302230175918901667e-01 5.794436220578336183e-01
6.453278975288707642e-01 6.595096919474142672e-01 5.989212002708330651e-01
5.799646313947705023e-01 6.144926425638859158e-01 6.348914884708357631e-01
5.820170601178555891e-01 6.159719339346675371e-01 6.330634680201758790e-01
5.873659107625242015e-01 6.233889378077819288e-01 6.212475941098505317e-01
5.854080081537070823e-01 6.211076107615928210e-01 6.239656567974783963e-01
5.906214393180209132e-01 5.851670229218860486e-01 5.966883285349686705e-01
5.988498777621192870e-01 5.937933345846340139e-01 5.818520068739323481e-01
5.982419028716173814e-01 5.929216424397493190e-01 5.828847590739796303e-01
5.870845462167211259e-01 5.814376919206664107e-01 6.014103308463556452e-01
5.938510292872788421e-01 5.890797065126400778e-01 5.904513091382515011e-01
5.913610489496665679e-01 5.869402552058001765e-01 5.918683996850654383e-01
5.875298370560241290e-01 5.848113960839089742e-01 6.036224649766411821e-01
5.982289554550555000e-01 5.938939916972443278e-01 5.978470053003024365e-01
