5.565332205094525309e-01 5.791070504021316179e-01 6.109203313782902711e-01
5.484073962847877404e-01 5.667960141616740222e-01 6.276413345527825927e-01
5.504662023282931305e-01 5.667272275405564885e-01 6.269300979891981873e-01
5.495840248372861891e-01 5.620260363606350840e-01 6.341857799927370642e-01
5.481967562167228136e-01 5.591824745634392801e-01 6.367479148404517897e-01
5.656079434088880920e-01 5.756221854534220306e-01 6.059456239726753735e-01
5.701238876077743267e-01 5.801069075822958832e-01 6.009353823532133099e-01
5.689844528947203273e-01 5.782774376519076442e-01 6.045003648710722821e-01
5.545105663987015543e-01 5.617824159760920200e-01 6.273143754628295321e-01
5.608831304694653630e-01 5.680145842598920414e-01 6.143731343263025835e-01
5.679718676090743656e-01 5.758862936167912228e-01 6.084939054120789281e-01
5.711654977194275951e-01 5.794964128796324943e-01 6.034451207306462672e-01
5.713952749245058138e-01 5.792944569845441816e-01 6.035508584400173238e-01
5.679415746230995765e-01 5.733981103732884721e-01 6.037338384892149135e-01
5.636544014794144797e-01 5.676809521590088226e-01 6.125953368209584582e-01
5.517432550329733898e-01 5.510331832759602921e-01 5.883674972241340617e-01
5.515086081301738830e-01 5.492929132930873815e-01 5.901160222406427458e-01
5.463579334527547404e-01 5.409959387070162329e-01 5.968227807221145875e-01
5.467451693410558811e-01 5.392549284484063898e-01 5.994678167461009455e-01
5.467751574523483926e-01 5.383220788101348298e-01 5.996196253825397671e-01
5.442345403248880498e-01 5.347281849081849670e-01 6.032977826883634265e-01
5.382271998046154193e-01 5.282246648875499329e-01 6.100084660384925694e-01
5.473094132876104023e-01 5.354968995457236591e-01 5.919204152375742156e-01
5.516410037424565038e-01 5.406971967934289802e-01 5.865206445154488302e-01
5.483661606828350576e-01 5.369398701421529418e-01 5.871221591282297370e-01
5.385567272402037586e-01 5.284156722589175015e-01 6.087653138017283805e-01
5.448316714250445170e-01 5.342424043993267979e-01 6.015467119962950582e-01
6.127822015153188140e-01 6.585400698557553056e-01 6.170279164527272542e-01
6.071764532387046165e-01 6.501797051314034404e-01 6.234068516385352643e-01
6.184884488476320996e-01 6.484575594048607172e-01 6.119327748716164583e-01
6.221014573287543259e-01 6.542573525817524382e-01 6.057776754923216433e-01
6.139544350631955805e-01 6.420979767243139014e-01 6.190048288903826634e-01
6.190986326429233078e-01 6.490080312627447556e-01 6.106932237163360533e-01
6.304753224248375032e-01 6.610272057617665453e-01 5.955026848862634559e-01
6.186664092719523778e-01 6.476513337108725787e-01 6.118006344897276572e-01
5.564236425004246422e-01 5.894105749175022613e-01 5.682149858971864420e-01
5.427444368762019966e-01 5.648069869951805044e-01 5.927322209796330732e-01
5.396858216513740203e-01 5.562781734824241431e-01 6.001838862045152378e-01
5.513800805349220457e-01 5.603204598776914125e-01 5.826976036021391803e-01
5.939538969248034928e-01 6.129854803704272159e-01 6.040934689533693502e-01
5.920175393299058619e-01 6.153796006462783907e-01 6.087774831994748892e-01
5.885193312625021100e-01 6.229930014023645768e-01 6.093907352522711651e-01
6.111336948701014959e-01 6.321640209603176519e-01 5.805137115372442924e-01
5.296295303264955123e-01 5.312411096029457935e-01 6.049936961518868062e-01
5.495999010027253773e-01 5.877954922234928103e-01 5.892567432940413186e-01
5.620077728504097037e-01 6.001359884382032606e-01 5.746477918904097093e-01
5.471797941839857682e-01 5.647190898747068699e-01 6.061180786045329283e-01
5.639073138635145588e-01 5.790134367173727092e-01 5.725792142282546404e-01
5.624897249113501863e-01 5.757130524126056192e-01 5.806782718711243074e-01
6.048483975948355518e-01 6.281348395364588777e-01 6.180618952493099894e-01
6.210651787341637808e-01 6.417438093037848290e-01 5.911531859141813117e-01
5.559448893020719762e-01 5.853588269707575842e-01 5.754857875632745090e-01
5.555737519246312095e-01 5.672036090767902383e-01 5.795309586057949547e-01
5.642918168158596037e-01 5.955224258104345747e-01 5.797298142863027692e-01
5.571855869736495048e-01 5.669429549780767852e-01 6.046124436958912884e-01
5.896844218317981445e-01 6.147075392740847244e-01 6.458395290530680732e-01
6.080776614191200080e-01 6.495450166807607006e-01 6.137776943726892531e-01
5.999693954773208660e-01 6.328855030858332453e-01 6.263791534293745578e-01
5.513925268864590112e-01 5.889537767515043987e-01 5.937619077942414281e-01
5.572386192510617731e-01 5.568999074090340562e-01 5.804250238934767214e-01
5.503819384402774961e-01 5.416052029728828376e-01 5.780327784856174045e-01
5.310629822313650550e-01 5.418390743727042880e-01 6.153521356019601152e-01
5.406884157412575886e-01 5.546085095890238570e-01 6.163677342285255323e-01
5.403495053933480285e-01 5.529384753533550523e-01 6.266444309685061942e-01
5.660333496850846746e-01 5.774704133444569232e-01 5.620350814386814164e-01
5.557771437079508381e-01 5.690719243280618622e-01 5.754330354253354152e-01
5.319710792696124013e-01 5.797568444379237462e-01 6.295344766597414932e-01
5.300299111737806212e-01 5.812261508621959782e-01 6.311547262561384430e-01
5.386072054048168800e-01 5.286601311077625542e-01 6.090792712971957457e-01
5.436504954687060298e-01 5.337778719530809068e-01 6.035712291756608616e-01
5.399175481818305755e-01 5.324898547145809902e-01 6.076814783974726630e-01
5.346780622099759350e-01 5.281054350078369097e-01 6.131032978742660955e-01
5.696830379973489844e-01 6.493745904578062111e-01 6.197656249999998757e-01
5.739530712783550426e-01 5.807228639048312990e-01 5.617719788348256582e-01
5.714320571970555873e-01 5.777425480934341717e-01 5.667638550500040395e-01
5.679257706768124914e-01 5.722471447837966796e-01 6.405056166365981074e-01
5.733634057528935735e-01 5.733293778243083727e-01 6.379766305972393026e-01
5.797277350376039973e-01 5.696169543162045157e-01 6.348346010081780122e-01
5.913567709876268452e-01 5.819611423079440460e-01 6.161631538128486962e-01
5.962852762184631672e-01 5.910872628337601187e-01 6.090574733480335068e-01
5.993433017840170685e-01 5.944049789346578239e-01 6.054866400252527647e-01
5.883817185485509249e-01 5.818611354280124326e-01 6.212466203910881335e-01
5.997820639313852231e-01 5.932583174201269127e-01 6.071408261467982070e-01
5.882382942451218621e-01 5.792236386370341883e-01 6.253720377104082795e-01
5.959794495829642269e-01 5.680971753626345988e-01 5.884094010982580114e-01
5.920430400014673467e-01 5.602793745073056941e-01 5.929212803109042973e-01
5.936777095733578591e-01 5.617725865627360982e-01 5.890692237754779903e-01
6.384932693520557478e-01 6.523506270948873365e-01 6.416712930561933037e-01
6.368479479773616614e-01 6.477022015481415096e-01 6.430749056395097529e-01
6.665877700625545410e-01 6.651978181757489672e-01 6.128008214182749658e-01
6.788138184585288393e-01 6.769564389972430041e-01 5.917171153639531056e-01
6.382226881873909186e-01 6.411636369237384558e-01 6.523533060750470458e-01
6.743655139527506837e-01 6.772480029431113824e-01 6.007903714255510286e-01
6.782586793014011572e-01 6.795842732930920116e-01 5.999483769099234198e-01
5.781735703217564248e-01 5.714553854854904635e-01 5.992724222486666141e-01
6.009532732195609350e-01 5.939349646643307112e-01 5.581479426523588971e-01
5.947303225588319586e-01 5.868007021122159106e-01 5.693604247368151405e-01
6.090207506289895267e-01 6.000911114428507664e-01 5.559735865910324648e-01
6.106583518973958125e-01 6.164522491368634727e-01 6.351540483580010443e-01
6.178396456254349189e-01 6.142003279873081700e-01 6.317980652652691598e-01
5.836298422308775491e-01 5.627023149093303145e-01 5.908612362725066403e-01
5.748079418207435731e-01 5.933936811176310222e-01 5.933043489534612913e-01
5.801731022528150428e-01 5.900964842663788401e-01 5.947653938882238034e-01
5.787466728988720499e-01 5.723770085056494317e-01 6.143265055186918344e-01
6.264230187223086554e-01 6.391778791529924009e-01 6.343354801953007271e-01
6.671154757833333004e-01 6.639910873344514464e-01 5.907988658917300295e-01
5.999579865210284968e-01 5.906161798699623988e-01 5.733475911748012743e-01
5.923733867086208305e-01 5.833889906715172824e-01 6.113034328663450312e-01
6.283785190975509360e-01 6.521679156688633405e-01 6.344702749235520134e-01
5.821768171248578039e-01 5.776055617952492449e-01 6.213457824712548261e-01
6.263581277110694678e-01 6.286206809656629257e-01 6.455809263074587800e-01
6.301990671773398667e-01 6.337573434769807612e-01 6.518344897194768839e-01
5.701121245695918160e-01 6.015762928556782629e-01 6.327512615385193495e-01
5.909440017568726722e-01 5.609799146276561732e-01 5.898383238879398860e-01
5.911158148642410293e-01 5.641045496145811189e-01 5.893314587728579745e-01
6.090949760158340665e-01 6.714985353636390153e-01 6.289062500000000000e-01
6.001579525040665608e-01 5.908533658547702183e-01 5.689659603609334981e-01
5.316482598202726395e-01 5.736456819785742400e-01 6.093925930059949092e-01
5.242340282263081574e-01 5.580241325767737459e-01 6.266133069690600355e-01
5.345633869762805856e-01 5.670909115926833222e-01 6.057646368264617553e-01
5.274049604222447174e-01 5.584216190714181849e-01 6.168649711110116840e-01
5.370780137447497271e-01 5.671605390451662787e-01 6.032972671746801296e-01
5.360862284121428178e-01 5.643943125228562119e-01 6.069411023875164179e-01
5.346572681534936811e-01 5.622897548966430126e-01 6.080707506178423261e-01
5.369534596660576753e-01 5.636062987478086539e-01 6.081628356854197337e-01
5.354122742577285265e-01 5.612917127231112913e-01 6.110794061940941768e-01
5.299473661244774592e-01 5.557599851577347261e-01 6.146860159664745415e-01
5.486248926140181448e-01 5.732875527120648851e-01 5.948664159013344888e-01
5.493295936621938047e-01 5.740477115633908500e-01 5.910863468305175283e-01
5.492598987384491593e-01 5.733285548130736542e-01 5.883427651341357478e-01
5.546125234863866771e-01 5.808014312527595147e-01 5.794938576308656941e-01
5.561975545842776647e-01 5.798601927878803686e-01 5.751667290874821203e-01
5.269720339007747389e-01 5.314813569696752449e-01 5.983225804870526687e-01
5.234393582826047941e-01 5.264461575588500475e-01 6.043660670567214677e-01
5.218787846762513727e-01 5.251621245766810997e-01 6.045185565707980047e-01
5.252774650546006008e-01 5.287034373402967891e-01 5.996447552493128219e-01
5.226359124948978252e-01 5.250736230557778716e-01 5.998828207065117768e-01
5.195329551809093616e-01 5.207441537207605498e-01 6.048720565791542159e-01
5.205066938554466782e-01 5.203537708784948812e-01 6.059359462148966591e-01
5.230811676040387770e-01 5.231233615801049730e-01 6.020047194036466376e-01
5.232235968460455799e-01 5.231911982127180893e-01 6.011867101588032059e-01
5.207123656687437929e-01 5.202190512625670671e-01 6.039662144900820318e-01
5.218232714652345505e-01 5.194331442991625414e-01 6.060765809552109973e-01
5.223422840992504312e-01 5.200746668465978662e-01 6.044924575073218342e-01
5.201594940281787371e-01 5.168772620182029431e-01 6.081571101649974054e-01
5.147065512558822720e-01 5.099871951558087035e-01 6.161658865593723222e-01
5.246985801478366573e-01 5.216878492174347182e-01 5.984902902376597611e-01
5.716957101320565560e-01 6.423700399528240457e-01 6.264079511147755408e-01
5.692309195558392654e-01 6.292575663344932568e-01 6.399881064483187165e-01
5.638506147938806556e-01 6.190212689987691919e-01 6.469712139440511045e-01
5.658743269942841936e-01 6.203716441816351512e-01 6.448562717043611059e-01
5.685751156447438337e-01 6.225054250063112304e-01 6.375259671188300281e-01
5.693493743569915111e-01 6.215444291575837887e-01 6.385566933634465592e-01
5.669429590325362200e-01 6.095814084328534666e-01 6.475515484056055815e-01
5.685580277408895933e-01 6.095628677718855082e-01 6.440169504362258657e-01
5.735358133030804551e-01 6.115199768752086484e-01 6.433927474513698730e-01
5.948170194126582988e-01 6.354662727165408809e-01 6.094875052607492405e-01
5.948324071864312668e-01 6.315393145662542285e-01 6.106326261062565708e-01
6.110583443391001124e-01 6.497435180015975753e-01 5.848030566875578318e-01
5.388994264632012143e-01 5.639680408772674847e-01 5.574844231800459848e-01
5.140851268032888832e-01 5.484929396740108043e-01 5.959003246384819708e-01
5.129208130667257670e-01 5.440752470400012086e-01 6.005417357521055655e-01
5.222670352791658477e-01 5.478111856035726701e-01 5.907432017020838311e-01
5.199772187778790578e-01 5.403830074196002142e-01 5.944546288243489629e-01
5.394547234807596237e-01 5.644736648813454272e-01 5.523920956118167913e-01
5.636931135322329478e-01 5.972901270317934053e-01 6.082452731042937710e-01
5.523036833600556417e-01 5.997407824852358793e-01 6.157210243786835902e-01
5.528095472466201254e-01 5.940341524542701590e-01 6.195040251254371189e-01
5.625003065526484880e-01 5.943932948638066538e-01 6.136096102125194740e-01
5.218682030211438949e-01 5.343189013880094151e-01 5.797551002748697613e-01
5.227142057673429543e-01 5.432456311053560638e-01 5.890732817132626753e-01
5.232575290265264467e-01 5.348599860670610884e-01 5.806096969708216537e-01
5.330156303023263487e-01 5.677435044898305749e-01 5.852928126680064791e-01
5.333387829274566228e-01 5.549915994451161128e-01 5.869838445409177874e-01
5.799174657453890491e-01 6.139770391082699508e-01 6.132769396122987882e-01
5.871457541235020061e-01 6.168429365987806445e-01 6.014210941544706479e-01
5.334141787020187930e-01 5.596598397454929374e-01 5.793432868283145964e-01
5.493102934572667850e-01 5.737638027626479342e-01 5.557452384270015200e-01
5.469348892416152630e-01 5.727533173582758375e-01 5.650407802225602127e-01
5.465824030639615527e-01 5.731039356079540292e-01 5.797746819896281156e-01
5.458174050569820634e-01 5.683452927609667915e-01 5.838566567238661076e-01
5.415724079744509423e-01 5.638290503882148474e-01 5.970452749633888834e-01
5.455998122419375429e-01 5.922228361944871233e-01 5.904931137347968484e-01
5.702190272534758408e-01 6.276666243408870471e-01 6.205915417631144848e-01
5.777947358066467531e-01 6.341516742058088685e-01 6.110371879146049290e-01
5.744598209718013715e-01 6.222959006936896742e-01 6.228860796270385691e-01
5.768004335042002939e-01 6.232533137107884036e-01 6.207973541362853398e-01
5.173452885404262735e-01 5.450309026053162809e-01 5.998794878289968047e-01
5.581125136575384449e-01 5.819253313667493988e-01 5.347011304719623270e-01
5.270385690661166800e-01 5.494739635357623886e-01 6.373019409775506627e-01
5.719576733640135968e-01 6.249956458698793238e-01 6.194607633887216913e-01
5.735477830222921458e-01 6.178375376107945183e-01 6.232137659363822246e-01
5.722591762441611163e-01 6.275849500794904445e-01 6.271145240740725324e-01
5.744627681563898580e-01 6.225068456524485150e-01 6.259970425214935741e-01
5.149450972028648543e-01 5.537779284989352568e-01 5.975117487918900627e-01
5.187258182113291261e-01 5.564386607791462769e-01 6.086197124488088583e-01
5.316376696727752593e-01 5.727260299766360196e-01 5.932774642561889911e-01
5.239395698551595482e-01 5.221450614590803507e-01 5.982337316361451274e-01
5.251923683746424487e-01 5.282349193193498493e-01 5.913168074431864873e-01
5.196951644372482804e-01 5.408312300486373125e-01 5.935536348784504757e-01
5.278444741758459013e-01 5.505088819949990331e-01 5.775595171313381293e-01
5.451446130110627619e-01 5.645920424129906579e-01 5.822772705210181865e-01
5.378196727318709236e-01 5.575381269054703326e-01 5.873971363185156447e-01
5.358151008713147867e-01 5.566767019926553983e-01 5.945595348054177887e-01
5.418888978434125425e-01 5.645506445463110978e-01 5.868365940876502096e-01
5.248678318988058145e-01 5.463985764017031954e-01 5.860402469511827306e-01
5.788959934380379924e-01 5.899834912305907952e-01 6.157285910467279466e-01
5.897389757952955502e-01 5.925519810629681361e-01 6.001078184747649091e-01
5.916484372989476714e-01 5.899571475422352718e-01 6.049376720604772162e-01
5.917693728005791742e-01 5.898077574663375122e-01 5.987729508555763580e-01
5.970616233283748686e-01 5.938819782289163074e-01 5.939075990238908975e-01
6.068988138638111707e-01 6.017382079635438252e-01 5.872781664143408298e-01
5.638439801359913517e-01 5.503057149977724771e-01 5.599773299908838986e-01
5.624864072866123665e-01 5.523401880847614853e-01 5.524282632399530879e-01
5.733057812649642315e-01 5.552482216577623308e-01 5.732359942559014376e-01
5.725952914196679178e-01 5.555599347396136256e-01 5.675667350808005773e-01
5.714589403866210393e-01 5.560378736734665761e-01 5.625093527181458386e-01
6.192019639091159711e-01 6.451518746374935720e-01 6.347923039931988587e-01
5.756835641375173118e-01 5.807764871624591096e-01 5.672955153773466819e-01
5.666702884251941796e-01 5.701595985906429132e-01 5.742072207599523415e-01
6.377674202106973222e-01 6.504988869009364905e-01 5.696297339288625139e-01
5.586208232826193054e-01 5.517914882125268816e-01 5.808174303660140758e-01
5.771752296399148552e-01 5.865973636654655543e-01 5.774218381250793009e-01
5.697770901106924413e-01 5.774887249481480689e-01 5.857415705172723808e-01
5.284421443730551449e-01 5.760102818082366571e-01 6.506052401538143792e-01
5.602565211536032486e-01 5.684900955244136522e-01 6.222574998716741135e-01
5.350177245058382880e-01 5.813400990503614363e-01 6.396746970266328214e-01
5.921356836798786771e-01 5.948993063731446984e-01 5.718508625386616862e-01
5.865371515840280825e-01 5.863771946945885993e-01 5.958971864710833621e-01
5.973651749905997121e-01 5.975608499480096203e-01 5.595091494966968337e-01
5.664914678072475729e-01 6.067590802425429919e-01 5.823288703904067054e-01
5.651804584247562824e-01 5.987815827883934405e-01 5.891640917045772863e-01
5.417491686999040823e-01 5.578669144391569246e-01 6.283982272351553711e-01
5.521056881568875419e-01 5.645963586406006485e-01 6.188531337294578272e-01
5.660814431281219195e-01 5.998427429250512422e-01 5.892360365411787315e-01
5.539209021510609343e-01 5.825393760287128631e-01 6.079866892538264844e-01
5.522276319782537524e-01 5.769874492820112888e-01 6.143037985858377237e-01
5.478303875938543843e-01 5.478447439680799169e-01 5.822060801088299042e-01
5.445017190985581568e-01 5.395551233352509080e-01 5.864684276542402319e-01
5.471937100943862209e-01 5.442299548701059475e-01 5.747837803430052572e-01
5.850025230760895756e-01 6.486201120220705940e-01 6.274218364389311242e-01
5.818649976473295737e-01 6.409395490447332699e-01 6.331475905644926572e-01
5.800900349000147616e-01 6.350384223951200946e-01 6.382142799231635966e-01
5.788395949797549012e-01 6.304139645404566172e-01 6.455202083092180798e-01
5.750069905224821643e-01 6.158931355262990959e-01 6.545227772290751478e-01
5.695703447890440030e-01 6.058564303843346766e-01 6.609453014664440351e-01
5.689951439099717456e-01 6.039538880683422706e-01 6.658381550379071090e-01
5.738296333285163309e-01 6.211906580026409497e-01 6.508320661398719897e-01
5.736415754728085847e-01 6.207998058610415537e-01 6.482155055307066149e-01
5.785803177668400465e-01 6.251246833444248363e-01 6.435564574206450450e-01
5.786239856767505518e-01 6.245012508111660310e-01 6.442513765017023886e-01
5.781699400122348731e-01 6.231299823788005732e-01 6.454513652519305866e-01
5.757659024161490002e-01 6.190001960410830284e-01 6.497551286242512214e-01
5.485499886725040408e-01 5.640424826651898593e-01 5.639404869509011542e-01
5.808151532086170965e-01 6.134566067259323852e-01 6.033642982722873249e-01
5.296846608664947942e-01 5.385234759519006431e-01 5.832347144241150083e-01
5.468050772453028063e-01 5.823311943905311594e-01 5.764141980164717571e-01
5.423552154342792253e-01 5.725106784868461141e-01 5.891426273908280109e-01
5.561580139062117789e-01 5.793022236860332352e-01 5.700464090727890287e-01
5.508247501613000585e-01 5.681501395445370806e-01 5.858940685877840338e-01
5.693849107359489903e-01 5.823772779360840701e-01 5.593026206671887213e-01
5.646218125954516331e-01 5.760315217089295725e-01 5.642287022713579070e-01
5.961168896963531250e-01 6.253472165892355328e-01 6.079578576679264268e-01
5.786332959653298635e-01 6.222867502085087654e-01 6.225750412052574179e-01
5.405566240467605255e-01 5.707396554487494944e-01 5.823546562659048798e-01
5.512118555041043422e-01 5.719257847449261689e-01 5.730130219568618788e-01
5.495375456077065124e-01 5.659054846926632187e-01 5.734982007798506976e-01
5.512657236007593164e-01 5.610433827845293653e-01 5.733581421082744045e-01
5.509703577726960955e-01 5.792490554194790198e-01 5.980152990966920434e-01
5.489271381947421480e-01 5.647606122923123362e-01 6.062151558989956612e-01
5.631802696664660601e-01 5.716356866616478793e-01 5.801045086223108882e-01
5.375157451637359030e-01 5.895308589252046261e-01 6.407525324685784396e-01
5.592731542286858426e-01 5.860867737501411767e-01 6.017043854297930983e-01
5.823779588666394558e-01 5.963251691908977303e-01 5.791816030000382920e-01
5.387240135720098300e-01 5.533431393508979612e-01 5.893202158632654397e-01
5.663413598771678270e-01 5.995002121874035694e-01 5.901110120349133403e-01
5.631773166333067238e-01 5.985143765412515027e-01 5.975582286891818473e-01
5.555070140177932325e-01 5.682315223159427608e-01 6.071853262133209972e-01
5.593731491830374880e-01 5.757657558686408716e-01 6.101834589117367535e-01
5.768352221362553767e-01 5.678437565315299640e-01 6.220207420759112926e-01
5.883481311990952367e-01 5.796023513399107818e-01 6.033810680432195594e-01
6.020391069567314624e-01 6.139989594163142161e-01 5.639926911490843464e-01
5.825819225395322265e-01 5.690347111169083982e-01 5.744078328789111731e-01
5.848322938665203585e-01 5.612948391354499744e-01 5.788909796219811055e-01
5.739034487654879335e-01 5.504314233602606299e-01 5.621185405572137750e-01
6.463960921202573928e-01 6.664523048899055890e-01 6.147221245543307289e-01
6.636528331502495881e-01 6.753023584515341904e-01 5.980177685097786133e-01
6.677095454146371178e-01 6.778762197321727134e-01 5.914594085209988750e-01
5.560957393960894724e-01 5.709814417206171555e-01 5.956011574257840113e-01
5.709568970706739854e-01 5.758783063541389469e-01 5.809238617807237492e-01
5.780172581095028850e-01 5.727633977908757057e-01 5.716381961864438477e-01
5.867896356737501984e-01 5.820210866406761996e-01 5.618808200530818198e-01
6.383460916761444226e-01 6.407861689509861680e-01 5.869779552536483758e-01
5.618606315457308487e-01 5.467601789167990667e-01 6.022611329552933768e-01
5.446118421590571135e-01 5.833237979109505700e-01 6.385023786418808633e-01
5.672229016479252151e-01 5.673828612900235768e-01 6.141877752722729733e-01
5.684381899333651456e-01 5.953964168003870183e-01 6.163716423981909776e-01
6.008814991174242781e-01 6.672462983550041526e-01 6.218750000000001776e-01
5.417828311479845338e-01 5.822085362133512243e-01 6.509538388155360344e-01
5.811452915064888591e-01 5.723938896278710775e-01 6.068075348521898560e-01
6.089755595208850014e-01 6.013601562554056201e-01 5.751684771529838036e-01
5.548688284431440021e-01 5.471328707706484273e-01 5.570688036115994946e-01
6.615879309140754172e-01 6.871731238422595922e-01 5.699454862020350010e-01
6.545127600786828648e-01 6.800072852887607544e-01 5.727428280852564502e-01
5.571297928195256821e-01 5.592565088206927770e-01 5.795459223300158946e-01
5.702707285460242304e-01 5.730887667603556945e-01 5.603331253227499253e-01
6.382051651470641573e-01 6.514899413857349053e-01 5.616964101635738560e-01
5.743090334144752562e-01 5.857188359132193822e-01 5.656880566349022921e-01
5.597232519614288027e-01 5.719339671003486059e-01 5.946780268596961738e-01
5.678989064850070712e-01 6.482583328225325348e-01 6.387500000000000400e-01
5.549485081533477304e-01 5.973138804923205925e-01 5.972745789237330349e-01
5.396134643629793004e-01 5.618072420824535840e-01 6.308752169373473828e-01
5.547835244500975982e-01 5.734194657730461442e-01 6.085803747608917735e-01
5.463193646231541134e-01 5.414161451880832310e-01 5.888516497452672693e-01
5.749985446848113746e-01 6.411985052628829118e-01 6.459828995217354874e-01
5.866529194046583573e-01 6.269231937680725952e-01 6.394598900469931069e-01
5.654034902853720679e-01 6.131915107553211897e-01 6.215378316792712354e-01
5.456051103623777987e-01 5.688694617948549803e-01 5.917853550726589473e-01
5.681883388608484076e-01 6.027013150497370075e-01 6.498905776945143042e-01
5.477022348375102379e-01 5.624877518416888655e-01 5.829708070759843652e-01
5.516537386831119605e-01 5.722094953438687792e-01 6.266666062500607648e-01
5.390002258721419137e-01 5.664603003420080052e-01 6.120669945861230143e-01
5.370083283221802617e-01 5.410559254545397323e-01 5.738139561532286104e-01
5.772333443511523665e-01 6.280927863662839616e-01 6.338583643910441490e-01
5.724300093928738065e-01 6.193998272799834393e-01 6.430039467244097473e-01
5.900630253951415494e-01 6.318665336610870265e-01 5.747237402734313161e-01
5.287724617124373028e-01 5.535967630988575250e-01 5.985050019326003667e-01
5.601561011444079474e-01 5.902443137583011090e-01 5.487534045026767338e-01
5.490079137186587577e-01 5.916826419294288764e-01 6.609694616463666073e-01
5.422990471911217636e-01 5.751323292041252699e-01 5.625967182842721570e-01
5.602711562061184480e-01 5.815999629709511787e-01 5.394677181178810788e-01
5.338965966146272946e-01 5.632020550459327923e-01 6.065609780361681524e-01
5.502248912243491441e-01 5.746973791120035813e-01 6.077741136656491516e-01
5.656143794333043928e-01 6.016876541952927981e-01 6.283597595187448981e-01
5.619188966618782199e-01 5.975631005993133904e-01 6.578620804154468038e-01
5.779530749315142657e-01 5.841233226502454690e-01 6.246018954286711722e-01
5.887241458531735638e-01 5.759170709147801714e-01 6.135531842130762525e-01
6.542595718134748273e-01 6.784938379755979243e-01 6.125388003779016488e-01
6.805358650501330819e-01 6.855225263462128016e-01 5.912199471667488604e-01
6.901661744800671183e-01 6.876506423261615764e-01 5.844269026302573167e-01
6.007937447126993069e-01 5.918042083758811023e-01 5.388997703123503680e-01
5.758753183965538147e-01 5.696297966293444315e-01 5.951828035950601503e-01
6.208128350936009676e-01 6.241710382989817951e-01 6.209561055549388531e-01
6.419061982569718161e-01 6.366020478954246276e-01 5.962432693276752405e-01
6.006050331045891255e-01 6.667312421658522226e-01 6.275000000000001688e-01
5.702496722820301622e-01 5.977912782566896510e-01 6.220632011676798800e-01
6.191992200755149778e-01 6.769079815901053454e-01 6.106250000000000844e-01
6.045457626132550999e-01 5.911930990318313706e-01 5.583071348540621370e-01
5.903824856502061236e-01 6.609469638370326638e-01 6.443749999999999201e-01
5.624323103595421092e-01 5.741759986989179998e-01 6.342517551475553850e-01
5.828575601268999318e-01 5.775181847280516090e-01 6.115172851231045481e-01
6.255792234818187136e-01 6.544472696181776739e-01 6.336523504545296115e-01
6.468825490196420391e-01 6.601285827934526562e-01 6.123986345293369604e-01
5.634640657391472018e-01 5.647325282555999415e-01 5.964065215931542152e-01
5.985813260481582798e-01 6.095725462977320541e-01 6.278588907736301072e-01
6.304122047236189186e-01 6.389780638831065174e-01 5.868647360447749595e-01
6.064040812472069053e-01 6.701317188781081846e-01 6.106250000000003064e-01
5.742172892883538049e-01 5.742520101781013464e-01 6.132499827705434337e-01
5.666566307980335226e-01 5.710239181640600625e-01 5.660366208526962373e-01
6.614246146858614450e-01 6.821557407807523621e-01 5.735338599380073177e-01
5.472938668617154390e-01 5.489882795385825354e-01 6.089506976689044171e-01
5.852511301461150728e-01 5.898475791608182028e-01 5.771632584694454948e-01
5.713219263902579170e-01 6.502764246002904480e-01 6.443750000000000311e-01
5.733407912238690507e-01 5.816066151514391880e-01 6.038091184003558931e-01
5.722708941213061618e-01 5.770327572240182556e-01 6.044686193107373651e-01
5.700819660089042618e-01 5.755501952225918760e-01 5.607032763123755981e-01
5.687869761659601897e-01 5.508463613757599298e-01 5.760034495457502235e-01
6.435834141702990729e-01 6.678972797870162958e-01 5.948588822447571367e-01
6.422974844448033904e-01 6.650673052181343969e-01 5.920473025775284670e-01
5.495256431275197251e-01 5.520167643908646671e-01 6.051505995546586636e-01
5.611787211715858481e-01 5.658268123238643366e-01 5.936729233787771953e-01
5.593004086457737944e-01 6.432716299402777560e-01 6.443750000000000311e-01
5.635849462543965904e-01 6.038752020406139565e-01 5.904525890220495565e-01
5.651070382815325255e-01 6.406005089506603412e-01 6.591306708871469411e-01
5.766832118554239273e-01 6.123236380377252708e-01 6.159630627804598690e-01
5.580477681792951339e-01 5.933631410992847854e-01 5.990669300169917388e-01
5.686126257867254452e-01 6.038562826379735293e-01 6.214266129209043976e-01
5.600822769049501604e-01 6.010378335632785562e-01 6.021547154664199653e-01
5.406777602691461571e-01 5.609392706904658965e-01 6.263926621645630188e-01
5.453362968816448664e-01 5.567622008491028840e-01 5.728022564320210952e-01
5.442715759022314082e-01 5.465176471399598723e-01 5.816983913478213086e-01
5.641427484774539369e-01 6.015740790867257770e-01 6.663935877833642163e-01
5.743254350203675918e-01 6.224977920303692569e-01 6.462618975486176254e-01
5.175206602537957279e-01 5.483185816043970595e-01 6.075561128821993506e-01
5.263234200248283479e-01 5.531849773302668360e-01 5.889758012333079495e-01
5.239808448598917145e-01 5.340835059088717696e-01 5.961387890137465062e-01
5.290907038958760911e-01 5.494186646592666978e-01 6.089868992909226453e-01
5.316376659452473064e-01 5.600208513598737836e-01 6.006366016902704441e-01
5.806044655790512099e-01 6.201472968383400231e-01 6.205549486027399642e-01
5.397725557080563785e-01 5.624626274124754355e-01 6.148782216443198223e-01
5.524602063216929038e-01 5.729308565849514645e-01 5.903547573394907211e-01
5.287297715018315358e-01 5.340406456210385899e-01 5.711653459188789084e-01
5.276026773773392353e-01 5.382331186909579124e-01 5.519251717912957433e-01
6.063231135262981963e-01 6.486823424874399446e-01 5.887979325200082270e-01
5.466443195389116827e-01 5.706966408123527179e-01 5.472497286182939069e-01
6.096122528354854797e-01 6.489778397737729909e-01 5.474141996012633626e-01
5.390423682577589748e-01 5.712602649116182985e-01 5.806510704152182401e-01
5.845134483889615762e-01 6.257367863958301912e-01 6.040756178248407604e-01
5.667465030412334182e-01 5.641724611060419114e-01 6.484362651133226407e-01
5.992585567810196912e-01 5.677091013030237665e-01 5.592838264907529222e-01
6.358033337083139891e-01 6.425517531990573294e-01 6.493497029532022680e-01
6.879579533645491241e-01 6.860874309117280800e-01 5.892323431191951455e-01
5.945651239705315172e-01 5.870961988429436174e-01 5.835454011115913664e-01
6.014609376169121058e-01 5.885998052568695016e-01 5.657274690424591856e-01
6.056075719934769230e-01 5.950230404446305021e-01 5.841100000959377203e-01
5.749377187800728262e-01 5.747227150258500394e-01 6.262215874267612614e-01
5.882830965825733838e-01 5.612045982009636891e-01 5.613703508904566153e-01
6.478991885056815114e-01 6.596760938003962682e-01 6.237685066993100547e-01
6.798876291895520341e-01 6.819425497881620446e-01 5.894803637795704709e-01
5.855013810384605000e-01 5.785112071582161342e-01 5.875097503574219227e-01
5.949460108903239508e-01 5.816917531085660231e-01 5.588365898692913003e-01
5.927522581966495618e-01 5.831817567355860321e-01 5.946909963743380878e-01
6.305200431656553528e-01 6.434826905315126355e-01 6.395324352843356763e-01
5.720641070244864013e-01 5.583664848539467984e-01 5.892902546026846933e-01
6.083965963118377340e-01 6.240636172487821209e-01 6.606020876171962986e-01
5.762272743423991761e-01 5.714618185885457224e-01 5.664594373506000036e-01
5.524585839697245815e-01 5.319697760019427291e-01 6.087517171434224661e-01
5.884048259486628352e-01 5.889968038738913059e-01 5.893168684826592951e-01
5.497096398528131811e-01 5.330692248443917869e-01 5.974980545286400213e-01
5.854663839090199495e-01 5.908234221653156926e-01 5.798455255631187466e-01
5.590133268802250921e-01 5.675797892315717075e-01 6.201302191284289167e-01
5.616184818579449400e-01 5.430989255026807960e-01 5.777518997936327283e-01
6.553341346837806558e-01 6.749255382386035729e-01 5.897364466097294589e-01
5.586320957989714397e-01 5.683472099149006196e-01 6.273769084935638674e-01
5.527574672466137873e-01 5.365376373588310877e-01 5.824645972457275223e-01
6.342957181937783906e-01 6.566906126010610967e-01 6.031610842601502487e-01
6.043427730106630813e-01 6.542652602619994928e-01 6.180238058653206856e-01
5.835578754250841937e-01 6.376478095730442330e-01 6.416784508442588963e-01
5.706073495345592717e-01 6.231524529967584769e-01 6.573202934456670032e-01
5.636832795262119999e-01 5.906920373171493654e-01 6.057983115667548990e-01
5.755096405384771963e-01 6.249710293615373669e-01 6.486741769900171706e-01
5.527531071945289698e-01 5.739390620475414151e-01 6.224142211460141905e-01
5.955162408603387192e-01 6.065480999786674321e-01 5.462652639104496055e-01
5.474155630932657779e-01 5.926897937730252197e-01 6.063445922225907392e-01
5.228570254885246404e-01 5.329803344849404212e-01 6.583536308236106471e-01
5.721553271880660541e-01 6.027049826361634555e-01 5.616831723405789623e-01
5.391059954362701356e-01 5.424474739317853844e-01 5.900706319563983060e-01
5.850447155501857788e-01 6.347762042439059060e-01 6.279670818307008240e-01
5.967171344393874532e-01 6.343884202395613237e-01 6.192190726223242292e-01
5.887840486226096903e-01 6.365279884343295613e-01 6.209228750737026958e-01
5.226256239659279323e-01 5.382804516330293998e-01 6.054331189461550355e-01
5.381963060692014356e-01 5.458585018097565911e-01 5.810778580559461393e-01
5.831194409254526478e-01 6.310473234439165635e-01 6.277546653039292046e-01
5.307765511962168059e-01 5.523146169059304222e-01 5.821442413494209989e-01
5.379083623065632480e-01 5.429418133017075432e-01 5.595087046428408595e-01
6.115546023834321776e-01 6.559560291879060756e-01 5.851102396457003030e-01
5.782475125413018002e-01 6.197700107951806814e-01 5.894246832095023647e-01
5.733836393775969542e-01 5.977157662081920009e-01 6.298044142950064428e-01
5.493603217010808448e-01 5.967629155973332988e-01 5.787705527975914865e-01
5.278355968424622846e-01 5.326488677377607672e-01 5.650481351988860812e-01
6.107156507414568392e-01 6.550466642481829194e-01 5.783000892569948315e-01
5.885175571582197396e-01 5.772845576790976985e-01 6.220618292108865965e-01
5.880816133000160706e-01 5.761964477204781776e-01 6.190703197232930721e-01
5.949610452628186774e-01 5.858508935965690556e-01 6.013793776513504108e-01
5.911486638638134838e-01 5.829672316190575021e-01 6.135876853766797367e-01
5.385753638995929293e-01 5.284562439718569760e-01 5.985654261216306615e-01
5.676097996307433169e-01 5.661550562595613068e-01 5.971143160849415876e-01
5.698988006764923453e-01 5.713749837471217008e-01 6.092386548583487160e-01
5.609943649775831487e-01 5.612157733420160000e-01 6.204898899625677089e-01
5.342993447975314947e-01 5.885992540615735402e-01 6.248756760514035946e-01
5.915310860939747561e-01 6.237924382634724152e-01 6.294629521519172766e-01
5.372205954571583897e-01 5.963028173413736921e-01 6.118159564109237891e-01
5.302173354234395175e-01 5.522184976937348777e-01 6.247518836989572888e-01
5.339347383599657437e-01 5.505806818010678949e-01 5.818625779711916746e-01
5.018108065099428083e-01 6.032422610985644917e-01 7.264470886945774142e-01
5.814648921574545604e-01 6.080635879252856979e-01 5.987592725155070905e-01
5.791523031628803553e-01 6.066378996227018705e-01 6.295468467193929829e-01
5.207910500446251145e-01 5.399652211770713528e-01 6.435116316603622932e-01
5.201347640107713000e-01 5.427619504853194998e-01 6.403513252232667652e-01
5.681626184494548149e-01 6.245567616209273254e-01 6.383608894711956250e-01
5.632019344202656708e-01 5.932442820402712425e-01 6.145352537945470983e-01
6.292245001999009490e-01 6.822506791377771496e-01 5.825000000000000178e-01
5.849036689585891402e-01 6.586160588242577774e-01 6.275000000000001688e-01
5.456729346210950071e-01 5.293951029171602984e-01 5.921490808546213680e-01
5.707507583483759639e-01 5.630301123484257042e-01 5.595472354755874900e-01
5.721570655231089653e-01 5.672794472710162017e-01 5.798473129518683100e-01
5.661710413766577465e-01 5.632481990830966456e-01 6.079358887597328120e-01
5.698162986190650203e-01 6.449768947497354077e-01 6.484097078213783005e-01
5.666102404874098220e-01 6.424704632884025157e-01 6.505498289867059913e-01
5.577350942101182429e-01 6.024411019380663257e-01 5.769434825221068097e-01
5.260788312346199591e-01 5.248556840417972769e-01 6.027820752461163778e-01
5.520107900493712583e-01 6.320621217060978791e-01 6.610397806422008138e-01
5.735470418285770755e-01 6.153777703358300766e-01 6.392346268593874781e-01
4.990485975883949266e-01 6.050927989372745230e-01 7.028141571690621481e-01
5.270607368590586317e-01 5.265084518069721442e-01 5.984567676630773159e-01
5.799334147981722865e-01 6.229863499855330389e-01 6.311557989512711631e-01
5.854215042252155499e-01 6.305641138005181334e-01 6.231366682708697757e-01
5.814149795492248307e-01 6.263409563928690194e-01 6.244781901695511950e-01
5.814595287746779917e-01 6.288155604898387763e-01 6.246566182955761715e-01
5.749004458214630464e-01 6.187793639248411193e-01 6.345849573306059366e-01
5.627336746415466662e-01 6.229701461887833247e-01 6.476790956136160293e-01
5.689480117049986463e-01 5.956299815512020590e-01 6.089788442453962780e-01
6.115898857540801314e-01 6.229347656327451910e-01 5.555468114809448688e-01
6.134227150827332720e-01 6.717211536212126521e-01 6.350643374094792071e-01
5.971561545155991135e-01 6.094834177312862256e-01 5.687622801371774450e-01
5.973398101262235027e-01 6.571372301778043434e-01 6.516215602514874305e-01
5.653533248415083534e-01 6.176413765964168245e-01 6.492712877077860822e-01
5.564766607512816599e-01 6.365097560204435734e-01 6.542480143481872457e-01
5.761185953331302567e-01 6.324365234138422665e-01 6.317036105204820728e-01
5.900167501399721237e-01 6.237540048149186056e-01 5.708796715445449976e-01
5.444971787631499582e-01 5.888511774989892977e-01 6.469772950808346801e-01
5.435625541802475702e-01 6.370064136214870221e-01 7.350831911605705260e-01
6.457276267444039819e-01 6.487751965041300695e-01 5.628104648844907132e-01
5.435192187905900640e-01 5.875403537755472527e-01 6.484801031248152992e-01
5.430135315118426176e-01 6.365896661742669327e-01 7.355283764739598551e-01
6.500986921594024137e-01 6.541120273199906299e-01 5.618958593535080537e-01
5.418487096859133656e-01 5.871019019882335321e-01 6.445852924419979146e-01
5.326630837571689758e-01 5.790488667935452805e-01 6.597218110289195803e-01
5.818320494395704534e-01 6.049103339638701726e-01 5.471380485564335538e-01
5.088645211067875929e-01 6.200959884251414644e-01 7.213199560914425046e-01
5.789305735646164131e-01 6.547485072361839409e-01 6.500000000000000222e-01
5.489954139904459351e-01 5.321044070156957240e-01 5.745241688847039230e-01
6.607619189350256717e-01 6.662316814927851105e-01 5.934453795844875090e-01
6.713826476597972714e-01 6.754488736680872574e-01 5.807247666146244658e-01
6.693445966107974821e-01 6.747067516423581601e-01 5.790972017173475761e-01
5.790774515586519788e-01 6.549197702658843268e-01 6.500000000000000222e-01
5.494499053917266673e-01 5.314372876097039899e-01 5.764394437161947105e-01
6.585660904010331995e-01 6.650500920084259082e-01 5.978504651675699000e-01
5.787819675369003658e-01 6.547454975199812344e-01 6.500000000000000222e-01
5.556531450599447863e-01 5.383397967962917363e-01 5.659755239346622169e-01
6.604898502295284413e-01 6.673853716985274076e-01 5.901704174394410973e-01
5.780108296235202392e-01 6.543471802659116543e-01 6.500000000000000222e-01
5.555953702606435396e-01 5.379697116137973634e-01 5.661229949629742464e-01
6.586094563403789293e-01 6.651291680674835671e-01 5.886122218449792998e-01
5.744971761540534905e-01 6.522456293423044560e-01 6.500000000000000222e-01
5.380784990167364334e-01 5.257197985193773349e-01 5.834433465693614762e-01
6.395556751440114596e-01 6.531893360489861022e-01 6.080033396559708647e-01
5.750114774250512095e-01 6.524024973101919533e-01 6.500000000000000222e-01
5.420765978520527550e-01 5.306036116955458182e-01 5.799502342607156802e-01
6.484839485810499626e-01 6.625527494319264354e-01 5.978574829895272336e-01
5.780909675421487259e-01 6.124277828071997831e-01 6.348668928889804608e-01
5.829296015774548811e-01 6.172719064141457546e-01 6.267331961392931250e-01
5.955796408445653833e-01 5.891921070767012214e-01 5.986391598873190834e-01
5.971827139307458454e-01 5.916804694907048523e-01 5.847397250646901856e-01
5.961739897875515393e-01 5.896499084342683439e-01 5.875683972163305846e-01
5.904044212756850429e-01 5.847579820634172254e-01 6.030002571610870721e-01
5.973379004510861456e-01 5.918351988298191646e-01 5.904812211193564142e-01
5.957906758943961600e-01 5.908407962139683445e-01 5.921042381561877344e-01
5.956629362666656657e-01 5.904273072181979165e-01 5.924535986751328087e-01
5.988440036260275212e-01 5.938645055983408083e-01 5.897690203575778334e-01
5.933003784616629472e-01 5.908272226117584625e-01 5.901285505533734321e-01
5.912493108944164577e-01 5.888929194998986372e-01 5.920268320025632303e-01
5.858116620605243741e-01 5.829317882302140763e-01 6.062918958347310872e-01
5.982206442382137501e-01 5.936015937064850201e-01 5.985919560506337556e-01
