5.710730854327517036e-01 6.213531226780100170e-01 6.399999999999999023e-01
5.680012530742961641e-01 6.111010081497777469e-01 6.399999999999999023e-01
5.604588580260032593e-01 5.979025997351421484e-01 6.399999999999999023e-01
5.532700470055458286e-01 5.852674450837392905e-01 6.399999999999999023e-01
5.487355470992871798e-01 5.775163391089656040e-01 6.383058191423696126e-01
5.464707178638199547e-01 5.770949608524094110e-01 6.307616716938542201e-01
5.454311646896140564e-01 5.734171501203007004e-01 6.322648424364865072e-01
5.790891332716334716e-01 6.010520713609091015e-01 6.115385608700728559e-01
5.462488726222698432e-01 5.661033671684905233e-01 6.389589213431871029e-01
5.703669632317422966e-01 5.924402124562540006e-01 6.101785879914893851e-01
5.589873524235245972e-01 5.710776432409859771e-01 6.355357256685789658e-01
5.466691313080814796e-01 5.662504093030606978e-01 6.293625522543033757e-01
5.471508734708701027e-01 5.646984390238538598e-01 6.289096199335343362e-01
5.599646324309789369e-01 5.650554303979881121e-01 6.349433536413082724e-01
5.516726106436807830e-01 5.616852728131578321e-01 6.274065232305433559e-01
5.750900158964220577e-01 5.873012585942958275e-01 5.708599963657561283e-01
5.907927938047963234e-01 5.883279697491331506e-01 5.832912959074108006e-01
5.669769576517225129e-01 5.605433474869514487e-01 6.249946405174153785e-01
5.715197735059172057e-01 5.623797136544128605e-01 6.203895789515061487e-01
5.890955683192915515e-01 5.830156369177583731e-01 5.818992545259109583e-01
5.947940628038215216e-01 6.007765357174836840e-01 5.798213449158856614e-01
5.953360264453420037e-01 5.938135266959374547e-01 5.837484289972328932e-01
5.946752019714129922e-01 5.870965195485360333e-01 5.866741798977963551e-01
5.875314715997363990e-01 5.775836081403172839e-01 5.883730620535991829e-01
5.805895351277932104e-01 5.688273946914266244e-01 5.890989361616083553e-01
5.927108913927405798e-01 5.780366009752107015e-01 5.740879119635158290e-01
5.807442610329154320e-01 5.607996744031364944e-01 5.857186315128704024e-01
5.676328592666239903e-01 5.534304795707017943e-01 5.796696328276357280e-01
5.460915219137280063e-01 6.180023019726066380e-01 6.999999999999999556e-01
5.515572238233035218e-01 6.255509012844571171e-01 6.509049451946709031e-01
5.466704112843842056e-01 6.091199983725757994e-01 6.896930828119884893e-01
5.460060153839412234e-01 6.026757628284322710e-01 6.930125856317224109e-01
5.468766405619420734e-01 6.027431667241747171e-01 6.844302752964324110e-01
5.682939099971958674e-01 6.266056863887815576e-01 6.325813123758505796e-01
5.500678343330442921e-01 5.967208375716261948e-01 6.828573598831169100e-01
5.855498267932597312e-01 6.306629698352210767e-01 6.352433106958312869e-01
5.861330326437185212e-01 6.246643056694913820e-01 6.364519045060357261e-01
6.219298582088357286e-01 6.498329370867381716e-01 6.234616645517385702e-01
5.652176530137569266e-01 5.938443850229656595e-01 6.670926728820285589e-01
5.564113571340914000e-01 5.820740339273803299e-01 6.704063114283917990e-01
6.248152549758795304e-01 6.287135415897565638e-01 6.415248518013816348e-01
6.403073495089852685e-01 6.494207772229527720e-01 5.927836578558655090e-01
6.073495753252138307e-01 6.216983262600654925e-01 5.960535908724973186e-01
6.044158321411966517e-01 6.056802853442790902e-01 6.229332034829921927e-01
6.544739184171098900e-01 6.403200264963873067e-01 6.051809714314237976e-01
5.741550185367847448e-01 5.916753986018019607e-01 6.013139639010891546e-01
5.678658662374603816e-01 5.723962492785046319e-01 6.124446193501407176e-01
5.649994481324605022e-01 5.655829999615110681e-01 5.972628184465587076e-01
5.867200444627819200e-01 5.782756925693699479e-01 5.669944322021502892e-01
5.575620524134956568e-01 6.100684831077511916e-01 6.404560635658007595e-01
5.719934203656962257e-01 6.137847522773740572e-01 6.135074905831277015e-01
5.920013049636514424e-01 6.175506728800738143e-01 6.063230485254667013e-01
6.069734061842448902e-01 6.086051551101701040e-01 6.341362823506839774e-01
5.788808161101588468e-01 5.787608019617622723e-01 6.460030314826410436e-01
5.874285895673986291e-01 5.795842878242950524e-01 6.261422523488255898e-01
5.852526551188265147e-01 5.994390854877884589e-01 5.949999999999997513e-01
5.755276235646655802e-01 5.644620567700238123e-01 5.812885968422660810e-01
5.602212412432084898e-01 5.707437852608669981e-01 6.290964961604434968e-01
6.167915020712522178e-01 6.030065815455836198e-01 5.599924639945672578e-01
5.969985370393748880e-01 6.049803175185970439e-01 6.186289491709626720e-01
5.992326047141520728e-01 5.957535796240333026e-01 5.841255959040160262e-01
5.683892176257208106e-01 6.556688228721987421e-01 6.849999999999999423e-01
5.598827741357927934e-01 5.958708288746473736e-01 6.575229267861255611e-01
5.477562750459057384e-01 5.744936239016280588e-01 6.679481313443187407e-01
5.624897079434141300e-01 5.647704104407806902e-01 6.579411320300588839e-01
5.685262681528930884e-01 5.544930024063868812e-01 5.874999999999999112e-01
5.843687283629548368e-01 5.795722974066344069e-01 5.877469010998668253e-01
5.461022574906191362e-01 5.430466049389444105e-01 6.024999999999998135e-01
5.661236039760666472e-01 5.709745280178155635e-01 5.999486886347080716e-01
5.838959605101814443e-01 5.804430798292166127e-01 5.868728152144675470e-01
5.527129855793790902e-01 5.645321985447900870e-01 6.129734798357725500e-01
5.891988115283743888e-01 5.831569270971380670e-01 6.018728152144675603e-01
5.497317125102314517e-01 5.666471501490437657e-01 6.215540512392319084e-01
5.661071287054674217e-01 6.075644239222872667e-01 6.365692940699021474e-01
5.532825410402777422e-01 5.697473093180200898e-01 6.286416560986212154e-01
5.478067546736797855e-01 5.929483174412084612e-01 6.651492423966446355e-01
6.082139282129015445e-01 6.170023083015410137e-01 6.068120930986408146e-01
5.566794595468229634e-01 6.031217876999037664e-01 6.643805350707784330e-01
5.743876209268651278e-01 5.802168782504339983e-01 6.559256470208432166e-01
5.812523135136129504e-01 6.955692702920610593e-01 6.924999999999998934e-01
6.104568579408238271e-01 6.061423539304172659e-01 5.985259816321222281e-01
5.613450498670803368e-01 6.194635300990332105e-01 6.558633015015102874e-01
5.873474637783082652e-01 6.028680812591511451e-01 6.323652176354503940e-01
5.767495110226257271e-01 6.288336966916763249e-01 6.437499999999999334e-01
5.600740301073877658e-01 5.879202407993722179e-01 6.281049786007323332e-01
5.688401999928798247e-01 6.240901998180463650e-01 6.512499999999998845e-01
5.801691589752677736e-01 6.112195325157872006e-01 6.159542869606542403e-01
5.553383980956008159e-01 5.846382592146666113e-01 6.509776304033707550e-01
5.763489452009091796e-01 6.124288522809269164e-01 6.011439752306310114e-01
5.383543953320457653e-01 6.054806338149384404e-01 6.962499999999999245e-01
5.542365090719718612e-01 5.453518877367884432e-01 6.429748800176178225e-01
5.939175047516415118e-01 5.847556543764906856e-01 6.097679034234042561e-01
5.978377079331562705e-01 5.879350690694943316e-01 5.867959523901986607e-01
5.976833577216120741e-01 5.924958788719322245e-01 5.888641975646236038e-01
5.816417006026236569e-01 5.939061325555164972e-01 6.398494094797456677e-01
5.862319843865606561e-01 5.885467795002019553e-01 6.443533500585836293e-01
5.905017831384488103e-01 5.845421402149882928e-01 6.473790957076903663e-01
6.004595112938792001e-01 5.843595954683069582e-01 6.485915987946628825e-01
5.958269687002697435e-01 5.773578915323430705e-01 6.481493432017997325e-01
5.941416096373979272e-01 5.835493241332826431e-01 6.232904586474509179e-01
6.146892751403234545e-01 6.016473301439762000e-01 6.007129360956455777e-01
5.997831892146021637e-01 5.747912024177371793e-01 6.261071209819233374e-01
6.319872192623299245e-01 6.199858647615870133e-01 5.762460488723939456e-01
6.370947543032450255e-01 6.077502081274732681e-01 5.851194028653146084e-01
6.298883905610238587e-01 5.933025759880854455e-01 5.884861448883780266e-01
6.420944546258031682e-01 6.111779642026757831e-01 5.240420046796103737e-01
5.752443303688270504e-01 6.318506815647892960e-01 6.825861568745732466e-01
5.744906723488283351e-01 6.177101714306487690e-01 6.917762043740518507e-01
5.922022755925938631e-01 6.314677446445415843e-01 6.666466907831898325e-01
6.071221883671509278e-01 6.289975165334051876e-01 6.642798135394625270e-01
7.202636705606690892e-01 6.970933280150561906e-01 6.288614092225921492e-01
5.845428542686765816e-01 5.845697936288263286e-01 6.866377057983913401e-01
6.000014515527025694e-01 5.962794883880346841e-01 6.554068638222505516e-01
7.603477658966995012e-01 7.106701490428624091e-01 5.943172352750010212e-01
6.201822577443096840e-01 6.027913584248146828e-01 6.147272647287063130e-01
6.181994319919571490e-01 5.950334558696979137e-01 5.800160188642180525e-01
5.869793123218713937e-01 6.251817531221023350e-01 6.709819115703201664e-01
5.782458432584369756e-01 5.976752217311913640e-01 6.820354675274498124e-01
6.093763486251680961e-01 6.068678684481805252e-01 6.453967014797283852e-01
6.125113302791669323e-01 6.049011281735513501e-01 6.053975022802430273e-01
6.138900555006763238e-01 5.850160342357457743e-01 6.069401926454943696e-01
6.185572827556418130e-01 6.341430987210077141e-01 6.246243383870249133e-01
6.277713231529067350e-01 6.080843776871156514e-01 5.941173020300132279e-01
6.029304363235852282e-01 6.271110576376518475e-01 6.469418670004321026e-01
6.136598199289284850e-01 5.860774253134470868e-01 6.663222560128401195e-01
5.746464759766201080e-01 6.072091694820154206e-01 6.899341336694035931e-01
5.748481629978194896e-01 5.651089233308086435e-01 6.970830170022613848e-01
6.354194051908690355e-01 6.627113765169624360e-01 6.174999999999999378e-01
6.195849208575515688e-01 6.538187373305370809e-01 6.324999999999998401e-01
6.100452225404642270e-01 6.485394980555865274e-01 6.474999999999998535e-01
6.023668715036145649e-01 6.184255374899880753e-01 6.102574014577750727e-01
5.997978702582886790e-01 6.425000538717198229e-01 6.624999999999998668e-01
5.811094095088458200e-01 5.918728839966833633e-01 6.686933257865264046e-01
6.121644181347738467e-01 6.240390114847049752e-01 6.370844017863209752e-01
5.763653477042018913e-01 6.287140988492367910e-01 6.924999999999998934e-01
6.036988003275467474e-01 5.779619639952824350e-01 5.923574638046175123e-01
6.103522281546704953e-01 5.804487445983776972e-01 6.004340467920248336e-01
5.939023107146645941e-01 5.716458993689772505e-01 6.156658026896016933e-01
6.211096185769513500e-01 6.080525205230059571e-01 5.795562455042982952e-01
6.249689582495805418e-01 6.056024715205168274e-01 5.842852330386072435e-01
6.420900379319337548e-01 6.101638900412951205e-01 6.082454776110977068e-01
5.982297052839062879e-01 5.730545874822089436e-01 6.453733092792106607e-01
6.335546760453449888e-01 6.113407389777709700e-01 5.881437277488388293e-01
5.977848553799602893e-01 5.760082583329979578e-01 6.549960913261445583e-01
6.043087934641349079e-01 5.760190909112589130e-01 6.691595789145490247e-01
6.384539075214934467e-01 6.158601893388493398e-01 6.090376614885275597e-01
6.148222127073101895e-01 5.937011156976390591e-01 6.529361382417894211e-01
5.509552754888558113e-01 6.208431747832885428e-01 6.399999999999999023e-01
5.387277271670432022e-01 5.971095906643029139e-01 6.403541365792276840e-01
5.355773997681079202e-01 5.783560815833503899e-01 6.389326993362258733e-01
5.650923523418165395e-01 5.975115856367949618e-01 6.099877654732801524e-01
5.293085471360360339e-01 5.611294431565095886e-01 6.268703281207614886e-01
5.313191126005023524e-01 5.560336324971613120e-01 6.312307063124198425e-01
5.513734741164204589e-01 5.589599313396249602e-01 6.463772243428327346e-01
5.767408506327125206e-01 5.886585832022455111e-01 5.831604927225395585e-01
5.357179202681616736e-01 5.549363592448319782e-01 6.137527202363847190e-01
5.303384949641578583e-01 5.379811194467180036e-01 6.316431806873454846e-01
6.061315869380032861e-01 5.890309936441087135e-01 5.990153903721017192e-01
5.532513526539709625e-01 5.764399533570905287e-01 5.774612091220114873e-01
5.614494970986243505e-01 5.679014311679625449e-01 5.855153565940740545e-01
5.614470900799883868e-01 5.659363813228439621e-01 5.733604933589522279e-01
5.757396884324372799e-01 5.596664449605686098e-01 5.798257882543336184e-01
5.170645613339051039e-01 6.078024619884339064e-01 6.860452778313185229e-01
5.487282728198777937e-01 6.337375318096958310e-01 6.526936433550361016e-01
5.247138383996865496e-01 5.997214042446177285e-01 6.823205562836789362e-01
5.223356404970032063e-01 5.828052542965376226e-01 6.961946609112799056e-01
5.419194823480348866e-01 6.077908006748452552e-01 6.317953743624251661e-01
5.458390578028111673e-01 5.945303623921454061e-01 6.568215473378592462e-01
7.347381836404205391e-01 7.289648594621185307e-01 5.688323788046243390e-01
5.620973987314729081e-01 5.908830588809921291e-01 6.330000727686529993e-01
5.750276825617511856e-01 6.148467947294020686e-01 5.924702363893954438e-01
7.976487584919984553e-01 7.611118357820771951e-01 5.375198274827841516e-01
5.561832391172856216e-01 5.777423528239364892e-01 5.815957884374179931e-01
5.648796911546074551e-01 5.721963797492437553e-01 5.571728159804960612e-01
5.223524088799009757e-01 5.820389950035769200e-01 6.828239144989628473e-01
5.381371478468068847e-01 5.945717735946132176e-01 6.283978146359054939e-01
5.457557381731060753e-01 5.721393085891917085e-01 6.484509943450813552e-01
5.672999385826789087e-01 5.896196420198442922e-01 5.802528240186184405e-01
5.657458238774470960e-01 6.044874063786925822e-01 5.938453313866720595e-01
5.456982291254794948e-01 5.605229851630384452e-01 5.798929925780267336e-01
5.457060745423876202e-01 5.923819130161710467e-01 6.246549773709216824e-01
5.684296379673128286e-01 5.887093269697440956e-01 5.737665613221588634e-01
5.361800776790083267e-01 5.819824938302575745e-01 6.649845214087704015e-01
5.741866649811417922e-01 5.875162477826960661e-01 6.158174648808036888e-01
5.191605985219652775e-01 5.675028387272504915e-01 7.051351440241333535e-01
5.271113161238700773e-01 5.576116551242398245e-01 6.494307348772277999e-01
5.851087731746482667e-01 6.335494578773227525e-01 5.874999999999999112e-01
5.723976899262673834e-01 6.261416113022344465e-01 6.024999999999998135e-01
5.578411832045808705e-01 6.173938294570220364e-01 6.174999999999999378e-01
5.486932678322783419e-01 6.117096599807414492e-01 6.324999999999998401e-01
5.384370414587118514e-01 6.054675597808966137e-01 6.470944358819556985e-01
5.279776150265693690e-01 5.703936167342941177e-01 6.293438316970130231e-01
5.356141553220798990e-01 6.034508519944512539e-01 6.629055641180441327e-01
5.243655775686431042e-01 5.666446050759315067e-01 6.528975543036659168e-01
5.632080393367331350e-01 6.025250167686524438e-01 6.373341199557028824e-01
5.296173403647117528e-01 6.312313988987978686e-01 6.981778976526188396e-01
5.506528461348574321e-01 5.971775691237946049e-01 6.478404811790723361e-01
5.349576293955459194e-01 5.354433001065728170e-01 5.816982938712440543e-01
5.387619305802404668e-01 5.414544710097500824e-01 5.802814892823107140e-01
5.470041413184648649e-01 5.501333211233776499e-01 5.720493528356623836e-01
5.759139169231612954e-01 5.783754792797382027e-01 5.385190251162641495e-01
5.630974656060995231e-01 5.651471759069852663e-01 5.596809404828431145e-01
5.331875351742935143e-01 5.372628080902940306e-01 6.098882097045568162e-01
5.603496611710556685e-01 5.577627962705500320e-01 5.969317798766244909e-01
5.755666516939658139e-01 5.642263056563379120e-01 5.981201963394731091e-01
5.577649340139163581e-01 5.649339585271867525e-01 5.676326237919033790e-01
5.716167144968142821e-01 5.783534133478369643e-01 5.934649186580619462e-01
5.994342813365993727e-01 6.048147618877121046e-01 5.745817133525488174e-01
5.901516029671629582e-01 6.012784599565135224e-01 5.828169580198462318e-01
5.775188517313780689e-01 5.849112898307686770e-01 6.176931111864335522e-01
5.763180792622623061e-01 5.783439397965053352e-01 6.163545580523968059e-01
5.629689474519992132e-01 5.762953936959407386e-01 6.211901055464399413e-01
5.424408955216326600e-01 6.689934639104093694e-01 7.048999222051616220e-01
5.716117065371090211e-01 5.923687544862683563e-01 6.149177900294116039e-01
5.145918123068862204e-01 5.921511881418144441e-01 6.902688613341568802e-01
5.251770847004284537e-01 6.015685158489254558e-01 6.858778745700959689e-01
5.730245806634092220e-01 5.954864544586602193e-01 6.132539426400442917e-01
5.855868295195298945e-01 5.870572244394633987e-01 6.247013714805873530e-01
6.137097045188832922e-01 6.033464746964223302e-01 6.105224687072440259e-01
5.944566980795903399e-01 5.789580822482076616e-01 6.089637566918699729e-01
6.283966673678251791e-01 6.140427610254632906e-01 5.643318750321590915e-01
6.107307868863028899e-01 5.764151985348414664e-01 5.929793316948408499e-01
5.770319037704620957e-01 6.317633947563434660e-01 6.559809603342769968e-01
5.816784277422231142e-01 6.177332445604221123e-01 6.563774005867669681e-01
6.256231689525393325e-01 6.498009651820353394e-01 5.969131884135081556e-01
6.168513866214360153e-01 6.195125444751086174e-01 6.055832753311506389e-01
6.071224868101623429e-01 6.274516760233673773e-01 6.103571655001713836e-01
5.856344815095408940e-01 5.735896892943588288e-01 6.159590779102782632e-01
5.855319051070408953e-01 6.245053205631139193e-01 6.361230831308044564e-01
6.387826796591838940e-01 6.330043857698062215e-01 6.202763293790820587e-01
6.100192547237266449e-01 6.483654074335249984e-01 6.249999999999997780e-01
5.900457477182797783e-01 6.005633527649730796e-01 6.232335648779938619e-01
5.843862876310642607e-01 6.333927007775654872e-01 6.549999999999999156e-01
5.921246677958745819e-01 6.168756456737074512e-01 5.991808689504681817e-01
5.624848835411603298e-01 6.202853891907446071e-01 6.849999999999999423e-01
5.955745434407107020e-01 6.200107832262509167e-01 6.471561848587121801e-01
5.854676910758497277e-01 5.712518108301984920e-01 5.896772090577894199e-01
6.136522904437239356e-01 6.084200849176515380e-01 5.484755386287569756e-01
6.438447066583510292e-01 6.254201157721273052e-01 5.467604575183107052e-01
6.007079830556252276e-01 5.914453600207987272e-01 6.102573163224686015e-01
6.229346477642354607e-01 6.167184268710931283e-01 5.843571369034437080e-01
6.347876491847672664e-01 6.236286922629044049e-01 5.914891580912393643e-01
5.463836236339152386e-01 5.752795065843797628e-01 6.318163770284186409e-01
5.769146854022988435e-01 5.912764570757217397e-01 5.946383000672900154e-01
5.613765511464183788e-01 5.619749999733287815e-01 6.370923661130813986e-01
5.731560933721350226e-01 5.610096525812026114e-01 6.230725937622991761e-01
5.833608459527479528e-01 5.852765226001461762e-01 5.805830141653607335e-01
5.704698143717810144e-01 5.595728304774756356e-01 5.820788513515040563e-01
5.417268800715975274e-01 5.999881753773217419e-01 6.927495350880223945e-01
5.475611827658000141e-01 5.946826833869157669e-01 6.767321198961343542e-01
5.821270544107968181e-01 6.199319755465908521e-01 6.254110785643525183e-01
6.153876015886921014e-01 6.312251116294189668e-01 5.949435481594148589e-01
5.702866356138038828e-01 6.072543957734475306e-01 6.080452722147109412e-01
5.945262670207945854e-01 6.033710251518220602e-01 5.374579964406644983e-01
5.455925382965034487e-01 5.909984731852375717e-01 6.727825142998520302e-01
6.204352851524004286e-01 6.250138955133008878e-01 6.114984135520451503e-01
5.924916075517659975e-01 6.380451340330124399e-01 5.949999999999997513e-01
5.696549540391527833e-01 5.928251032817288824e-01 5.798968222214084811e-01
5.735504563115274568e-01 6.268353972852789280e-01 6.249999999999997780e-01
5.544241853934400721e-01 5.837738386543419589e-01 6.178240821122024107e-01
5.467008798945862669e-01 6.110089761745347570e-01 6.542138737672369420e-01
5.678968181296240036e-01 6.003144581680188718e-01 6.154043062409733089e-01
5.667803634041026495e-01 6.008731835290623824e-01 6.610297616350203631e-01
5.925432698293808809e-01 5.896124815906622629e-01 5.284356629947696282e-01
5.970155880073220178e-01 5.812533405179391988e-01 5.532831653446492748e-01
5.586485859857324154e-01 5.567116219368681840e-01 5.903023154304982700e-01
5.670281282363430764e-01 5.619131725257282550e-01 6.023822751393872466e-01
5.942210765868577438e-01 5.884289005411024176e-01 5.814016208877836878e-01
6.209295564037377035e-01 6.180637310259020634e-01 5.556298968461952370e-01
5.819721080889113107e-01 5.877447217955305003e-01 5.976386098425412463e-01
5.929319714756831061e-01 5.991015536729988877e-01 6.068697958377652357e-01
5.881748002321998126e-01 5.905521925487857704e-01 6.294422348837371839e-01
5.786083130339237934e-01 5.665419464439409580e-01 6.353084602618932486e-01
6.465602966603731794e-01 6.492598707953167736e-01 5.776628908589445111e-01
6.251722815197128247e-01 5.903943809172228496e-01 5.940000461833188083e-01
5.897783683404839161e-01 6.330616090597411816e-01 6.604862652357357256e-01
6.065180826367304601e-01 6.142524729476430689e-01 6.348357585481263499e-01
6.318559321379964011e-01 6.607319837866671985e-01 6.099999999999998757e-01
6.068335107769790016e-01 6.067916633377954394e-01 6.136272053697318096e-01
5.790002009419181750e-01 6.301876381996703858e-01 6.699999999999999289e-01
5.973636817310870040e-01 6.127855510158464192e-01 6.572064480659878249e-01
5.842404041933042524e-01 5.575752529753328357e-01 5.983841220534331651e-01
5.778302492135938273e-01 5.643910230938651296e-01 6.101680234755834098e-01
6.405550558993173826e-01 6.158255462837464167e-01 5.913578213714910659e-01
6.477630058130441348e-01 6.238591675626484756e-01 6.127107905720798886e-01
5.985400094703916540e-01 6.089059425269824910e-01 5.891154537879111919e-01
6.158111388981121204e-01 5.927664350224776113e-01 6.006285562916700016e-01
5.940128602264254098e-01 5.765432394175775688e-01 5.905121341038448435e-01
5.631808887324540880e-01 6.079269283337318530e-01 6.895456357928496649e-01
6.602782084929540440e-01 6.590250756263704712e-01 6.101504892034004257e-01
6.082999093742937902e-01 6.472858764204432180e-01 6.099999999999998757e-01
5.861512270987521145e-01 5.973713193296825708e-01 6.113019306500825367e-01
5.639512759492533167e-01 6.211405864385628472e-01 6.699999999999999289e-01
5.863170387692264729e-01 6.110124157143004275e-01 6.480178048390043966e-01
5.584558155675071189e-01 5.478877912619081192e-01 6.202369616970512256e-01
5.808199200354076108e-01 5.649785021651949624e-01 6.360000081053693854e-01
6.552494067356056107e-01 6.379341429580910328e-01 5.875046794274545459e-01
5.393179069861007147e-01 5.739456001544691599e-01 6.408074526884013355e-01
5.746294472098791850e-01 5.944481519083737453e-01 6.164430216299165988e-01
5.930245726017879804e-01 5.853332966920861136e-01 6.013369192102945293e-01
5.659434448450499922e-01 5.551659984129900804e-01 5.809017412922570234e-01
5.782968396594392324e-01 5.712543582814616494e-01 5.880052301056001296e-01
5.898218136294559599e-01 6.422272499573518090e-01 6.407031612478748528e-01
6.671763356645323828e-01 6.704807029037546107e-01 5.738913590572103374e-01
5.903027316623497001e-01 6.367315890714444482e-01 6.099999999999998757e-01
5.675299707610632627e-01 5.888896270688646073e-01 6.100849156455465661e-01
5.549052175104225437e-01 5.873187432225158711e-01 6.556800162897844508e-01
5.696209234495163143e-01 5.603649943842751169e-01 5.727164341177288787e-01
5.744813542881914703e-01 5.790612950025812999e-01 5.829450578610735345e-01
6.106183398616356062e-01 6.132683324685173076e-01 5.683151734572442493e-01
6.037775396394196026e-01 6.007407583788746397e-01 5.996366369072188007e-01
5.689313256888806070e-01 6.571132726516724087e-01 6.399999999999999023e-01
5.477496815948468267e-01 6.029632624850964628e-01 6.390964628406949899e-01
5.332421424429503176e-01 5.827403762192506775e-01 6.285001701041279532e-01
5.388879192432369791e-01 5.738334368740114488e-01 6.097287363661426651e-01
5.338694466535629513e-01 5.536592794276421481e-01 6.122500222071727283e-01
5.860430597675663211e-01 6.136990831396624824e-01 5.818704066834701205e-01
5.720374762444829786e-01 5.712739922699393569e-01 5.780069095624913444e-01
5.424183034877743115e-01 6.567271537906931300e-01 7.040788814095622072e-01
5.291751083435382030e-01 6.153340482650331289e-01 7.033452130111852441e-01
5.514684543169835473e-01 6.008813601388789394e-01 6.856438302934790840e-01
5.748741741431731000e-01 6.123598414388700117e-01 5.998284300331029328e-01
5.749005457155629273e-01 6.276043606347107007e-01 6.099999999999998757e-01
5.568292758283279742e-01 5.884114804687424760e-01 5.880576573740907698e-01
5.623404965761115148e-01 6.072178473002425303e-01 6.021839481992621312e-01
6.258085439555016727e-01 6.192037819072364613e-01 4.865501778671858513e-01
5.694819776215888085e-01 5.769292042342071269e-01 5.683581069587462231e-01
6.624151006921089602e-01 6.588370557070968303e-01 5.204040571645414115e-01
6.188921603850086051e-01 6.244102207867818777e-01 5.866663351248616598e-01
5.994233769382391053e-01 6.233210172980933050e-01 6.407947745038342635e-01
5.753398053931956246e-01 5.704679241036088033e-01 6.482246093573591494e-01
6.677795343420781515e-01 6.806891872041487268e-01 5.799999999999998490e-01
6.416267413837484224e-01 6.266955870759832736e-01 5.797250874256720810e-01
5.664067807783847996e-01 6.225831036832826237e-01 6.999999999999999556e-01
5.769225610598096576e-01 5.945463501803931461e-01 6.884014994072085170e-01
5.900560478168850320e-01 5.577404342748377708e-01 6.206369443433228383e-01
6.490490714561215624e-01 6.250598415204475788e-01 5.986964905383336255e-01
5.674626325690061979e-01 5.722631101981057178e-01 6.365057155227296093e-01
5.743207574472672938e-01 5.967519652802037999e-01 6.883064224936289444e-01
5.869017206243697382e-01 5.799495771930076593e-01 6.311462180857229098e-01
5.787649696187011639e-01 6.121684716660706904e-01 6.392228720607734394e-01
6.139897470076938202e-01 6.146091969596154669e-01 5.962505709741900972e-01
6.414571721593885778e-01 6.662902107503108073e-01 5.799999999999998490e-01
6.135813263968151743e-01 6.122170558871600221e-01 5.814111987718393326e-01
5.495335781762156202e-01 6.123860116602691805e-01 6.999999999999999556e-01
5.874958117084693177e-01 6.210784156366073727e-01 6.369593961929950199e-01
6.198006643915909830e-01 5.986026647702384906e-01 5.644024848563917729e-01
6.489426464272665118e-01 6.405035377862304813e-01 5.570107454639907640e-01
5.681460512061389245e-01 6.068752194829210023e-01 6.374003366421285843e-01
5.910235515244913751e-01 6.069824719204628405e-01 5.601707833284734761e-01
6.304158807242199458e-01 6.598667011664518522e-01 5.799999999999998490e-01
6.021097136169535347e-01 6.081875470846059839e-01 5.768458884885491189e-01
5.429273914245602572e-01 6.082895808986060748e-01 6.999999999999999556e-01
5.576550926303035505e-01 5.928626585345480038e-01 6.768509957744630601e-01
6.112971891258662804e-01 5.963616210682173291e-01 5.464176908614430950e-01
6.252698029643798394e-01 6.145856339320319162e-01 5.714199076836219415e-01
5.825979962827445569e-01 5.794929330932585554e-01 6.099956657510423597e-01
5.399141766371948759e-01 5.618362628328428254e-01 6.295018532263071398e-01
6.028501309315904555e-01 6.414286840615688323e-01 6.166993523913169017e-01
5.867673024864628051e-01 5.814799471336322689e-01 5.520455267602445426e-01
6.041999521906944448e-01 6.048886921564422536e-01 5.983007164770823838e-01
6.037956712896024314e-01 7.110757803769349739e-01 6.399999999999999023e-01
5.470495300532997041e-01 5.414924254809161397e-01 6.383568837133394291e-01
5.761699034327895097e-01 5.922696701091539895e-01 5.865474825502874356e-01
5.458530194173086825e-01 6.464239966340898924e-01 6.896639450008075212e-01
6.031321827641851208e-01 6.452751026106090526e-01 5.975723911007866374e-01
5.553625564676951676e-01 5.511089020000224936e-01 5.921071303963698629e-01
5.791858073261917372e-01 6.979443037217095691e-01 6.698013923118697477e-01
5.914782824132611694e-01 6.011407955788652391e-01 5.715101595085940733e-01
5.545480701468703533e-01 6.160220476139375290e-01 6.534984783903443617e-01
5.335856762115269714e-01 6.048190939258391019e-01 6.765040886367821305e-01
5.368673851332015357e-01 5.866514281070168702e-01 6.408795663607493864e-01
5.607917885798271440e-01 5.893293722047170391e-01 5.737443315224139972e-01
6.001673194788299526e-01 6.424661987235362748e-01 5.799999999999998490e-01
5.792043671522342230e-01 5.915066043209495916e-01 5.833628297565863763e-01
5.552555882701737389e-01 5.882893551900060247e-01 6.785071698403826179e-01
5.710646619736168272e-01 5.676525451543305012e-01 5.659017045202474616e-01
6.152358688580819024e-01 6.230495493426142506e-01 5.556526847203845376e-01
5.848916858468099500e-01 6.983520600035222348e-01 6.399999999999999023e-01
5.362475764951261104e-01 5.904339188262048843e-01 6.319490993400609380e-01
5.571110641475958136e-01 5.927059653056967470e-01 5.655355515425722901e-01
5.935766795056346412e-01 6.386528554262573820e-01 5.799999999999998490e-01
5.715440720248485817e-01 5.928835739460265319e-01 5.730228343908861932e-01
5.265794226578757176e-01 6.322771754200058325e-01 6.926570684358197560e-01
5.613229955532246240e-01 6.012654892897770775e-01 6.485904337166203959e-01
5.724456208288120074e-01 5.647330871503488670e-01 5.705698132800921529e-01
5.616220008997787616e-01 6.862884002853752996e-01 6.679128426985369016e-01
6.443990778802668462e-01 6.486045216897737831e-01 5.357875912919556338e-01
5.437506052971885495e-01 6.090875228340335568e-01 6.536308300108567559e-01
5.382697516739172183e-01 6.152151431382697488e-01 6.619352240280991229e-01
6.117952190359499109e-01 6.494690777290874628e-01 6.399999999999999023e-01
6.043278176595672235e-01 5.653710223752912434e-01 5.931590722838602225e-01
6.496604780687919023e-01 6.386454093841380519e-01 6.045063400593010394e-01
6.068076436406060203e-01 6.465903520174445251e-01 6.399999999999999023e-01
6.032076682318683325e-01 5.629309086118718941e-01 5.963805800459585083e-01
6.275978973619875667e-01 6.175411991774060194e-01 6.126192097300533490e-01
5.930547729180370986e-01 6.385087348811036012e-01 6.399999999999999023e-01
5.904586334542767379e-01 5.665079579939520382e-01 5.723428826974052974e-01
6.397947996001935866e-01 6.351337715219502744e-01 5.814456518914233873e-01
5.854505800647209490e-01 6.339943877101916758e-01 6.399999999999999023e-01
5.903774250955069469e-01 5.664357629852252440e-01 5.671735887868492032e-01
6.575277170124513848e-01 6.513697751541354108e-01 5.750490462130158908e-01
5.839146793808283054e-01 6.330357424822915524e-01 6.399999999999999023e-01
5.629784344373587324e-01 5.873848982336282720e-01 6.359413958624144936e-01
5.837043939013017990e-01 5.644848520938783309e-01 5.718827917248288095e-01
6.223430760669335093e-01 6.252198390274510409e-01 5.826866078888736089e-01
5.771926389529328238e-01 6.290554474717067190e-01 6.399999999999999023e-01
5.588466453420546376e-01 5.866103175654456825e-01 6.277293283817406699e-01
5.810513246716069169e-01 5.663736082500084867e-01 5.554586567634813843e-01
6.367843739157137417e-01 6.415440219441681524e-01 5.789923965188208399e-01
5.805760142556413150e-01 5.821427993946295398e-01 6.480671051720836573e-01
6.473341583424390144e-01 6.574814999253197900e-01 5.708722520615001628e-01
5.646825341336462190e-01 6.215205528900644705e-01 6.399999999999999023e-01
5.663954047631327704e-01 6.926474530024089304e-01 6.870242423224202089e-01
6.317886482069385856e-01 6.453462237052478567e-01 5.734043189151905029e-01
5.614767759511229972e-01 6.195533312789245350e-01 6.399999999999999023e-01
5.585252309927093428e-01 6.820837410416177304e-01 7.032966954433855777e-01
6.101465867839261925e-01 6.276836839540010926e-01 5.875891582013034187e-01
5.531546458290175217e-01 6.144523151725269638e-01 6.399999999999999023e-01
5.451082505531031908e-01 5.792206186180586247e-01 6.279068285671938199e-01
5.629080831680168817e-01 5.562372994853086450e-01 5.578566187370034291e-01
6.748656573483523546e-01 6.716603460373722356e-01 5.484646328528810511e-01
5.578917273400614274e-01 6.173299533623841651e-01 6.399999999999999023e-01
5.626066269604674819e-01 6.053734047348373615e-01 5.767595576179720407e-01
5.902305608184547081e-01 5.866219161017286465e-01 5.048993792838837313e-01
6.872912706489364698e-01 6.893765804773850370e-01 5.419806463784458961e-01
5.516468635264079046e-01 6.135733163704573112e-01 6.399999999999999023e-01
5.458354544319401480e-01 5.378630879249630681e-01 5.884234092054804188e-01
5.433586215168710876e-01 6.712416570577095509e-01 7.075169889105129561e-01
5.734052659967421306e-01 5.923245788077260432e-01 6.262344403487938305e-01
5.416106894388372783e-01 6.073623837648705059e-01 6.399999999999999023e-01
5.799437899283886866e-01 5.791416286549497805e-01 5.044237338457477904e-01
5.433586131700216537e-01 6.694086098950391417e-01 7.096344375218177625e-01
5.905327359173884183e-01 6.013158023440282607e-01 6.041086745760499976e-01
5.823709442280227133e-01 5.632591663241115487e-01 6.296989429302091157e-01
5.960755590268342896e-01 5.700869876229694988e-01 6.314474879266632756e-01
5.916701246050644070e-01 5.684059119974531615e-01 6.305396597607020315e-01
5.857945816276819428e-01 5.699709694928194459e-01 6.216883996543529634e-01
5.957536633672602111e-01 5.819823262113705820e-01 5.987408923069084121e-01
6.360151997276590752e-01 6.177616300183264020e-01 5.471806447300912035e-01
6.317134034408667942e-01 6.141644944956541341e-01 5.686726934626737950e-01
6.137265679201253654e-01 5.999568993178810983e-01 5.566419577237353700e-01
5.647658839836002809e-01 5.566154324850817181e-01 6.232282942888416333e-01
5.765340658552513542e-01 5.662137086991925194e-01 6.121277523330790338e-01
5.893695695770218013e-01 5.734499857595287686e-01 6.052569927000575056e-01
5.739724949909206231e-01 5.653806490453961997e-01 6.123516961396576752e-01
5.524058670116105407e-01 6.291201451222525609e-01 6.546131715430790754e-01
5.588306433438903209e-01 6.345874669065750817e-01 6.554952283221099352e-01
5.443453358886791715e-01 6.130322137415415984e-01 6.847243284571127298e-01
5.414293734918118606e-01 6.176633688499371111e-01 6.617181936303482281e-01
5.754235602446173825e-01 5.628595499054585005e-01 6.122993012765404197e-01
5.920511017234064699e-01 5.933767280847157544e-01 5.761385713729911817e-01
5.934898424465414601e-01 5.956294879070304082e-01 5.607669361253718732e-01
5.783171226721355307e-01 5.726342526660617160e-01 5.965466174665221555e-01
5.723766444780016283e-01 5.796092995198132147e-01 5.885946183958260525e-01
5.249239367047668914e-01 5.985251460184370931e-01 6.952445173603831741e-01
5.822140469658977358e-01 5.852643667012185080e-01 5.605990596474481613e-01
5.245148890778681405e-01 6.009720270729641545e-01 6.850519839709181547e-01
5.723559664202307884e-01 5.682705637815803623e-01 5.948108685458017852e-01
5.434614991594697297e-01 6.236805364581843314e-01 6.601119302090427965e-01
5.684935780714823750e-01 5.607479803409511909e-01 6.006278591060248973e-01
5.321833498320991396e-01 6.158630022668476478e-01 6.518569470647053166e-01
