5.868175539014957032e-01 5.817033024644541195e-01 6.001658798555028485e-01
5.869699195136568459e-01 5.795703030763807995e-01 6.063037865667196824e-01
5.919669252234398549e-01 5.712037101569349407e-01 5.407410844225495339e-01
5.744398707786305680e-01 5.441785434025390167e-01 5.851913077405823671e-01
5.798828362873180708e-01 5.834207790883685352e-01 5.774835739857216987e-01
5.757083997551010190e-01 5.588918101160172958e-01 5.931764813172571982e-01
5.686493162662188405e-01 5.423514288085288237e-01 5.760202527915752047e-01
6.092205256805310887e-01 5.562171739240692192e-01 5.527391653119833048e-01
5.305892216396056460e-01 6.094317090314838037e-01 7.013746894206587257e-01
5.589710917142750590e-01 6.240024449664592909e-01 6.741325413022931645e-01
5.680991398487218458e-01 6.138693282490479408e-01 6.734946955625995546e-01
5.570852080079642388e-01 5.833672683129501602e-01 6.934266863103801803e-01
6.014650168535400354e-01 6.087579872997604946e-01 6.251298783771166434e-01
6.517541676019358299e-01 6.463807470774723951e-01 5.668502296781676719e-01
5.831309879531298979e-01 5.610256222003597859e-01 6.270554707855413579e-01
5.689842663356592389e-01 5.666377847091630393e-01 5.988716635695743307e-01
6.108363404386323303e-01 5.735552233838454583e-01 5.556569573740257617e-01
5.531237390184121638e-01 6.145776512895007038e-01 6.768252584792041615e-01
5.362482098824685739e-01 5.753459433613481444e-01 6.763574047601739192e-01
5.681528960452806309e-01 5.678504308780099041e-01 6.577153820811099116e-01
6.273341455118905952e-01 5.979562444994555026e-01 5.797952016825556054e-01
5.665888254425929249e-01 5.533895970816284926e-01 5.738760427974348710e-01
5.741219488855675568e-01 5.604820893805435578e-01 5.975973803743699353e-01
5.513750087160265156e-01 5.998989504841255593e-01 6.617066468318695271e-01
6.062492595353099478e-01 5.999740813437566267e-01 5.831170573220993969e-01
5.481711759722152078e-01 6.090021385218640226e-01 6.527426115431838038e-01
6.334180007134659895e-01 6.252656285849187423e-01 5.828370410471782614e-01
6.150245092208384001e-01 5.687911438964756705e-01 4.980025499507036990e-01
6.082959999515288319e-01 5.463205317731241184e-01 5.615665396286702027e-01
5.962553893611219902e-01 5.583314129329832731e-01 5.328689792150621551e-01
5.629122750757837856e-01 5.296562467246666017e-01 5.880987637510517452e-01
5.759628483754952732e-01 6.435814281403364756e-01 6.401161647223303497e-01
6.813386101030964870e-01 6.315107521939674617e-01 5.194451155205557225e-01
5.661463142274419935e-01 6.441480465363190744e-01 6.463039079985659630e-01
7.183638124626675614e-01 6.719612564371268970e-01 4.893992933479994201e-01
5.507780116302752882e-01 6.324655901149279780e-01 6.662655889645108243e-01
7.145671713987093998e-01 6.661124992505105258e-01 5.084101383556118847e-01
5.453589868096386795e-01 6.279719762562446794e-01 6.841615978930202235e-01
7.165744395040727355e-01 6.687610576694436038e-01 5.124441367512044820e-01
5.567720116573486866e-01 5.730259849835845909e-01 6.390737766583102220e-01
5.527889713966844809e-01 5.717107364739265618e-01 6.489673144523377957e-01
5.585648937250413670e-01 5.810835176664503887e-01 6.446834704761764678e-01
5.634293060358899208e-01 5.865210457913967446e-01 6.428871928389328083e-01
5.836827739247905100e-01 6.077614861096185539e-01 6.197094963562942427e-01
5.855473798861158263e-01 6.089976155206533459e-01 6.260970755788967113e-01
5.866526037868418086e-01 6.094861026111686453e-01 6.339029187446596492e-01
5.969642099075913588e-01 6.221645270872167011e-01 6.319083911953397026e-01
5.805848944560318969e-01 5.843874689415473611e-01 6.329691982458844901e-01
5.768806089874454202e-01 5.653737754976143615e-01 6.331506289891137840e-01
6.030104422240408768e-01 5.641650713776773518e-01 6.263437154097672988e-01
5.983677779116661766e-01 5.483478533678041167e-01 6.180578414628955519e-01
6.182876224284741262e-01 5.994068947508301992e-01 5.766337349165067128e-01
6.020825219906580372e-01 5.349936278876740170e-01 6.084882494038432732e-01
5.719865637457504093e-01 6.251498471243590593e-01 7.077054728341635181e-01
5.799661069631656396e-01 5.938843278543378679e-01 7.216360098028808956e-01
5.849562829735781566e-01 5.973461320666710872e-01 6.414227744199585413e-01
6.566808993103585568e-01 6.002721535148984877e-01 6.424565173876923829e-01
5.996143091548761239e-01 5.754886835771548803e-01 5.839194637880863459e-01
5.848069630796620677e-01 6.191571804003508372e-01 6.714995539187232909e-01
6.220049789465010859e-01 6.072292759813890939e-01 5.850491465786360479e-01
6.876287624752581706e-01 6.127767467286484582e-01 5.105485854876714580e-01
6.075741399374730012e-01 5.503981911928481630e-01 5.876091568966105294e-01
6.047623193076815395e-01 6.590417334168240382e-01 6.560591473011572194e-01
7.359379459606568696e-01 6.557438107218627188e-01 5.113317061129198926e-01
5.893414100113754106e-01 6.486566661879957785e-01 6.903083520963444464e-01
7.396103741957176236e-01 6.512897825697189225e-01 5.656208447269606143e-01
5.985870454956121467e-01 5.945207612960146104e-01 6.400089712078534943e-01
5.828334138460116165e-01 5.968945949669486328e-01 6.350084241354975179e-01
5.994493126982390896e-01 6.143367706229492242e-01 6.254822438416054453e-01
6.267669369601092111e-01 6.244709851337115758e-01 6.593550187843135735e-01
5.459073469768517262e-01 6.192583617615876612e-01 6.394967542347855805e-01
5.329519943177170038e-01 5.971944203340080470e-01 6.405032457652145572e-01
5.296937201439866350e-01 5.801874062562242251e-01 6.425162288260725107e-01
5.338302210782459589e-01 5.720712487559220794e-01 6.294318389304962569e-01
5.371516545160524014e-01 5.465445305079386085e-01 6.264126801496828767e-01
5.519136710712861937e-01 5.345310318178555509e-01 5.827561148492595988e-01
5.773820481033680174e-01 6.331165370112177282e-01 5.759740338782839419e-01
5.631001372581427855e-01 5.901169018693973589e-01 5.920778983651471261e-01
5.422688720333410650e-01 5.595598398625181158e-01 5.738865725484205704e-01
5.795330110512488808e-01 5.330802106163711196e-01 5.745219392217398857e-01
5.191150883531058247e-01 5.915313200237324320e-01 7.087697134939898724e-01
5.535396830017942360e-01 5.865894666548256975e-01 7.070738223508102882e-01
5.715617268673369722e-01 6.157900431225746818e-01 6.017455044229325090e-01
6.218069006824451517e-01 6.155482147256640113e-01 5.816094348406775083e-01
5.510488555045053305e-01 5.995774444249650781e-01 6.180519322434312457e-01
5.360359375737919763e-01 5.321184471784698999e-01 5.972753972517290677e-01
5.181236575836628555e-01 5.767804617922211996e-01 6.843064926109291291e-01
5.473825529024087810e-01 5.649896295606799956e-01 5.902067557994119529e-01
5.719279521044138281e-01 6.434217564082039820e-01 5.909740338782840663e-01
7.396628677284202702e-01 6.509959957767104122e-01 4.546737043987534865e-01
5.561747887724405315e-01 6.300871882962619797e-01 6.370778983651471661e-01
5.654698516363865224e-01 5.395303977633820747e-01 5.373267004567087168e-01
5.340040698022852084e-01 6.156142188185557140e-01 6.742706230441187776e-01
6.690523794284480852e-01 6.234032694131935726e-01 5.337129701331717602e-01
5.585773507037273822e-01 6.385543818791939996e-01 6.703198610507962174e-01
7.520897002686917077e-01 6.912201374731585801e-01 5.054624800349049041e-01
5.559155424766621945e-01 5.748283887368632605e-01 5.869967542347853673e-01
5.431868483955560878e-01 5.671834093449967806e-01 6.030032457652143574e-01
5.373911727097298030e-01 5.631309035610063685e-01 6.200162288260722132e-01
5.330048353600895794e-01 5.641260509673209356e-01 6.219318389304959727e-01
5.667494182736515507e-01 5.921434451107636665e-01 6.144141909448173067e-01
5.176777930920101189e-01 5.623417788049132060e-01 6.376708559415825706e-01
5.430943058865410622e-01 5.875457965789493420e-01 6.117507009827776177e-01
6.020103188269840810e-01 6.376884568613944149e-01 5.987332336913619990e-01
5.830202370809991486e-01 5.798142429359025574e-01 6.251402940835357747e-01
5.671781817892146416e-01 5.440607090544492541e-01 6.135895762642979978e-01
5.977087015192837915e-01 5.680827573158175881e-01 5.817007076305745761e-01
5.692485970960123876e-01 6.201003441200059196e-01 6.756959620611933115e-01
6.046998073934543028e-01 6.106836127739633246e-01 5.848751054542902228e-01
6.836647885089915944e-01 6.035590154076113656e-01 5.368300999167466836e-01
5.721820452063657303e-01 6.420666973225173102e-01 6.739860251124203394e-01
7.081842573895267279e-01 6.478916138407784242e-01 5.265395372855309342e-01
5.954303887477518931e-01 5.962822958374179860e-01 6.498951048738227376e-01
6.251631175412617480e-01 6.353855904495433471e-01 6.264442408133837903e-01
5.578403803106599668e-01 6.192551869953892840e-01 6.414193293243362071e-01
5.402888797316434122e-01 5.818230297111603999e-01 6.357420120269912100e-01
5.553622130170545734e-01 5.560207545850111011e-01 6.367501751959558920e-01
5.719835329639079147e-01 5.333285812712522667e-01 6.303230257559989669e-01
5.897651771964347311e-01 6.223302423617682599e-01 5.856773172973448460e-01
5.469428043452333466e-01 5.309008321968076149e-01 6.000806060652552620e-01
5.521300736046209634e-01 6.115704548531777363e-01 6.779485139913599134e-01
5.940485024834759598e-01 5.981024143745554689e-01 6.260207901385705931e-01
5.795289062072137565e-01 6.471367136517369723e-01 6.156773172973447616e-01
6.806125117533410318e-01 5.964674580693973827e-01 5.204449811930579317e-01
5.541294206453574178e-01 6.349975045628212245e-01 6.573906703396475981e-01
6.921465602471605916e-01 6.294435942361954472e-01 5.358788621885341996e-01
5.602438607509094837e-01 5.776846032872970937e-01 5.964193293243360561e-01
5.464281188128936595e-01 5.714695403325824596e-01 6.207420120269910857e-01
5.859708276353583489e-01 6.087662652242474826e-01 6.123525882113679542e-01
6.053437462604329689e-01 6.293107164155726796e-01 6.149123567002262591e-01
5.810798654692590492e-01 5.629121200906215261e-01 6.275971369283300794e-01
6.367641619638956252e-01 5.465942370738018363e-01 5.812667565080237297e-01
6.693672769596514804e-01 6.001569569771562085e-01 6.208720797764544219e-01
5.702700839087350149e-01 5.917580295558877435e-01 6.454239039596552097e-01
5.625514026187299343e-01 5.603943288091319808e-01 6.082946161483189229e-01
5.831011969201292944e-01 5.218114966492072293e-01 5.668780789062340952e-01
5.520405872740566933e-01 6.261773173737128495e-01 7.098403915721741564e-01
6.777722822888129217e-01 6.328998486028292181e-01 5.618521251493213686e-01
5.897170657164361174e-01 6.148911583186049690e-01 6.226618681801554533e-01
5.379521487952703129e-01 5.348866799202907085e-01 6.322024053724848436e-01
5.985358047808251314e-01 5.439519898355523742e-01 5.482123326945720354e-01
5.434644192721375111e-01 6.198282379441277801e-01 7.080834267446036723e-01
5.775981608599657369e-01 5.462407510497159224e-01 6.318370559801311792e-01
5.805539057836330841e-01 6.046766722293308582e-01 6.228252843414825435e-01
5.442109611599648122e-01 5.933582845660847482e-01 6.563358863381562047e-01
5.340071026409924926e-01 5.316902202887108242e-01 6.419416340099490803e-01
6.002963013870548092e-01 6.673406998190956063e-01 5.473282273236874662e-01
6.871387609225890758e-01 6.263277706890455487e-01 4.574116124293801100e-01
5.507293376740740598e-01 6.431288614260979308e-01 6.434170886107277720e-01
8.052058706253162335e-01 7.431428640662175455e-01 4.511560129769833782e-01
5.479581214957087720e-01 5.679517578660935317e-01 6.263358863381560671e-01
5.139172725690076549e-01 5.558935268644968897e-01 6.572728251798810595e-01
6.570297399446435316e-01 5.737120440323654202e-01 6.045726552929344688e-01
6.561808245965619069e-01 5.894945080509437219e-01 5.633013494067725668e-01
6.138881784128649155e-01 6.386145779365384190e-01 6.192175155207519932e-01
6.052070198799253120e-01 6.300184524839325118e-01 6.254131282733740305e-01
5.764470245483304112e-01 6.399477107389258679e-01 6.432689031361900067e-01
5.649336848155526170e-01 5.235856535081274687e-01 6.017476271402156796e-01
5.867242098772857961e-01 5.877848031012348207e-01 5.832689031361898424e-01
5.851729942950205654e-01 6.029763631311562122e-01 6.494768913855613057e-01
5.642656426184674556e-01 6.314158403815131049e-01 6.639305753475159833e-01
5.361491672979621370e-01 5.029295354854855793e-01 6.258515970982825305e-01
5.785556710049997164e-01 5.805613087841190456e-01 6.039305753475158189e-01
5.442615847319076661e-01 5.695612769182604174e-01 6.980751766141766179e-01
5.518898308220210325e-01 6.284946625933474085e-01 6.503549426184056514e-01
6.057632021424013136e-01 5.656428271658018314e-01 5.574710655924304259e-01
5.672618985613580023e-01 5.795500734546656929e-01 5.903549426184054871e-01
5.607639346260770985e-01 5.977976395214532612e-01 6.462256505091966696e-01
5.466054121711925173e-01 6.261097325249145307e-01 6.445616143954140398e-01
6.090453617833007094e-01 5.755547168147798764e-01 5.461485139973594194e-01
5.603421128749339619e-01 5.773988693944627215e-01 5.845616143954138755e-01
5.700910648144269510e-01 6.150250991974653969e-01 6.229559117760410381e-01
5.680735625199535566e-01 5.886496970461614353e-01 6.172345374620682446e-01
5.720596804535896807e-01 5.964523010705464756e-01 6.068773376741765091e-01
5.543751906988855227e-01 5.861086063415736902e-01 6.148697789332711050e-01
5.553446532267309887e-01 5.860273795239290262e-01 5.969343643711191305e-01
5.370018080881071576e-01 5.671507348003728133e-01 6.295808767445402188e-01
5.224393488726155610e-01 5.559713568748048118e-01 6.432956249196111198e-01
5.444133552000418597e-01 5.784336816164286077e-01 6.067402880982237789e-01
5.506848327428157663e-01 5.847957201470498356e-01 5.958269183467737040e-01
