5.248431905899413330e-01 5.753188729107450161e-01 6.249745431394114759e-01
5.536487004963102088e-01 5.723524025515744906e-01 5.772634890946490849e-01
5.322113161369798062e-01 5.372085030574285103e-01 6.216255261043388547e-01
5.649223056102035123e-01 5.576404850953060599e-01 5.334833278922954669e-01
5.807613994783688005e-01 6.529920105516962003e-01 6.208963500397974844e-01
5.759365526137159019e-01 6.432060953749419996e-01 6.289144812919797989e-01
6.331895613223528230e-01 6.749310758662898646e-01 5.643136506060628665e-01
6.295631674114354759e-01 6.674045462959063979e-01 5.646965071819263216e-01
6.051289488534119521e-01 6.266023110448383227e-01 6.061337260970451890e-01
5.219035802334983654e-01 5.840028498872149587e-01 6.729851407970299793e-01
5.438961755708866530e-01 6.041051010007263411e-01 6.453456740212640819e-01
6.044743926601818806e-01 6.381563180943812252e-01 5.676348684299938885e-01
5.761056431313265058e-01 5.983037967052178274e-01 5.905682716504518925e-01
5.784104838680448335e-01 5.935276115026839605e-01 5.935862169406863620e-01
5.793181731520540279e-01 5.936267349095564194e-01 6.025560245917170876e-01
5.685971233039308625e-01 5.823920124400221443e-01 5.989899665121436456e-01
5.431382094967684981e-01 5.540279314468186111e-01 6.465750691632019542e-01
5.765894384066302392e-01 5.910504112485589490e-01 6.086879127728836991e-01
5.468627439564002213e-01 5.970424454735406838e-01 5.901696537976752754e-01
5.328161753553424251e-01 5.736884016022970600e-01 6.342665338881088299e-01
5.428992587334635633e-01 5.772511567425469003e-01 6.212491470409771122e-01
5.485819038906567524e-01 5.735243547884618653e-01 6.217687702127656646e-01
5.671827725214806382e-01 5.935780764519208441e-01 5.863918556377378799e-01
6.086448931762662440e-01 6.223146001576138620e-01 5.590682082024122090e-01
5.921671461977962014e-01 5.973640638247332824e-01 5.533483635404977674e-01
5.373584223990466313e-01 5.381657765687528627e-01 6.486981782268175234e-01
5.731359842891171619e-01 5.732100875407386553e-01 5.977679460768177133e-01
6.007012652440250067e-01 6.394853077894646631e-01 5.815654961982001936e-01
5.840443561798582817e-01 6.381489904082935372e-01 6.052639164264430605e-01
5.897665983966436931e-01 6.449325057679828888e-01 5.942931935143747069e-01
6.026205170566323321e-01 6.517045517014043998e-01 5.769579975180597620e-01
6.285213510232827705e-01 6.638267689368432256e-01 5.504452612152181956e-01
6.370955166185031660e-01 6.635375959906515408e-01 5.415011570759037385e-01
5.318295724554190640e-01 5.963973417528397603e-01 6.813720564690117776e-01
5.456772340651410147e-01 6.165335104753406625e-01 6.439282212575871966e-01
5.469057455573309579e-01 6.066801706380287040e-01 6.605718949855621247e-01
5.690858027743466163e-01 6.251185555745401023e-01 6.420687723169744565e-01
5.677971242766560733e-01 6.050825399141964711e-01 5.652494177176310419e-01
5.493401295372555282e-01 5.710421179226258248e-01 6.109306027198705413e-01
5.281730639947662675e-01 5.513124114291241273e-01 6.258025025180633527e-01
5.891110205385572396e-01 6.002277145540746428e-01 5.674241423739904144e-01
5.508071976139196080e-01 5.411211978668489797e-01 6.429827011410342852e-01
5.731762759059932932e-01 6.031485079491658574e-01 6.007577298084176842e-01
5.442576723537384531e-01 5.677688495766838317e-01 6.307903979513800330e-01
6.175022395148608290e-01 6.389241890494198328e-01 5.438576842642934839e-01
5.790788129027745201e-01 5.909975485903313785e-01 5.966174520125790970e-01
5.717584335411192153e-01 6.204524320181781238e-01 6.187652613250695932e-01
5.361860031551282102e-01 6.212678683750862962e-01 6.289458595113632811e-01
5.471868823520236180e-01 6.198213496080282603e-01 6.227608318003521326e-01
5.686428047998071111e-01 6.127431582327717008e-01 6.219596670071204647e-01
6.043979097793819033e-01 6.327055571672205447e-01 5.603326229976725026e-01
5.883728249795141529e-01 6.463059952077274684e-01 6.158420546876475221e-01
6.262047434684508973e-01 6.718698810365224539e-01 5.605940741884393175e-01
5.250103708660992519e-01 6.074698760661458863e-01 6.839353676357300404e-01
5.605352622916288663e-01 6.378291733478861358e-01 6.311578360160758905e-01
5.927150465774109200e-01 6.439508156570857844e-01 6.135078853824044165e-01
6.336503773997719247e-01 6.692223124343528173e-01 5.566041451511687388e-01
5.237029457158082213e-01 5.302561971268618946e-01 5.833930051537732364e-01
5.301729907509469264e-01 5.322587117605754869e-01 6.049944925615367008e-01
5.368659797154533564e-01 5.359681673107989930e-01 6.152285594360336063e-01
5.407196855771371213e-01 6.105331254257047036e-01 6.306995618246564739e-01
5.513212941374868725e-01 5.767536764823455453e-01 5.960222840584381565e-01
5.396677541324592653e-01 5.416810677253409700e-01 6.345315058178134793e-01
5.376194980036534954e-01 5.597159474940993640e-01 6.264509649558662741e-01
5.524414590327664243e-01 5.670736194060050916e-01 5.824449295404214855e-01
5.566658752287744205e-01 5.691740065659187664e-01 6.237962746807976799e-01
5.737000131066847253e-01 5.938886482542249379e-01 6.065564900806068582e-01
5.455885547955374726e-01 5.517895630943683294e-01 6.358480141013719278e-01
5.500186343179802595e-01 6.061799321573611010e-01 6.343064871076184996e-01
5.279200951315323742e-01 5.712874043732792950e-01 6.712174093893310545e-01
5.330928323704823280e-01 5.736646240297209598e-01 6.483727326421691028e-01
5.516952012888616252e-01 5.716956483266220079e-01 6.373858220027296406e-01
5.882836326683724693e-01 6.053577804434899789e-01 5.874888218448695021e-01
5.444564200345607397e-01 6.182722340708421971e-01 6.210411369061532572e-01
5.481664849800350625e-01 6.062602051213941134e-01 6.378482205669595562e-01
5.404677899070300384e-01 6.085755218180040060e-01 6.612569518160142934e-01
5.535539411700458601e-01 6.416191133214201869e-01 6.413733514232993205e-01
6.159190676763313110e-01 6.638569553604141138e-01 5.650086792473688613e-01
5.727437473044242333e-01 6.484159503131141644e-01 6.223791900303559110e-01
5.457080642677986093e-01 6.332658244038649187e-01 6.638485054232070581e-01
6.185718559173871700e-01 6.725275940974162481e-01 5.782616049128670443e-01
5.509394102143536642e-01 6.275381960290069561e-01 6.489091421013180039e-01
5.698636192967601044e-01 5.850875105820425581e-01 5.754152240533454421e-01
5.494242091905865433e-01 5.638497508547499759e-01 6.051209759779054842e-01
5.280375012731566287e-01 5.730448312893028362e-01 6.304852736949235759e-01
5.308887639378028211e-01 5.539466560433118358e-01 6.211300391053222736e-01
5.255760165415723772e-01 5.837773102166412542e-01 6.368600091564353693e-01
5.466314506681549945e-01 6.083564343507543715e-01 6.195410801848765248e-01
5.513773400257184765e-01 5.995512970016756427e-01 5.984798511929931841e-01
5.287812988011904025e-01 6.262822945777026806e-01 6.695410834849087056e-01
5.444312822497523463e-01 5.842742617485694456e-01 6.434338638772642005e-01
5.188053038516793336e-01 6.193873082406771147e-01 6.874369093307137746e-01
5.574238863664271459e-01 6.148449445920152190e-01 6.562636941759802944e-01
5.264100982138765206e-01 6.425000264672535710e-01 6.696987289805020893e-01
5.274010279389398370e-01 5.840892168481210955e-01 6.160964950279326224e-01
5.256565347073463013e-01 5.815823610488206619e-01 6.269426233154213879e-01
5.257883623475365642e-01 5.848360027993619870e-01 6.230451326580038751e-01
5.182381161219105081e-01 5.723863856016478957e-01 6.420103582773961648e-01
5.636846719839839759e-01 5.915212070050213100e-01 5.866901119267939890e-01
5.339729702638346120e-01 5.974114185239752794e-01 6.137396128819482266e-01
5.684393985321634091e-01 6.019043775718679878e-01 5.687565836050127999e-01
5.211803657041205184e-01 5.825385953477975054e-01 6.282837292211587155e-01
5.450712337679410879e-01 6.080797894339370346e-01 6.046041363773577704e-01
5.924429568877287444e-01 6.055438243389645869e-01 5.622809765706118235e-01
5.548995092130357687e-01 5.932875481353547809e-01 5.998270351590198057e-01
5.924816274958810691e-01 6.081374939646682076e-01 5.511379057966531159e-01
5.529810733821034496e-01 5.908293570956369978e-01 6.100799422124685290e-01
5.523397449220868172e-01 5.652129097542271108e-01 6.108528051509571899e-01
5.528304409564703814e-01 5.641078725110347802e-01 6.174961001466565680e-01
6.094529694857226954e-01 6.291790043786367193e-01 5.591611703915688736e-01
5.910280651537171970e-01 6.094403928259881642e-01 5.789733967631924827e-01
6.126043411633668168e-01 6.281344397040952154e-01 5.702837635652862058e-01
6.217434617649770789e-01 6.354266377349790940e-01 5.594191724390193965e-01
6.087197979972978068e-01 6.300250326205434348e-01 5.740143707952924945e-01
6.413235927442244577e-01 6.669285896738451624e-01 5.429137782778770127e-01
6.503498309677144817e-01 6.776110022119148368e-01 5.381433156795845107e-01
5.553536173263979858e-01 7.304986710835914554e-01 7.051160285668763850e-01
6.073680009534208057e-01 6.358246137745003912e-01 5.690040581423614352e-01
6.493433900490732658e-01 6.807715285206814571e-01 5.401731450500262266e-01
6.373472768563203106e-01 6.623624187504207894e-01 5.578219290174371015e-01
6.205724755246038171e-01 6.476753160782546814e-01 5.740737128908450781e-01
5.580206123390719641e-01 6.431379065093549841e-01 6.257419149310323725e-01
5.523382959803931902e-01 6.400465875104180968e-01 6.316835722643161510e-01
5.535928085356464079e-01 6.408251733451857390e-01 6.331658499155290443e-01
5.536911323770542515e-01 6.408321254984660209e-01 6.346495002565846200e-01
5.527888797989324310e-01 6.400488648247952828e-01 6.361327376932575106e-01
5.485424266944683991e-01 6.376047414355388021e-01 6.376173017285047262e-01
5.466941774531736131e-01 6.368148097337378299e-01 6.391007301563211840e-01
5.477210738278583957e-01 6.374990081468063785e-01 6.405845770168927533e-01
5.480260090909189197e-01 6.376273910480303453e-01 6.420673865491486332e-01
5.431455401407982997e-01 6.348578901198513869e-01 6.450374511650101006e-01
5.314027783518188164e-01 6.409129884795464749e-01 6.648319420300434768e-01
5.315948805701028457e-01 6.424540378380431127e-01 6.519794968106823463e-01
5.842458964374412922e-01 5.871666758976092915e-01 5.458722140054654837e-01
5.587376966144137480e-01 5.636002368052237532e-01 5.830152135685907622e-01
5.382821150495382678e-01 5.480042195995677989e-01 6.088831093427899965e-01
5.674950659989145274e-01 5.765304307736742739e-01 5.626633889413491518e-01
5.524973804218497042e-01 5.527999631365111410e-01 6.045562702736347882e-01
5.902722716500287126e-01 5.928968067778411788e-01 5.442641593172612424e-01
5.855441357371191646e-01 5.943238102411519952e-01 5.625423139399607919e-01
5.783576750971550773e-01 5.907888923589583730e-01 5.536801444679575468e-01
5.397097625282083477e-01 5.457809548225585061e-01 6.166688883644182440e-01
5.689177050851643713e-01 5.719280597571754221e-01 5.756109616404980756e-01
5.517634464653081716e-01 5.530378155583212108e-01 6.094773130434847364e-01
5.727219978630821995e-01 5.781370793501469096e-01 5.687450368377129362e-01
5.461401503989331552e-01 5.492086613146247576e-01 6.163712381431147858e-01
5.761069677128886068e-01 5.848449917823543842e-01 5.801879806268984696e-01
5.905066129365621475e-01 5.928700421781858410e-01 5.726819696688847383e-01
5.875757351235499915e-01 5.922392181887697893e-01 5.743184795029747658e-01
5.748966097836682998e-01 5.877773990758393685e-01 5.783928000317127838e-01
5.482361108727833443e-01 5.554946905346388464e-01 6.111877158217544626e-01
5.747194128671420099e-01 5.832185663460672798e-01 5.720468814533503643e-01
5.807297045556039095e-01 5.827748786106288215e-01 5.780087502044216619e-01
5.639629902792728799e-01 5.823737991941040359e-01 6.248369029006048958e-01
5.667734002714011066e-01 5.675324018268969040e-01 6.144903147948779232e-01
6.162484830610068798e-01 6.076637054982174657e-01 5.611375004447269887e-01
6.188402899964362547e-01 6.065389160832939108e-01 5.574171981391272679e-01
6.074854537563987300e-01 5.901025536418562645e-01 5.641658764381620728e-01
6.203242017508525663e-01 5.839970879561967587e-01 5.293642037374617360e-01
6.178754163691082546e-01 5.758851873337509364e-01 5.325253022890555910e-01
5.771741120627886801e-01 6.201722752701626096e-01 6.850287956077314444e-01
6.140902986422792642e-01 6.519688084824343255e-01 6.381640583678986900e-01
6.284556661645059883e-01 6.605281860173113362e-01 6.234805402693768261e-01
6.427311237337820504e-01 6.560357439193291729e-01 6.022313376763606119e-01
6.367083779733444526e-01 6.455877354544967694e-01 6.162978661226901078e-01
5.805765648048157868e-01 5.729191234863527660e-01 5.532448547134781736e-01
5.583199353680305954e-01 6.142130838877355448e-01 6.728602707045732156e-01
5.787925185834417174e-01 6.262923145160586014e-01 6.314218998866246713e-01
5.990898970679945368e-01 6.311261750886694166e-01 6.038220601593931036e-01
5.778297640484638675e-01 6.016234456642863826e-01 6.477729025030848353e-01
6.005493911992501044e-01 6.234433307407838409e-01 6.271218580162463141e-01
5.759383291305464336e-01 5.966697279023791545e-01 6.492228659113041811e-01
6.123690965391657137e-01 6.354214768532346902e-01 5.750754219035545400e-01
6.596254717952304558e-01 6.664041258042876503e-01 5.456685191831748272e-01
6.525160979120588900e-01 6.469385052448494156e-01 5.694042002098635979e-01
6.151053323658153271e-01 6.029994842662120824e-01 6.249043720391719292e-01
6.393564476063549051e-01 6.163986599552795376e-01 6.034854725743326043e-01
5.681220391686090387e-01 6.029597869505967100e-01 6.354040596794497953e-01
5.890817199616205091e-01 6.130497977161997181e-01 6.149107165157985389e-01
6.336227707002033416e-01 6.307310323543815489e-01 5.729085401501692321e-01
6.133755185553084743e-01 6.210760958068521909e-01 5.708614367031632497e-01
6.502993781853786404e-01 6.371019544197060736e-01 5.625832396986725215e-01
6.738314403880227843e-01 6.305207601409351659e-01 5.962072208320398081e-01
5.813055902755263071e-01 6.493197002379620386e-01 6.477708085025448703e-01
5.874539240827276743e-01 6.486069792160624736e-01 6.350800400626823716e-01
5.834085920328799801e-01 6.365786422746814166e-01 6.495956186399675092e-01
6.084164408573078386e-01 6.473477573324555312e-01 6.282668453873296865e-01
5.824621755967630543e-01 6.065389996490656577e-01 6.654943113806059962e-01
6.091846559381897119e-01 6.334882776024342022e-01 6.301615433092496721e-01
6.676873048584704984e-01 6.682386926676486816e-01 5.730903840729660859e-01
6.486463762251544196e-01 6.394446970762306393e-01 5.999207851904219124e-01
5.927021427996088665e-01 6.278071396094645484e-01 5.962253133091925950e-01
6.120680068695103504e-01 6.318631807041178439e-01 5.759115426929504178e-01
5.740759405527581238e-01 5.736362976356365051e-01 6.343510466912741785e-01
6.581088946830820907e-01 6.238721297137990174e-01 5.848673180463908050e-01
5.903542527046046207e-01 6.205527588881880607e-01 6.220968248630280861e-01
6.252900039507686136e-01 6.442163743219733174e-01 5.831539626271882160e-01
6.106308254240320199e-01 6.120431607819913911e-01 6.078971532330500471e-01
5.941706709362554184e-01 5.861330736706980016e-01 6.223915418662302468e-01
5.682631401638542634e-01 6.447648115534647673e-01 6.624214468387559229e-01
5.988617569083827252e-01 6.564422580617050862e-01 6.084763432553346174e-01
5.911656711504778006e-01 6.242980380175372490e-01 6.432697019197268773e-01
5.995113439860153548e-01 6.107350426250331976e-01 6.565071203018160162e-01
5.581464790530779041e-01 6.177656249366598740e-01 7.010302335950071573e-01
5.973589709132416381e-01 6.459053978287856435e-01 6.610104629307893553e-01
6.299536478838798637e-01 6.618119673858491314e-01 6.317845576823630793e-01
6.173533334080043566e-01 6.395170954927281715e-01 6.381743741529761760e-01
5.934897458418558758e-01 6.184521388423545041e-01 5.968552849840202956e-01
5.975272774146476173e-01 5.805145847818395932e-01 6.187385531910589709e-01
5.990163590977743979e-01 6.290507606628406023e-01 5.815684014708322191e-01
6.010363142436664363e-01 6.139841417202009932e-01 5.694398495876821231e-01
6.071641474800649751e-01 6.239377307417293128e-01 5.860455305959724193e-01
5.956751036479555061e-01 5.934722525725011355e-01 6.093780852449599550e-01
5.726325803469011211e-01 5.979452817855075430e-01 6.472433570179141338e-01
5.837482817748148589e-01 6.487958276961459658e-01 6.426578268160971774e-01
5.998549445221257326e-01 6.197835556415228764e-01 6.340029188957454487e-01
5.910670148823307102e-01 6.510476422283214548e-01 6.477472006390407877e-01
6.693737802778852997e-01 6.774499406117460154e-01 5.796367042184500384e-01
6.070377553246411040e-01 6.334554219791426188e-01 6.344900450800943226e-01
6.192300233660048558e-01 6.654150792185760110e-01 6.174392250205983368e-01
6.151937434314755926e-01 6.715063027649759153e-01 6.290259719484149192e-01
6.041653292580149159e-01 6.450637530060225888e-01 6.371795881062947142e-01
5.997104152089229867e-01 6.525078641406122371e-01 6.519934359108205957e-01
5.769083402573942365e-01 6.033313290853206112e-01 6.315112575511137027e-01
5.780965240869833099e-01 6.155605978450281457e-01 6.116054842718665618e-01
5.935799011386098112e-01 6.315134593656464013e-01 6.041513283571069426e-01
6.236008659603706761e-01 6.309524772921252245e-01 5.592115106609939490e-01
5.676951096980346056e-01 6.048546653526101213e-01 6.393669178322165525e-01
5.901724238771430819e-01 5.960772929135904619e-01 6.150265966113455107e-01
5.889852074593018294e-01 6.606699873162873438e-01 6.517080366769678612e-01
5.578748434864352346e-01 5.922096272825246865e-01 6.584346115149157797e-01
5.814672338739972357e-01 5.936061079622365622e-01 6.237349049500622300e-01
5.918899265942265675e-01 6.313438979418123376e-01 6.201199308260414433e-01
6.315939452047020231e-01 6.419348901633549209e-01 5.660381121329747245e-01
6.584510312184951308e-01 6.466103136276386554e-01 5.639967152565992237e-01
5.718737091556076457e-01 6.007986123438856518e-01 6.860486070060494157e-01
6.031859166625374025e-01 6.339237221688167612e-01 6.609533388297034184e-01
6.771839249013571482e-01 6.715103153517001378e-01 5.712448326979168156e-01
5.936654673227814705e-01 6.620082971366882951e-01 6.596832083037978967e-01
6.741370760609579627e-01 6.766161449602752231e-01 5.711920553637364062e-01
5.957491859360894981e-01 6.600708587589607657e-01 6.708904002885878182e-01
6.080831862470785776e-01 6.713941484679083471e-01 6.264781435834589907e-01
6.106142907132046105e-01 6.729478136650854925e-01 6.294788046595374276e-01
6.009471577053433489e-01 6.677499821915890976e-01 6.324564800077642213e-01
6.030734017750835063e-01 6.688667082447099510e-01 6.354596627182967916e-01
5.973024257720356278e-01 6.657087568973918401e-01 6.384230037506316568e-01
5.968725014167570730e-01 6.655991522516768732e-01 6.413598992526073905e-01
5.958385035377649075e-01 6.650116172342623866e-01 6.443172788540498797e-01
5.877026492773050892e-01 6.602318177753049300e-01 6.561403184897327545e-01
5.710413452207329099e-01 6.509169536913488319e-01 6.855333719280467530e-01
5.617890594002135085e-01 6.455000551856521218e-01 6.947760092501730211e-01
5.620251336336532511e-01 6.498861818223867770e-01 6.929925252902582322e-01
6.171334392585064998e-01 5.870054462806262308e-01 5.845449903151274107e-01
5.963759287254021269e-01 5.735145502303887755e-01 5.995706915576923812e-01
5.806836589171021634e-01 5.664580807377328497e-01 6.090025908176639469e-01
6.054059185437721258e-01 5.974936727640283163e-01 5.803475180018474733e-01
6.156424142679446376e-01 6.058952279779996619e-01 5.445245305324308838e-01
6.544511211160355391e-01 6.278316374504837594e-01 5.498795639902589460e-01
6.032640389216469279e-01 5.896795561892991255e-01 5.841773253141343547e-01
6.066169474648588356e-01 5.947960048783021980e-01 5.676353851685114194e-01
6.401546695637914119e-01 6.238897599740895750e-01 5.486531082731902487e-01
6.848064706958212344e-01 6.648777273428739809e-01 5.197268797663219253e-01
7.163368504187140884e-01 6.803606198733935795e-01 5.126400056725232135e-01
6.349869042325313462e-01 6.260065009076556386e-01 5.474968454619810743e-01
6.371993289466557631e-01 6.204132576325873671e-01 5.673435309612555599e-01
5.755140611112068427e-01 5.520726823218322643e-01 6.489521813798196925e-01
6.316156727593531528e-01 6.106648769055185166e-01 5.749401049678336539e-01
6.370410263131012218e-01 6.168004633737111941e-01 5.846911877923186562e-01
5.992376674101878020e-01 5.915876988457049457e-01 6.335749124136126342e-01
5.892226482339348870e-01 5.778961969347298222e-01 6.526970894879743357e-01
6.498339663524700383e-01 6.484009442363225517e-01 5.862575387507531488e-01
6.701369143620186097e-01 6.731256871758291016e-01 5.621176019295291981e-01
5.090363252574454656e-01 5.759919801141364371e-01 5.987488353086036774e-01
5.210746068540623721e-01 5.508524960812586357e-01 5.969353629805719264e-01
5.334190621968537549e-01 6.300065035559634374e-01 6.322914493339664155e-01
5.533452512106245003e-01 6.478138187078511523e-01 5.994883318343606771e-01
5.945745901012505774e-01 6.521027980963842730e-01 5.658078382853757304e-01
5.882667066315181437e-01 6.445459677132325815e-01 5.565827164108464453e-01
5.510014056670700100e-01 6.174030120675537692e-01 5.836109072439170653e-01
4.904619575893860439e-01 5.731498522133163798e-01 6.585248200976888677e-01
5.231436273196742315e-01 6.019562500511917991e-01 6.258318709378609679e-01
5.769341320054743871e-01 6.193430807990738529e-01 5.500969104799187104e-01
5.760059480348738159e-01 6.146327873454884294e-01 5.614509425369629270e-01
5.557016580421110241e-01 5.838429195442419450e-01 5.907302862939070032e-01
5.933315929692881685e-01 6.130380389397622753e-01 5.585863489756169864e-01
5.127768718215681698e-01 5.993053705860751368e-01 5.908128809700464723e-01
4.915462731573322364e-01 5.576941502227923397e-01 6.473518232613671985e-01
5.037313810883856657e-01 5.646623629057840876e-01 6.317581115038219952e-01
5.641779011235554808e-01 6.068335754981158958e-01 5.553949418973889163e-01
5.319124727744490855e-01 5.776162815873004952e-01 5.864885085742848059e-01
5.709443015251289832e-01 5.990841356048428601e-01 5.541462955862164197e-01
6.291926018335858295e-01 6.266502423288633494e-01 5.482120409718780341e-01
4.947527797994905052e-01 5.957376861245855526e-01 6.667015371945965718e-01
5.295001674334556263e-01 6.298781866964662246e-01 6.195132657315067792e-01
5.222272211852212465e-01 6.174600402228080931e-01 6.221749029034004952e-01
5.603080768615016360e-01 6.512147586395422572e-01 5.826003554886673985e-01
5.715671830723916269e-01 6.336683746106885895e-01 5.727655557395902042e-01
5.558452442299295360e-01 6.106840168034448624e-01 5.905764701678848372e-01
5.177623410194195364e-01 5.773414541900004915e-01 5.795013088342785279e-01
5.054925865914075001e-01 5.705334426812520565e-01 6.045988030009921133e-01
4.996824641701214098e-01 5.545349718079499723e-01 6.429337407388009407e-01
5.213761835590929872e-01 5.760543525607715321e-01 6.012004131949535424e-01
5.456017817714183815e-01 5.748235824040272002e-01 5.994955238233061756e-01
6.008000360722032251e-01 5.977064178941073891e-01 5.782656532216142731e-01
5.009557130983408602e-01 5.638443627926135182e-01 6.474940205074337651e-01
5.368289893722735240e-01 6.025066805182134333e-01 5.850854830094291970e-01
5.747747615590976800e-01 6.149251949459799693e-01 5.712293627491983328e-01
5.455561791920128245e-01 5.806157099030171409e-01 5.800907719708390253e-01
5.266065377799444835e-01 6.284334378036473545e-01 6.107073812567429538e-01
5.330922842409905327e-01 6.228567508948750220e-01 6.095456708886390906e-01
5.361970165859606396e-01 6.174945160411005052e-01 5.909304391062873973e-01
5.698430184327805126e-01 6.304640613751899547e-01 5.595996518261059371e-01
5.593842166862703635e-01 6.022856436486956344e-01 5.736198687448890166e-01
5.225688859510724260e-01 6.270817095474443548e-01 6.394830287929390567e-01
5.489687390284907487e-01 6.494502552284142638e-01 5.962506309702892970e-01
5.638624652269295101e-01 6.565770416055748404e-01 5.685725614347970636e-01
5.800314377483402062e-01 6.470977918009608310e-01 5.585349223674702657e-01
6.060737819095185497e-01 6.558193817210822285e-01 5.524136689304572911e-01
5.456152848039272918e-01 6.358673778375197871e-01 5.834375000000000533e-01
5.274325344726272791e-01 6.251077107058710114e-01 6.071874999999999911e-01
5.207886407190804867e-01 6.212000664735666255e-01 6.190624999999999600e-01
5.087902204378078608e-01 6.041890109378749152e-01 6.288770783731438829e-01
5.001131877053828223e-01 5.826907506676743953e-01 6.084943575712549180e-01
5.208560067277556715e-01 5.729966289411654312e-01 6.004714548834075849e-01
5.851647046845583899e-01 6.117122662660349208e-01 5.449735897871307300e-01
5.067826206629013619e-01 5.769441444238809780e-01 6.005668755897539679e-01
5.132593717210445217e-01 5.554268021452943849e-01 5.984776601848125210e-01
5.085620512191487697e-01 5.912731556408730160e-01 6.114596007235036934e-01
4.970635938934569453e-01 5.641763100374015405e-01 6.254654786403190947e-01
5.111757038964145350e-01 5.524844506836816826e-01 6.137012494831031173e-01
5.143199159001009546e-01 5.750400478095332168e-01 6.299221772178551504e-01
5.719406894212060166e-01 6.152680175173590449e-01 5.550998613241149293e-01
4.961078351722806867e-01 5.945755840152795457e-01 6.949586432773842137e-01
5.740701212305767687e-01 6.487877937896053826e-01 5.715080503971678993e-01
5.283273182106891230e-01 5.564923682076593492e-01 5.331375554914619119e-01
5.025666605319264457e-01 5.286680050536112230e-01 5.652564619914919319e-01
5.259932141548109286e-01 5.520068536790587732e-01 5.215442027817593917e-01
5.245520127816523104e-01 5.462545465920676246e-01 5.370937392142653977e-01
5.137848581496283762e-01 5.300502234343618113e-01 5.858126940495647084e-01
5.376206633466361628e-01 5.635603859687434714e-01 5.540752839290674636e-01
5.033429398586071191e-01 5.247468943343890357e-01 6.040112464283999838e-01
5.035331840620581589e-01 5.201967973656062005e-01 6.197491981437055486e-01
5.035780562779521574e-01 5.888435149287171155e-01 6.280380206222747619e-01
5.212276438789236188e-01 5.636867450553669778e-01 5.904242882598373932e-01
4.946421980657894624e-01 5.856005282555865055e-01 6.306486322942235212e-01
5.187678646984540398e-01 5.618636748379118862e-01 5.990528601042377499e-01
5.207037110271408586e-01 5.995245739964352172e-01 5.819700280638715473e-01
5.165307561651422130e-01 5.653014679505630191e-01 6.041750698154761956e-01
5.148990505320483191e-01 6.037113094512538414e-01 5.835551897113948616e-01
5.030951051828758125e-01 5.762282389475571476e-01 6.266868592884691225e-01
5.380861579555564767e-01 5.934761956287830653e-01 5.596081306997664484e-01
5.490680151419509158e-01 6.044668645074380287e-01 5.751701012879215646e-01
4.965079702048741384e-01 5.702237136815304641e-01 6.441635959102813835e-01
4.943333770490934143e-01 5.695090158134465952e-01 6.472029255090395727e-01
6.361145447854391621e-01 6.790169823632479229e-01 5.047452523779667466e-01
5.295321303312016115e-01 6.135446493490854802e-01 6.323794158566746759e-01
5.185505476672961356e-01 6.203070812825182134e-01 6.264855801661641799e-01
5.052192814261566856e-01 5.720368996500080350e-01 6.112653854248097929e-01
5.151209979715124510e-01 5.938943756784154093e-01 5.709251392146812432e-01
5.063301433869527024e-01 6.133735226771523941e-01 6.323986442901049498e-01
5.063257178808759917e-01 6.131329488615587797e-01 6.353454361682042695e-01
5.064226166025305176e-01 6.133394327890115960e-01 6.383200804523951888e-01
5.015500790917246654e-01 6.102883987043656866e-01 6.442848619509626840e-01
5.012341898607515223e-01 6.095315108844401308e-01 6.472666513335636473e-01
5.030515297828670462e-01 6.103863135689906461e-01 6.502319698771025225e-01
4.999197936371687079e-01 6.088837543474597824e-01 6.532074648112604631e-01
4.926893632519592781e-01 6.046037343824712806e-01 6.591808322493588612e-01
4.941084264940840409e-01 6.055274759682323094e-01 6.680748647601274515e-01
4.987899004556315408e-01 6.264881221366314090e-01 6.577331445013581135e-01
5.828922593337011460e-01 5.986260997860974875e-01 5.340071526022294179e-01
5.368661764346496224e-01 5.566909796100616425e-01 5.737909961724244612e-01
5.429509645997276923e-01 5.756747349586304185e-01 5.464833171030800685e-01
5.610981881526623249e-01 5.868445510048310165e-01 5.301085925768955764e-01
5.499338353525637935e-01 5.817589500939318592e-01 5.562830801350981957e-01
5.479459517054312556e-01 5.694933341681698291e-01 5.751795112050182013e-01
5.379684147041411402e-01 5.579820153547467854e-01 5.746433076188562916e-01
5.681341042807814823e-01 5.912394770385834830e-01 5.439037400298913916e-01
6.265229137631860290e-01 6.358047296252271607e-01 5.037453916087224481e-01
5.841180602857101167e-01 6.051460282506273547e-01 5.297167263872508691e-01
5.755181171022925035e-01 5.998438260848087955e-01 5.454732842626203171e-01
5.352996067787367807e-01 5.604964353125329035e-01 5.948187808140503741e-01
5.470900628389345766e-01 5.789088237403099413e-01 5.579046439241945876e-01
5.587400826137436383e-01 5.842838745206708762e-01 5.577896910742389247e-01
5.610098319780241205e-01 5.914956319652970862e-01 5.533915823591035732e-01
5.419307149295210513e-01 5.739691923325854761e-01 5.836408227287986916e-01
5.396852452611522466e-01 5.663338455287839635e-01 6.008461774738760308e-01
5.124392662466138448e-01 5.280821884864747018e-01 6.476537260354422454e-01
5.804588273313325830e-01 6.148797827713101682e-01 5.390665659113580421e-01
5.825052950627238602e-01 6.215386038769747934e-01 5.320276105199697181e-01
5.125296785483606232e-01 7.005017581280160721e-01 7.136561738782910558e-01
5.586590860343383369e-01 6.036474532358654388e-01 5.951826952447372143e-01
5.095118565902310159e-01 7.022853730779701209e-01 7.011784474680680113e-01
5.961380771594206873e-01 6.336955194286302273e-01 5.554360065901887689e-01
6.035795813988578118e-01 6.533258531702997862e-01 5.328334842781061731e-01
5.956358752729125072e-01 6.400248835139574766e-01 5.577946667035653672e-01
4.884104892695743660e-01 6.062872744160308081e-01 6.867502985566378282e-01
4.914671044970242431e-01 6.147667824976602580e-01 6.774157774460685122e-01
5.021524034683821913e-01 6.239656135388171876e-01 6.592265531302923254e-01
4.944000577604403812e-01 6.120448216958931376e-01 6.817450746041777698e-01
5.826439332134428772e-01 5.983144584902824192e-01 5.595369888674186498e-01
6.148939692145036773e-01 6.092847072532888708e-01 5.383950549267559893e-01
6.021048534391544305e-01 5.942388654924248836e-01 5.308343831638788757e-01
5.978568574753138076e-01 6.545004614965668210e-01 6.271619501509015926e-01
5.583702408400514905e-01 5.656340778540500658e-01 5.587849901213631787e-01
5.521092668663332148e-01 6.172502470228183880e-01 6.304734900985115020e-01
5.805388932481334585e-01 6.187586611538554715e-01 6.115389003138547164e-01
5.564793341122089565e-01 5.878773116550251032e-01 6.437337090700986364e-01
5.897032685090035642e-01 6.088685935376199065e-01 5.974334238025498234e-01
5.647390815071025028e-01 5.748377741413626119e-01 6.472048557479659348e-01
5.667316647976194943e-01 5.737573944657772262e-01 6.403710708260532680e-01
6.093772547022799912e-01 6.085308751814384465e-01 5.828061409863366515e-01
5.761973616685379662e-01 6.176124787058456800e-01 5.978674099352678795e-01
5.807724505142535243e-01 6.106657630961916938e-01 5.935141253160767238e-01
5.837460467424284705e-01 6.049799895991018195e-01 5.814277800747691405e-01
5.962389668379397545e-01 6.027840142785776401e-01 5.644424689937428408e-01
5.671608218497485865e-01 6.432012951216610208e-01 6.527901999990503024e-01
5.722732485668653446e-01 6.454245312188515715e-01 6.343575691332690170e-01
5.750744490338337567e-01 6.360416202737566582e-01 6.417995522752295567e-01
5.896040965438509307e-01 6.379872144359324260e-01 6.104994003027883753e-01
5.880769075858043315e-01 6.298666179391445574e-01 6.213599000608478473e-01
5.953061340595577899e-01 6.230940584086130940e-01 6.087355406216554687e-01
6.235707768170110077e-01 6.394334322634322998e-01 5.866579859165503841e-01
5.996804665679762447e-01 6.359317820254677400e-01 5.504070940948435631e-01
5.867933642955207585e-01 5.894174478351146274e-01 5.866187197122577635e-01
5.557786161745776887e-01 5.895418744122535859e-01 6.406071334645385695e-01
5.801732546616731323e-01 5.959648659387672964e-01 6.134162509853740008e-01
5.509338833993080442e-01 6.218691616881262263e-01 6.652933783493262254e-01
5.615878574965840198e-01 5.996653311946369413e-01 6.528735130095625339e-01
6.180708788337804238e-01 6.388439635926945748e-01 5.797230795335808207e-01
5.930734856389123788e-01 6.626541838405526352e-01 6.265388797456823422e-01
6.125267737508107713e-01 6.642751429378140893e-01 5.975095804530998755e-01
6.311630833598920187e-01 6.603837953621249923e-01 5.789782872672432079e-01
5.483533567498553030e-01 5.413315482433634918e-01 5.831025302006678235e-01
5.804743640119667258e-01 5.738492884296841900e-01 5.638689587588815444e-01
5.803913783925231940e-01 5.736092599301095829e-01 5.750602062989574881e-01
5.545534425410761914e-01 5.442541367599297297e-01 6.150040215285290657e-01
5.518945265113803789e-01 5.979750378845849479e-01 6.138312421542995168e-01
5.933985844572022827e-01 6.125935521782441828e-01 5.732612218881190103e-01
5.782373227120296555e-01 6.316391210488929708e-01 5.858338714301799532e-01
6.113784424101327275e-01 6.336551133209795683e-01 5.346832234110378002e-01
5.471089626533323091e-01 5.976374753368731696e-01 6.375974937117444563e-01
5.781664343297920894e-01 6.003657348608214539e-01 6.175775603797135638e-01
5.608215013222997980e-01 6.122579639370535620e-01 6.245242569296178825e-01
5.827599453917406969e-01 6.005196837446206137e-01 6.320572365830872119e-01
6.524231123814868694e-01 6.565268205285599290e-01 5.667607826400093973e-01
5.381958774616719676e-01 6.422122360864856994e-01 6.869767291156131384e-01
5.987658960794792762e-01 6.699220794286159242e-01 6.334501604369975336e-01
6.207354185785634026e-01 6.511267729833958295e-01 6.089312682651075725e-01
5.776804464187841326e-01 6.548691278963054696e-01 6.279669718061542394e-01
5.690381711889826999e-01 6.502208957707034109e-01 6.397632992893422799e-01
6.195196562967975051e-01 6.178429167283930878e-01 5.619736382386850693e-01
6.394831922567505433e-01 6.402620564120982127e-01 5.769427593100787677e-01
6.195915949291952440e-01 6.213139402425100766e-01 5.997436914987821499e-01
5.819400329654602633e-01 5.668636600874417120e-01 5.966955513781473375e-01
5.966764781135525109e-01 5.846991286751261896e-01 5.777080674333541221e-01
6.054865042261712293e-01 5.960947359679020785e-01 5.765562231964465045e-01
5.790442948739860096e-01 5.766733682990867749e-01 5.940351093294200524e-01
6.098687553282269302e-01 6.133459094874703643e-01 5.421953197758186960e-01
5.375968887446446187e-01 5.733752933741196323e-01 5.818472679219337529e-01
5.128572646859668183e-01 5.571445322496916264e-01 6.231985363998133742e-01
5.584199194960109969e-01 6.398417105925888748e-01 6.203028733691011709e-01
5.879398928634844701e-01 6.419736811697965839e-01 5.962124441842604483e-01
5.949030818110201402e-01 6.434698280586397257e-01 5.689932711401757270e-01
5.315701996841344368e-01 6.112508296388421414e-01 6.005710348727637538e-01
5.667963537483259318e-01 6.127778216492089092e-01 5.626769436535479230e-01
5.955307626498471674e-01 6.364782018541910169e-01 5.540256903510402120e-01
6.114542689713922119e-01 6.400286447881273766e-01 5.468016335371495007e-01
6.149301525046091399e-01 6.409110135528726104e-01 5.410718896550866797e-01
5.214612866645014222e-01 5.543447186669498983e-01 5.883445145782097985e-01
5.364345349801531437e-01 5.914313516386472402e-01 6.078299047568108682e-01
5.492194073342813176e-01 5.877978512604558059e-01 5.766389361462388452e-01
5.339121628569905020e-01 5.533618087289777776e-01 6.120373791994222490e-01
5.094538185306812794e-01 5.995934965016094242e-01 6.680557534952404897e-01
5.550000543415729570e-01 6.403253111712219336e-01 6.087252908301890031e-01
6.465958314835269505e-01 6.857055613098910207e-01 5.084163390654677928e-01
5.298861787697166648e-01 5.850343635745658410e-01 6.034926092403009035e-01
5.607634057249957227e-01 5.910907288430792272e-01 5.531413229759085670e-01
5.070256736599290104e-01 5.708072198016356236e-01 6.550836635555410403e-01
5.209551933972937920e-01 5.803945318934078390e-01 6.189562211586463469e-01
5.832144432271720857e-01 6.088269935858778847e-01 5.740402863387428223e-01
5.378278093039413621e-01 6.327572057176138465e-01 6.204350257374077193e-01
5.896043805253865511e-01 6.458660940741646206e-01 5.572146043354890832e-01
5.477888599310777318e-01 6.334176819335003428e-01 5.934247375360912624e-01
5.613851559415871106e-01 6.240231850083084453e-01 5.962341391043604055e-01
6.054949231540713850e-01 6.425331580929303232e-01 5.527086334643593890e-01
5.727396575157850389e-01 6.342647238573297930e-01 5.951234534456039116e-01
5.541065940617840857e-01 6.232681132872308627e-01 6.156878394122311526e-01
5.965962004554498099e-01 6.425663491277976425e-01 5.707499198212713232e-01
5.354748427351594398e-01 5.817024381606201722e-01 5.878143529100223752e-01
5.290589304557130612e-01 5.782428639211540933e-01 5.998704951741187230e-01
5.154472153504955356e-01 5.697023722078637942e-01 6.141426717721166773e-01
5.131357719317946042e-01 5.942949333516454047e-01 6.321723003135322205e-01
5.260345513926271144e-01 5.644781860505460047e-01 6.025630867988560624e-01
5.070644913388246966e-01 5.716795108060805930e-01 6.372058187216551595e-01
5.097922846145949149e-01 5.501584232296941046e-01 6.483591418018117558e-01
5.614569609580999376e-01 6.109807465337202537e-01 5.805029285418716878e-01
5.392015879144329560e-01 6.085579205507225531e-01 6.272597064876620498e-01
5.472429440685504520e-01 6.149036606190090293e-01 6.125923593894548880e-01
5.082310518898265350e-01 6.608618131803106754e-01 6.985639528083491534e-01
5.599631304018426459e-01 6.385834897106736907e-01 5.996222379811366743e-01
5.219392951515287038e-01 7.132579890985681903e-01 7.015240809560323587e-01
5.487814498706686805e-01 6.292784165966767151e-01 6.325986377770653757e-01
5.694434112203043963e-01 6.495783946497603045e-01 5.804687499999999778e-01
5.637024982444960308e-01 6.465288791113317224e-01 5.864062500000000178e-01
5.615137396921836554e-01 6.453302127100574159e-01 5.923437500000000577e-01
5.540940339937684422e-01 6.410993083127149994e-01 5.982812499999999867e-01
5.521863493750160945e-01 6.400286804496659876e-01 6.042187500000000266e-01
5.466329870707786753e-01 6.369563030579459273e-01 6.101562499999999556e-01
5.411001060501965387e-01 6.335336622821502450e-01 6.220312500000000355e-01
5.337898984000117864e-01 6.300746028554091716e-01 6.279667160112000213e-01
5.122523671936314305e-01 5.642214543067007870e-01 6.420561011327006185e-01
5.261555625819122062e-01 6.257008518825970533e-01 6.335364894520832957e-01
5.027503309064607073e-01 5.643818193663305838e-01 6.379343376796490217e-01
5.262485551603479639e-01 6.256701687917641808e-01 6.393374456780842596e-01
5.160936114915225525e-01 6.196321685893909637e-01 6.447315540854283711e-01
6.098799275414863441e-01 6.415267943169015163e-01 5.143013272421057547e-01
5.098986184951228573e-01 6.626281915193771299e-01 6.909328886476028275e-01
5.562746580880028047e-01 6.273089123947865886e-01 6.212401947257416568e-01
5.101245579337204683e-01 6.597501854514785657e-01 7.070105121925321923e-01
5.357451013757053015e-01 6.081672902722567997e-01 6.366835519506295338e-01
6.104814793185906474e-01 6.502375336912094017e-01 5.490340930775585715e-01
5.535363301182321116e-01 5.702018515005808919e-01 5.043238130397016405e-01
5.233936079139165365e-01 5.356805041369057108e-01 5.631007862991486146e-01
5.379822381693134536e-01 5.560278378453404891e-01 5.472503562352999396e-01
5.218024954969605611e-01 5.345860198756711146e-01 5.722611184073846946e-01
5.218760477549218013e-01 5.344029380011852126e-01 5.755403897449935524e-01
5.181398073093623768e-01 5.299307009501365018e-01 5.830597012726452810e-01
5.459816586264552019e-01 5.660210701073500328e-01 5.454912459543388437e-01
5.299010347469126359e-01 5.449645287380702197e-01 5.678636243436430142e-01
5.319341777093680168e-01 5.387275337650951901e-01 5.836723727393628991e-01
5.191217843251101360e-01 5.291664673370880534e-01 5.954350472217491141e-01
5.507967967850477820e-01 5.674564305832766609e-01 5.588783473160375825e-01
5.279583370690221766e-01 5.413863863972321333e-01 5.871743228084758126e-01
5.480462422971035252e-01 5.609752758803570050e-01 5.588825983135379261e-01
5.476840405776896015e-01 5.648016653032182921e-01 5.780837250050061549e-01
5.780555530134197095e-01 5.984340087675759090e-01 5.381913634290774739e-01
5.293676471510428971e-01 5.540752261912429422e-01 5.858495780198534897e-01
5.308765939450457161e-01 5.488136450785865428e-01 5.980683072937893474e-01
5.326287573474741688e-01 5.524636830830703671e-01 5.968833273904170511e-01
5.432020513369922865e-01 5.605783935698473996e-01 5.953382056894613861e-01
6.111589550395595261e-01 6.325795619014427107e-01 5.160349062968880851e-01
5.163830315040078833e-01 6.345584387332763310e-01 6.518350430531132389e-01
6.140285190486690636e-01 6.476809389769269121e-01 5.447756877793791253e-01
5.092402488049874165e-01 6.213467774948473465e-01 6.801334604605202561e-01
6.394056174205871024e-01 6.717093758174206286e-01 5.179462450007299434e-01
5.286285250112114920e-01 7.140701019451746179e-01 7.111592151660572902e-01
5.857476393502900613e-01 6.183442455338047372e-01 5.847409188490698684e-01
5.282673728490310250e-01 7.161356658111543982e-01 7.043438447038997685e-01
5.929345669643140138e-01 6.232691103592693516e-01 5.822335347021212471e-01
6.208691798620240565e-01 5.942634062934188943e-01 5.134110764840293939e-01
5.873560820727352638e-01 6.417648978076962996e-01 6.612540052304548555e-01
5.934797004735810066e-01 6.212585885612214032e-01 6.128816747849126223e-01
5.872665211201871793e-01 6.264013711682840935e-01 6.285705007786275278e-01
6.063784972225909620e-01 6.161149920099806554e-01 5.870220141167818984e-01
5.863669894186764875e-01 5.859202850281933772e-01 6.255961357258574829e-01
5.904057158672992855e-01 6.243210011305274643e-01 5.972457675548885625e-01
5.804955862481495643e-01 5.938909674587573573e-01 5.990766476361943926e-01
5.800910987067526836e-01 6.249235482925638019e-01 6.470427147319031125e-01
6.580462159904079122e-01 6.764109443249843867e-01 5.516859002057079575e-01
5.897481398326134272e-01 6.338497844964803285e-01 5.725877939402006511e-01
5.967872234115282337e-01 6.044704533824484249e-01 5.923738468658460432e-01
5.580462033310416015e-01 5.940904802051660827e-01 6.647399821660786579e-01
6.122006377902711183e-01 6.132216543108613971e-01 6.363086164461371208e-01
6.083843976492773198e-01 6.246664013656779701e-01 6.124107717488964653e-01
5.452362605255782757e-01 6.396058999934968181e-01 7.004490465696912027e-01
6.100486746325730625e-01 6.414347954518246908e-01 6.058415542920371211e-01
5.808750080663495075e-01 6.569624364873791755e-01 6.424686822977515588e-01
5.692297380585057409e-01 6.505922031979658460e-01 6.654833849746464303e-01
5.792112337488133367e-01 5.585055605457585060e-01 6.127214225484256538e-01
5.985275745852018936e-01 5.821781351917399983e-01 5.984243773658790566e-01
6.138102797701139313e-01 6.114533059930590264e-01 5.543394947878735879e-01
5.357041897102773342e-01 5.678968954848557793e-01 6.136148121498077312e-01
5.834741954443005696e-01 5.681737046654800061e-01 5.324244941318607705e-01
5.842955648475922636e-01 6.557579714552086436e-01 6.247413686423598511e-01
6.209629002850156620e-01 6.615447317671845351e-01 5.900881887858234753e-01
6.515146530165746297e-01 6.794680959307772827e-01 5.611239616781198425e-01
5.395639676618074754e-01 6.120454260002904379e-01 6.571727393128289352e-01
5.807070555361935060e-01 6.230175416919999654e-01 6.001073859720468251e-01
5.812551184290226658e-01 6.279930004787533937e-01 5.948140840371652915e-01
5.721062762119093481e-01 5.934863453190218907e-01 6.131195107851976633e-01
5.758394684412663223e-01 5.843762646731313071e-01 6.123508899959309026e-01
5.411195036374398804e-01 6.101591073999133030e-01 6.458410470218642896e-01
5.258042884566490605e-01 5.536098420147554933e-01 6.556392459534310380e-01
5.264347709886580962e-01 5.711404829267683336e-01 6.415595916657782505e-01
5.361844211992138343e-01 5.459281766871949548e-01 6.527922408410422594e-01
5.450113757415999682e-01 5.956032110645541611e-01 6.760416629121408505e-01
5.884400144695203227e-01 6.126425146338969618e-01 6.248394969821823297e-01
5.633007703986525616e-01 5.961579480214208582e-01 5.923956067572776485e-01
5.412870679741976776e-01 5.853528067264860413e-01 6.160391622860525995e-01
5.365194237658887921e-01 5.869223745217093668e-01 6.269718913906600077e-01
5.609822851825230217e-01 6.122133520872929946e-01 6.068938579011964318e-01
5.566828895371671582e-01 5.877111905632896871e-01 6.374748581937316194e-01
5.501755921117758019e-01 5.743685870797325954e-01 6.684804599549858395e-01
5.822808380585253740e-01 6.436371148930183361e-01 6.317657766690731869e-01
5.891382082912898221e-01 6.147547264238999443e-01 6.479858747658260310e-01
6.018113387362622468e-01 6.677889292708392155e-01 5.834375000000000533e-01
5.890261206377644942e-01 6.607995852162440453e-01 5.953125000000000222e-01
5.793554902323236888e-01 6.554276552641715714e-01 6.071874999999999911e-01
5.719007483084053156e-01 6.511146129386313763e-01 6.190624999999999600e-01
5.573234404537323883e-01 6.434550650060605337e-01 6.428024808115866406e-01
5.503981050994727342e-01 6.560599958555777267e-01 6.598023152747407583e-01
5.870362973922882421e-01 5.880818773956184575e-01 5.230475889559362823e-01
5.542329866773667568e-01 5.516461295361172468e-01 5.640139541763733444e-01
5.689553023682074606e-01 5.716664338793658873e-01 5.527756220079320659e-01
5.823531130937815714e-01 5.818003686703767663e-01 5.485749205435246356e-01
5.864216819297074501e-01 5.844177383305464435e-01 5.228392722307438900e-01
5.755898566571324704e-01 5.763346035234693243e-01 5.489385056160054344e-01
5.763000350131806115e-01 5.769551291158763195e-01 5.529605510238781996e-01
5.460391562794009168e-01 5.467309136753355503e-01 6.097279894833337321e-01
5.494863416401978284e-01 5.581407699545870571e-01 5.974945169600842654e-01
5.715420321651600855e-01 5.762727180918685299e-01 5.997346518046869912e-01
5.596046541993704437e-01 5.601436549235070395e-01 6.146486356535703077e-01
6.143493428367958753e-01 6.309190148542722643e-01 5.827192877371623059e-01
6.161109334787537861e-01 6.340488569128142071e-01 5.879290935665597573e-01
6.185573689264529662e-01 6.411330814761502239e-01 5.570239951866331474e-01
5.749409837203180995e-01 6.294485898831172488e-01 5.918656928540063644e-01
6.188391977202629679e-01 6.500767963139695294e-01 5.359577238247503761e-01
6.148323067677593512e-01 6.289731077610505316e-01 5.537545872731425289e-01
5.733074698201104935e-01 5.963074216313519749e-01 5.559572440356836953e-01
5.744855087466518295e-01 6.388012831193174978e-01 5.957956856332899953e-01
6.380578992299377195e-01 6.813362854728093332e-01 5.262512885380594696e-01
5.551217456408296114e-01 6.412851708729782052e-01 6.131250000000000311e-01
5.168658271807778926e-01 5.755635919851165294e-01 6.277969249473465130e-01
5.622277293800161946e-01 5.972892257813403605e-01 5.868189537210921625e-01
5.579707324775938782e-01 6.205949562737179681e-01 6.218342611723444158e-01
5.493994054772748381e-01 6.286284660912688782e-01 6.315623318077280279e-01
5.478888970526329949e-01 5.635909423487941439e-01 5.242841077814717199e-01
5.305835853959490755e-01 5.412134504791921152e-01 5.752373170064504215e-01
5.666398732253807857e-01 5.768460686611004418e-01 5.521250884404882431e-01
5.440663955288960185e-01 6.355811091861780504e-01 6.310597727278400848e-01
5.156762270575390161e-01 5.698744065852204832e-01 6.355874719776521964e-01
5.356862767194880970e-01 6.307075476987271667e-01 6.425677481550153836e-01
5.201729824628836818e-01 6.336533169048537140e-01 6.673969068349023814e-01
6.438388688923198933e-01 6.682188074473704997e-01 5.445749470764722489e-01
5.669805885360581499e-01 5.717893252724819408e-01 5.546513327325318654e-01
5.810195512353932834e-01 5.820760287658017784e-01 5.575922203987533354e-01
5.836109007363436962e-01 5.968311096661228499e-01 5.452957037679044827e-01
6.024409498679990094e-01 6.134152676641755342e-01 5.391804477310737642e-01
5.472098960517799426e-01 7.250694947199868290e-01 7.062078598120430373e-01
6.018980643190789959e-01 6.282839578457899421e-01 5.647334145185558540e-01
5.437326403075675163e-01 7.272375591766963021e-01 7.023791200469710061e-01
6.194316971537499050e-01 6.523762045687251376e-01 5.599516995907256600e-01
5.217792171597011031e-01 5.813821316670392259e-01 5.761264796972643820e-01
5.190835891766709675e-01 5.753411140870279272e-01 5.699166217509316068e-01
5.583639172478600532e-01 5.767438440027115032e-01 5.374780536874474990e-01
5.731033175653250655e-01 6.491947331611702676e-01 5.863630937953155930e-01
5.049187032784445694e-01 6.116536076921326170e-01 6.484107182182193840e-01
5.460733949488500993e-01 6.097218562369570716e-01 6.018133410705490682e-01
5.095789485629853566e-01 5.703062216100767134e-01 6.377996153707293780e-01
5.645141661237362829e-01 6.149880268182159604e-01 5.510412854474487920e-01
5.591535163290841659e-01 5.986222072230569236e-01 5.697207864591433690e-01
4.962015885797030346e-01 5.551057383841833115e-01 6.402066533201311582e-01
5.286390051030785964e-01 5.679560316245821916e-01 5.865068160340062287e-01
5.523472069124327755e-01 6.235262656315706531e-01 6.035226813128304890e-01
5.826021115536088590e-01 6.389153573390156104e-01 5.670317777810049975e-01
5.066863014324856085e-01 5.201756284587091272e-01 5.640431602666902133e-01
5.054381380482023678e-01 5.970984340286862313e-01 6.230313236973663571e-01
5.293190048574216711e-01 5.722902104741195428e-01 5.953041533439593636e-01
5.223998478328897299e-01 5.684571914019773686e-01 6.195639200211400244e-01
5.493744345525708450e-01 6.228784030758025558e-01 5.976690651187404058e-01
5.960030178603363815e-01 6.577628656162055609e-01 5.350425539372088979e-01
5.384095982158746407e-01 6.274181627082793256e-01 6.164105640729791169e-01
5.870963823705108720e-01 6.583367239661301884e-01 5.705329042471216638e-01
5.494261654939522899e-01 5.665283934063451987e-01 5.139344410606753177e-01
5.606065696243360819e-01 5.729811120540146963e-01 5.349730729533909157e-01
5.649797592095723298e-01 5.786870978089229123e-01 5.259158789434691395e-01
5.243855838253081991e-01 5.929549923081484097e-01 5.943643312638702270e-01
5.103697032158462932e-01 6.158959138305123426e-01 6.430232290530784045e-01
5.275997008847259639e-01 6.020873994353932446e-01 5.898853406016079104e-01
5.015352143102121962e-01 6.138864267589794199e-01 6.881963547946566839e-01
6.113150569892917829e-01 6.543756467809107580e-01 5.475069433802356444e-01
5.733357400391738690e-01 5.936963593347850399e-01 5.549027699837403294e-01
5.809217584774704068e-01 6.012922386749329773e-01 5.396409877110956987e-01
5.255192315788193014e-01 7.127361477454541294e-01 7.064670895800162498e-01
5.707993735558301029e-01 6.157147094009892685e-01 5.684006141237654131e-01
5.163369642335962073e-01 7.063810882487148168e-01 7.153162388336090638e-01
5.876287494682268520e-01 6.290607709251900825e-01 5.730113044996831828e-01
5.694641354717715487e-01 5.766674532140115828e-01 6.013617775556339140e-01
6.329974601595738104e-01 6.656562679956252726e-01 6.101669419888169354e-01
5.826299093981907040e-01 6.240512431333032906e-01 6.250188790546751250e-01
6.463753227230462084e-01 6.479960499700601062e-01 5.723706375433186277e-01
6.085511927554045908e-01 6.185769010912337551e-01 5.737227774833260074e-01
6.304583782457269248e-01 6.509815378539185460e-01 5.865757753832452348e-01
5.783615871102648631e-01 6.555896678860819726e-01 6.600270862241965908e-01
6.706046544624137962e-01 6.734770450954081777e-01 5.690912387193702848e-01
6.254978380848593700e-01 6.195191089890301761e-01 5.750429375489565231e-01
6.273207047723108332e-01 6.196179438437579012e-01 5.877544469135222993e-01
6.188834838280314887e-01 6.494282647456626201e-01 6.175052739342512531e-01
5.658115767079743286e-01 6.149106169541123101e-01 6.293518237461424025e-01
6.114382405704854584e-01 6.206859104149953232e-01 5.989294557044217981e-01
5.698617849937758217e-01 6.166003808658933050e-01 6.185317696172014656e-01
5.686934481651507722e-01 5.798480360483531104e-01 6.323676810747258514e-01
6.055798344078955342e-01 6.344505240608138141e-01 6.003415888193475158e-01
5.886281632269196873e-01 5.680512534955010073e-01 6.058133630614539467e-01
5.667629598469405838e-01 6.488968746469321314e-01 6.601922983162767933e-01
6.700472847476968141e-01 6.826732356359042075e-01 5.433349197939911779e-01
5.919158693950519190e-01 5.855784189246959759e-01 6.017409494934866654e-01
6.073636210134669700e-01 5.974871412500735168e-01 5.915816274039717992e-01
5.684742107105760223e-01 6.173867322927808488e-01 6.167473932572269391e-01
5.768091592573943993e-01 5.866374125251618832e-01 6.359018656046022677e-01
5.416068391297802487e-01 5.902423168310186874e-01 6.353614653249013422e-01
5.786339468969017297e-01 7.527680147494629770e-01 6.795140950102387389e-01
5.790898137227101783e-01 6.224081843530701041e-01 6.409305133020534173e-01
5.996832985722497789e-01 6.194812899273085538e-01 6.359668815181300783e-01
5.409959857219801549e-01 5.338735801528516900e-01 5.940990593821534604e-01
5.762666590688430013e-01 5.701457938800690295e-01 5.851935238981859078e-01
5.955051278445773200e-01 5.960338126187622043e-01 5.474043973341690128e-01
5.891756156096381591e-01 6.029184191025910300e-01 5.701672477884366375e-01
5.370242835526082281e-01 6.349305042750803540e-01 6.712023247013891858e-01
6.207535169659221808e-01 6.254495547963851987e-01 5.738144154965483246e-01
5.636060125315265346e-01 6.659385453067085958e-01 6.583637371239815517e-01
5.529383064396294900e-01 5.569414305976878588e-01 6.160962577463067191e-01
5.300421966486348335e-01 5.513270935832432773e-01 6.148304857554454106e-01
5.472892646594527122e-01 6.308101424196126406e-01 6.737667699112199760e-01
6.040350443553686999e-01 6.468004390015401617e-01 6.116427194707309001e-01
5.693192105100584044e-01 6.014340323373463804e-01 5.674627453772767005e-01
5.766963291957220017e-01 5.993621942818172510e-01 6.065963898808489629e-01
6.245083005097467055e-01 6.797448504974610284e-01 5.537499999999999645e-01
5.787392796368645564e-01 6.551324814918957351e-01 6.012500000000000622e-01
5.268104561045112710e-01 5.770386372330966740e-01 6.552254824202206063e-01
5.291950345701379455e-01 5.830174153164282558e-01 6.871857283509961167e-01
5.841090228484951963e-01 6.206945960515626304e-01 6.229062362725656943e-01
5.583451077781498295e-01 5.467672856460237263e-01 5.374847881345278244e-01
5.821567008039603142e-01 5.811097568676543146e-01 4.867494622182741981e-01
5.952197474067655314e-01 5.910422986837258197e-01 4.991733393508095418e-01
5.856396755665111975e-01 5.867514439688572558e-01 5.232728459110462804e-01
5.257518919937200774e-01 6.310813367643284266e-01 6.922117463984222008e-01
5.390749925007087828e-01 5.389455722348335254e-01 6.364718604783787814e-01
6.357916711695408285e-01 6.667846962981252013e-01 5.536706391867574073e-01
5.152712564330494960e-01 6.180707725400094166e-01 6.731020861027890989e-01
5.726143638797557278e-01 5.964888967141425136e-01 5.588612001937320883e-01
5.759819657881188881e-01 5.824686666213984010e-01 5.270601379060948499e-01
5.459267119134797452e-01 6.364516557273138808e-01 6.368228485191842481e-01
5.716566434341520120e-01 5.796798348334621931e-01 5.481120284067784176e-01
5.698652052017890712e-01 5.855101173836334549e-01 5.770040044365329912e-01
5.066110522402432759e-01 6.147702650033186611e-01 6.948348496019458587e-01
5.111235956408732850e-01 5.979121058511180919e-01 6.623858865671001794e-01
5.694578815954147721e-01 6.160833871511941506e-01 5.810416321182736432e-01
5.589279560019247972e-01 5.834773766211358570e-01 5.785782145228767215e-01
5.208497799452623811e-01 5.884037247890652189e-01 6.268217877341339950e-01
5.417625455982846283e-01 6.116785864627987124e-01 6.424330888576235132e-01
5.676829382483876696e-01 5.793614940982751982e-01 5.235888566196171823e-01
5.365346332385099171e-01 6.311838546031118824e-01 6.364180145482938311e-01
5.379028130565863819e-01 5.570552408171574044e-01 5.860766504985888137e-01
5.639250954207304378e-01 5.866483676953870852e-01 5.694706637227973101e-01
5.174558168519068913e-01 6.332547153914573901e-01 6.555747647038178139e-01
5.223432214636423154e-01 5.705346411574969689e-01 6.020273196033902874e-01
5.945024269506640202e-01 6.484442555039010569e-01 5.784046156769344638e-01
5.280788725188705346e-01 5.850742420125907284e-01 6.326057849931718824e-01
5.634048488877219096e-01 5.900842016085696695e-01 6.030010825281033604e-01
5.543456092757624853e-01 5.930144109823559662e-01 5.532365821297260400e-01
5.242050366951498397e-01 5.812886248929016730e-01 5.914981048814941245e-01
5.334756148410157994e-01 5.639420237251328016e-01 6.438970513710465804e-01
6.020563076537421843e-01 6.384308455214864342e-01 5.574711223469456245e-01
5.719005447793426011e-01 6.294434527644898747e-01 5.957603482676904205e-01
5.729795527307166569e-01 6.519254556940770051e-01 5.656250000000000444e-01
5.546028440956342065e-01 6.417706029352048258e-01 5.893749999999999822e-01
5.391983408331080252e-01 6.327404666684257606e-01 6.131250000000000311e-01
5.610939803232584122e-01 5.711044796801478807e-01 4.864272701471379357e-01
5.472658432153647556e-01 5.505596128537596501e-01 5.327442215241564583e-01
5.272601734691970687e-01 5.330087209051146413e-01 5.689336705513496906e-01
5.195068674317777635e-01 5.334963831193326733e-01 5.738194194189456532e-01
5.496884289732637541e-01 5.675031205792961941e-01 5.527999652455829471e-01
5.521563368950428430e-01 5.580708697102552129e-01 5.744322870344840126e-01
5.275864777394125849e-01 5.449926100375068749e-01 6.091481351993704996e-01
4.992205433825389060e-01 6.139561713546139998e-01 6.836080376623949739e-01
4.936332964479419050e-01 5.408389282515676522e-01 6.284959659889759465e-01
5.894262337423918918e-01 6.456001198330127977e-01 5.667415650800358140e-01
5.518341598980348595e-01 6.366128335065062149e-01 6.022358991319494148e-01
5.588409246752231718e-01 6.301826284419673740e-01 6.098349501734006139e-01
4.914212929586364020e-01 5.971397218847525057e-01 6.631689794282975559e-01
5.003334630394309368e-01 5.863178510998274806e-01 6.457881877531199688e-01
5.353732295944454433e-01 6.014315226300305239e-01 6.078057305806190413e-01
5.557016450052452150e-01 5.960632325152703803e-01 5.958760909819126317e-01
5.183500973830341696e-01 5.217902025512552999e-01 5.570384173746029122e-01
5.097947456314596559e-01 5.681583136767411890e-01 6.035122170578886003e-01
4.993171359440038426e-01 5.718408770933742780e-01 6.249063758704135330e-01
5.454564410498237148e-01 6.367361050785006471e-01 5.893749999999999822e-01
5.248003788680376536e-01 6.244627905674760004e-01 6.131250000000000311e-01
5.563983947972566124e-01 5.714751460359012158e-01 5.072032162197379623e-01
5.284080862384349375e-01 5.351967660930638804e-01 5.728449949287783838e-01
5.645871090077427823e-01 5.881055406514554829e-01 5.504618176539599617e-01
4.930079034371528390e-01 6.153536152308161089e-01 6.756254561766100730e-01
6.553222522056505461e-01 6.662474660127153392e-01 5.962415078092517806e-01
6.273921095541192816e-01 6.221667917850235430e-01 5.666599144619011152e-01
6.184077405470554956e-01 6.331256425345670458e-01 5.951744772157947505e-01
5.902571441298297694e-01 6.615041626928288565e-01 6.486555909540888676e-01
5.970947626766252014e-01 5.870813026238099752e-01 6.097512308411900950e-01
6.510805798478697115e-01 6.682385043457437224e-01 5.832219573233332621e-01
5.773434630571727677e-01 5.895315206774988104e-01 6.468613500731044130e-01
5.814837570748199180e-01 5.728228515541047283e-01 6.257858908850389978e-01
6.311922497708617463e-01 6.310816475153785410e-01 5.570759757664390799e-01
6.106550435389108689e-01 6.288614243253274338e-01 5.929896420591651562e-01
5.767000535612907264e-01 6.543246354165579426e-01 6.481856001368097031e-01
5.670408097868149255e-01 5.528789562727303153e-01 6.550658056129152751e-01
6.422136309514836494e-01 6.451441133082630452e-01 5.525650223551630269e-01
6.036250248852804701e-01 6.267988404582858220e-01 5.997013858121453822e-01
5.698305841097675017e-01 6.502420859573740941e-01 6.485146119421425492e-01
5.873749608103018272e-01 5.856163537493875859e-01 5.947953604652354009e-01
5.641052015406615716e-01 6.470057242345830240e-01 6.499544915060568862e-01
5.809069790404060019e-01 6.302432027671329706e-01 5.954730328439352682e-01
5.351967348393982249e-01 6.327671036452762188e-01 6.869018787440135387e-01
5.599070420139328208e-01 6.015100613957622411e-01 6.766885619418832043e-01
5.784514099071755844e-01 6.398914693791701858e-01 6.464145983227278514e-01
5.784290780773309049e-01 6.068959794703348010e-01 5.742387442303125145e-01
6.587136638667325794e-01 6.595992505732897193e-01 5.371412124754482154e-01
5.566020906588736716e-01 6.425050219982073596e-01 6.506004164688806712e-01
5.237406216385066537e-01 6.251262605953045171e-01 6.893446437722814402e-01
6.045542502033793841e-01 6.692703939511722711e-01 5.775000000000000133e-01
5.371115478751770089e-01 6.322337323023198286e-01 6.711795060124543522e-01
5.532037825753997051e-01 5.415636581621224854e-01 5.542675619542296594e-01
5.987678615352093336e-01 5.952059117512780162e-01 5.098905211805184745e-01
5.519847211493247308e-01 6.404250731683549525e-01 6.485999125129652265e-01
5.210607167240629556e-01 6.231129331844251773e-01 6.950148214012864534e-01
5.589394279117694264e-01 5.590225004585649415e-01 6.034479248590991496e-01
5.739144432441591892e-01 5.794661240737899455e-01 6.044195338491893388e-01
6.123225568049631695e-01 6.294773135604745384e-01 5.582027753557017302e-01
6.135014891267741577e-01 6.316316655603233521e-01 5.808679938363571216e-01
5.508679839212345941e-01 6.149517056463229547e-01 6.252949063142295705e-01
5.550689507248982579e-01 5.906988750812016686e-01 5.690917992015687155e-01
6.431768775421157214e-01 6.896172919699985471e-01 5.300000000000000266e-01
5.825149139901135698e-01 6.404854197451994580e-01 6.270250800527282786e-01
6.146854968468966618e-01 6.620345856256428796e-01 5.700177798555748909e-01
5.966728088140195174e-01 6.652264069788684786e-01 5.775000000000000133e-01
5.313673723542885474e-01 6.261222618473507584e-01 6.768587016262954670e-01
5.376568840929291104e-01 6.019408496888012383e-01 6.375998314131254840e-01
5.533763667742506165e-01 5.421029046909269233e-01 5.496636735254423201e-01
5.654251320703811423e-01 5.595102848519855065e-01 5.598837694654772434e-01
5.456277495668495625e-01 6.356813669900843733e-01 6.506229801840819338e-01
5.143148835257669305e-01 6.150851133549215533e-01 7.024553961294495164e-01
5.791769863443814170e-01 5.751100906945829649e-01 5.889058580926858077e-01
5.641776900633926894e-01 5.704542215255938853e-01 6.136455748161493418e-01
6.463819539689473759e-01 6.632041605158789377e-01 5.571831973625025469e-01
5.653228302087542900e-01 6.353800637226887371e-01 6.419898974529695268e-01
5.693124171047461157e-01 5.901856517674126668e-01 6.038605690384039049e-01
5.795317466587619482e-01 5.853817897582096474e-01 5.602878234700918725e-01
5.595300338182633837e-01 6.327860030540717329e-01 6.387332656770881023e-01
6.034634853560507661e-01 6.267323523443200095e-01 5.475291264433959082e-01
5.580627890489054943e-01 5.612090174174595436e-01 5.925421205015943826e-01
5.538224307210666275e-01 6.294810368399677003e-01 6.453938403346102248e-01
5.900334271452500889e-01 6.117689148189173753e-01 5.682283802977492471e-01
5.909172759411149833e-01 6.069105047821630183e-01 5.361027990299820356e-01
5.570721416149302385e-01 6.378403080864756269e-01 6.340309057802285819e-01
5.807265859571484334e-01 6.112945816918113895e-01 5.686108533198732662e-01
5.449921470493112041e-01 5.610180695263233819e-01 5.887252296299665399e-01
5.379996570298022363e-01 5.881854901578315031e-01 5.658575719808649485e-01
5.276631345970925757e-01 5.603314882885074288e-01 5.613216903849261863e-01
5.100879319174753679e-01 6.099681781497374722e-01 6.408762660688079871e-01
5.445342924726763734e-01 5.862577923720082573e-01 6.091156628678038309e-01
5.878404214517441995e-01 6.601853278808358372e-01 5.537499999999999645e-01
5.485241079044052004e-01 6.383463891779237454e-01 6.012500000000000622e-01
4.981604008283372353e-01 5.633055137473721441e-01 6.493006510531802444e-01
5.398823247460894370e-01 6.107966499300054863e-01 6.330440187574057909e-01
5.305656015951786264e-01 5.327135436501957422e-01 5.411581675625131149e-01
5.473099743693388142e-01 5.533663032936622095e-01 5.260685920319103648e-01
5.568234369572029330e-01 5.768867029647151146e-01 4.953651176646574061e-01
5.165455386780190006e-01 5.319951876056708828e-01 5.981298113648625403e-01
5.282202485131363145e-01 5.792458395913495650e-01 5.764007573816871677e-01
5.178932186400031501e-01 5.502964048286230758e-01 5.734120431752864899e-01
5.035196617853752166e-01 5.981645813144943480e-01 6.550753481648692311e-01
5.547117108916462813e-01 6.069438762549301813e-01 5.869875583493830984e-01
5.430970960327703434e-01 6.349717922059598951e-01 6.012500000000000622e-01
5.131425372794380380e-01 6.175109793176606354e-01 6.477286399715140863e-01
5.110943150625774090e-01 5.759401254801377323e-01 6.318199621657958343e-01
4.859445748956494615e-01 6.029911244746292143e-01 6.921696306082125716e-01
5.428297164296826960e-01 6.153965310897548946e-01 6.365139969731656855e-01
5.114796756818625889e-01 5.269224983116720384e-01 5.784134250862124071e-01
5.140712587735728478e-01 5.259470514591874091e-01 6.089642731087108185e-01
5.117289623182335045e-01 5.929408257851384034e-01 6.257570919897165185e-01
5.234989833778486146e-01 5.871915800889733195e-01 5.792603802990494710e-01
5.164184520585459737e-01 5.607927016101555973e-01 6.065931273475271279e-01
5.188654138341924904e-01 5.511119154027017686e-01 6.040479088743015978e-01
5.064766904973775352e-01 5.274352756950627663e-01 6.205882100633495213e-01
5.554441590886085578e-01 5.871688834999062578e-01 5.172643017943896471e-01
5.358487916283281027e-01 5.409051958251716030e-01 5.438351912580114966e-01
4.943776056532245278e-01 6.072222275768868194e-01 7.174995253058877864e-01
5.196704824818095814e-01 6.347860306045647327e-01 6.627553723386370166e-01
5.401702991238415130e-01 6.373656258236675143e-01 6.318338435826562627e-01
5.834691173839789968e-01 6.573758942022057683e-01 5.907170035343288772e-01
5.882182690309805118e-01 6.400773868770626152e-01 5.854661185214380392e-01
5.355502973667991551e-01 5.871052833761281065e-01 5.629559045138639028e-01
5.242677249799165828e-01 5.627145980250942703e-01 5.450044633356100343e-01
5.695715349588973409e-01 6.010612395417067599e-01 5.606483048702819438e-01
5.828611070979354825e-01 6.352596572592289492e-01 5.457850609255441299e-01
5.749288079189576184e-01 6.529571422930209312e-01 5.537499999999999645e-01
5.369880718726516289e-01 6.316258810143876579e-01 6.012500000000000622e-01
5.065874005760083731e-01 6.134709698870113304e-01 6.489394207117220592e-01
5.159029854155666728e-01 5.851865028803484581e-01 6.122928380629950595e-01
5.554856594735502195e-01 6.370800580670200608e-01 6.017708923345428396e-01
5.200585344716361913e-01 5.250190546828463756e-01 5.419538612759058349e-01
5.444948552989297141e-01 5.598154327724320645e-01 4.973840794139645638e-01
6.203626806496387314e-01 6.227778191466357693e-01 4.681139420704735210e-01
5.597456268929653644e-01 5.739172714202904757e-01 5.236180218997337210e-01
5.115813290670672142e-01 5.940443649275165550e-01 6.236692979574174345e-01
5.568948897619956373e-01 5.808662436694944642e-01 5.339336264616341143e-01
5.684805457893051805e-01 6.527679366659128180e-01 5.879689489544672742e-01
5.902898514076303504e-01 6.541551549384033715e-01 5.637696309542038486e-01
5.242085528246458459e-01 5.771589728889728876e-01 5.758106521419577017e-01
5.018071995922983586e-01 5.396627564018031675e-01 5.796293828492560252e-01
4.996415514595851648e-01 5.889438139214908663e-01 6.663199098819886368e-01
5.612407442989466588e-01 6.161857306229940878e-01 5.770054963202686515e-01
5.709420127466109385e-01 6.508025277225855110e-01 5.537499999999999645e-01
5.362941424699027015e-01 6.310196920891331107e-01 6.012500000000000622e-01
5.020815200581187909e-01 6.095624345225820750e-01 6.507559112432310666e-01
5.001352121427866670e-01 5.723625999766664973e-01 6.288232759354563939e-01
5.204712628432439647e-01 6.041530985638269291e-01 6.373498667206541901e-01
5.659696221545228445e-01 5.856595845888508123e-01 4.841137618920196006e-01
5.065025924669747104e-01 5.331980518857920570e-01 5.896816671112703467e-01
6.020584265985217121e-01 5.800340132224484080e-01 6.150134835567233615e-01
5.955979160158588748e-01 5.804652782640009612e-01 6.087643621215107492e-01
6.034499628347769207e-01 5.958083160017477731e-01 5.750495567616472625e-01
5.981980644493116728e-01 5.891518483951216911e-01 5.861930086275966012e-01
5.961080862474226194e-01 5.876417143021324119e-01 5.769796673954048494e-01
5.693567544091306942e-01 5.586859381381268363e-01 6.271093457483909450e-01
6.296691982899755846e-01 6.244716780668406741e-01 5.513978072302875288e-01
6.008580476080002120e-01 6.023103331445364139e-01 5.499478197912583965e-01
6.188471463250555527e-01 6.229818009625323061e-01 5.358653266442244822e-01
5.687432220922035153e-01 6.414553061572861870e-01 6.774534319551517303e-01
6.248023837827866300e-01 6.581773840072340231e-01 5.947241185234967142e-01
6.118952076117778471e-01 6.734770644422980457e-01 5.775000000000000133e-01
5.646080955462764450e-01 6.156860604474534426e-01 6.236461828383557116e-01
5.624305812300101071e-01 5.465759994273823308e-01 5.481435212069361018e-01
6.009590297309217455e-01 5.923154305779595452e-01 5.239417755027399037e-01
5.694468515347390625e-01 5.700717080624884137e-01 6.059726146961694759e-01
6.424950516663194833e-01 6.552889309058403944e-01 5.581842796692511044e-01
6.074645510789865588e-01 6.711551758844880311e-01 5.775000000000000133e-01
5.390533826504979587e-01 6.336208122654722885e-01 6.717642252529261171e-01
5.594899795970720291e-01 5.420835464535167514e-01 5.584151019919051384e-01
5.663888140827832984e-01 5.558715964055733760e-01 5.765281473524328515e-01
5.493239154171986049e-01 5.555454517001898740e-01 6.217951954685215776e-01
6.122207062137779987e-01 6.366614829107171136e-01 5.653337126724031769e-01
5.727649104513241607e-01 6.512333562484169391e-01 6.250000000000000000e-01
5.740940612110775332e-01 5.609158348589722287e-01 5.075295112177269363e-01
5.511849191600053377e-01 7.271087445996762266e-01 7.243843167715546816e-01
5.781298017160704239e-01 6.424622666578823083e-01 6.416757245594295611e-01
5.911082476294917676e-01 5.836984154990596529e-01 4.982797803539892323e-01
6.292967790186074772e-01 6.351871662437789112e-01 5.530477625648354545e-01
5.758843077806503619e-01 6.434166988413112520e-01 6.406975803647059209e-01
5.818285246815706468e-01 5.820684557748956323e-01 5.250608846003849139e-01
6.381354564264118956e-01 6.507661629926049240e-01 5.444170618940558093e-01
5.359410957926904473e-01 5.855882356618336004e-01 6.187273363990036801e-01
5.567517445360274930e-01 6.326337723948696201e-01 6.839724335631065522e-01
6.228408899680076827e-01 6.705318401836417586e-01 5.714833848534613958e-01
5.629909243313844236e-01 5.575869059610114586e-01 5.427847052947307738e-01
6.186467623735767418e-01 6.319900863004497271e-01 5.519901190973736105e-01
5.798808259901722106e-01 5.854910813439814232e-01 5.894214826414216901e-01
6.197510834246275913e-01 6.316668047556780463e-01 5.790516221945702924e-01
5.631993171322386971e-01 6.460020574243111602e-01 6.250000000000000000e-01
5.341327897199612540e-01 5.852654790439271171e-01 6.212001221295684328e-01
5.680785156142273973e-01 5.564930426882795933e-01 5.224002442591368922e-01
5.283812649369937775e-01 6.382502858152740988e-01 6.964725198015782048e-01
5.337287630320828313e-01 6.228927771047959583e-01 6.765486751994526093e-01
5.930575922242938836e-01 6.469708573583673461e-01 6.079678709703142392e-01
5.449276612216684690e-01 5.458247453062909926e-01 5.654966235810907627e-01
5.816504193028818603e-01 6.100336836255293438e-01 5.709940492050283867e-01
5.638477441246962929e-01 5.786237255757713527e-01 5.744232533033858390e-01
6.328593752055384769e-01 6.546435793770382094e-01 5.537169539496176185e-01
5.618381982525708640e-01 6.185138003532124618e-01 6.079143238021625928e-01
5.715151595480395530e-01 6.325799653777015585e-01 5.937870051890214995e-01
5.498262561160665030e-01 6.106395601572047749e-01 6.150497600370796736e-01
5.434157689747953768e-01 6.056882247724426627e-01 6.180216117996899516e-01
5.331679209979540701e-01 5.939763321273230368e-01 6.386122088353052284e-01
5.414467068055401899e-01 6.082699372884294853e-01 6.255369175519576164e-01
5.287129882666572467e-01 5.862318545930245151e-01 6.508607657308076444e-01
5.511531938178245715e-01 6.138750948801217078e-01 6.207691185338342077e-01
5.782722433814491136e-01 6.031884356943437719e-01 5.336899059069681872e-01
5.661427990426751711e-01 6.480772160807792837e-01 5.775000000000000133e-01
5.056839208126596708e-01 6.124401110045392116e-01 6.734138164947571781e-01
5.326323462487774218e-01 5.412320807726529459e-01 5.752521710334668192e-01
5.550298968052560511e-01 5.812491119264834305e-01 5.803472557440616519e-01
6.135785519693450762e-01 6.495519679862451490e-01 5.500134439184045654e-01
5.246159902575716627e-01 5.982040928818336267e-01 6.732577211498618208e-01
5.631511321640537693e-01 6.466146424878489452e-01 5.775000000000000133e-01
5.047205522501281294e-01 6.120753201729518533e-01 6.733990880185070083e-01
5.283385169537528903e-01 5.366217344040562498e-01 5.399145948412420459e-01
5.843867631552737141e-01 6.004963913107916884e-01 5.092608829252046609e-01
5.812703820708955416e-01 6.027494188368951455e-01 5.519568868139044238e-01
6.402940924144817636e-01 6.772446089527531798e-01 5.142488886215381694e-01
5.043790515933574969e-01 5.704696390488468438e-01 6.618144963009737758e-01
5.575423477767473823e-01 5.753198204810147098e-01 5.069175893125539289e-01
5.578696095905497643e-01 5.844683904145921982e-01 5.507416712370603040e-01
5.309526784884236461e-01 6.005909584888139419e-01 6.277180898830829747e-01
5.526576472969649823e-01 5.684212020159939982e-01 5.282981054852037284e-01
5.303260072583086959e-01 5.506785042308613987e-01 6.066558334582704548e-01
5.258750698388618972e-01 5.912236525521217256e-01 5.745771898192786331e-01
5.285102363703289008e-01 5.674837246654793610e-01 5.603725634821250523e-01
5.700024497133062695e-01 6.011992549823405030e-01 5.298244210988510838e-01
5.596600060698988521e-01 5.773529472358467363e-01 5.193509640376443581e-01
5.112877194418661286e-01 7.034120053598358346e-01 7.121686558750255358e-01
5.544760031527853350e-01 6.436910794491792487e-01 6.160023272887651391e-01
5.946195404754769376e-01 6.670107272327193693e-01 5.635256363671574675e-01
5.595489825479460499e-01 6.445550038271976589e-01 5.775000000000000133e-01
4.947935545686866776e-01 6.072041134076702207e-01 6.685843279375127679e-01
5.496228456050982203e-01 6.245579802651606283e-01 5.867686214509174603e-01
5.230462835769544849e-01 5.318505423751165306e-01 5.369339103273266245e-01
5.951092932191883733e-01 5.981433605017123512e-01 5.100886049420019219e-01
5.417861981796233684e-01 5.663755834783483767e-01 5.769292040298490409e-01
6.183364884301860709e-01 6.681560356099507381e-01 5.216786512607591852e-01
5.257343824293546630e-01 5.887152465858003225e-01 5.625906741341302197e-01
5.307242519449427709e-01 5.267101649876138048e-01 5.382930026915357935e-01
5.545752192447246376e-01 6.416228682604099287e-01 5.775000000000000133e-01
5.121782328475773527e-01 5.756476811402642113e-01 6.520841180729528563e-01
5.319450904359361854e-01 5.454132705041766505e-01 5.620100292155600918e-01
5.624982671754248376e-01 5.971246014748810005e-01 5.303908760931208555e-01
5.472142375364812406e-01 5.629947508327117767e-01 5.347931454908745330e-01
5.059367230671822924e-01 6.964186287950488996e-01 7.170693081196621854e-01
5.416685746165842419e-01 6.543948174306422061e-01 6.191690254278372496e-01
5.613998155616868324e-01 6.357697248310423266e-01 5.959805057386929894e-01
5.520507244850666462e-01 6.402773857234498323e-01 5.775000000000000133e-01
4.878007384284987480e-01 6.014752234777489548e-01 6.710346540598310927e-01
4.990606737761036360e-01 5.664757386550430818e-01 6.638057756989517166e-01
5.141775942893529461e-01 5.229930333929930786e-01 5.479829164754237425e-01
5.226717770784983230e-01 5.372551764548729736e-01 5.727105709525976973e-01
4.939976722159497013e-01 5.471185070681985341e-01 6.277569407032315141e-01
5.178420695855441291e-01 5.543418486041276072e-01 5.986562124130851981e-01
5.522677087825602626e-01 5.654025707615963903e-01 5.335344506739301274e-01
5.656694428871406055e-01 6.415097476431896872e-01 5.857339138585820892e-01
5.509818175899878767e-01 6.394279390612704894e-01 5.775000000000000133e-01
4.899575892399827270e-01 5.999644330824857041e-01 6.800017530562083579e-01
5.133698240988942008e-01 5.851855905194808249e-01 6.395736077025291344e-01
5.127985230091450797e-01 5.265673892962601244e-01 5.349357289357119516e-01
5.509912948574084979e-01 5.716205249963624002e-01 5.097144100828376878e-01
5.704660838924706656e-01 6.000563210212367382e-01 5.540163621649945025e-01
6.103957571645459712e-01 6.595857137541423221e-01 5.223659317682899372e-01
5.466731472889714283e-01 5.917975233462025031e-01 6.223399316169102580e-01
5.822206660195972105e-01 5.620524197191654192e-01 5.246798632338205426e-01
5.969524059933604132e-01 6.585061789418328315e-01 6.304426102392408637e-01
5.427174261173151049e-01 5.421895546884777373e-01 5.731500483318003880e-01
5.458162057579423188e-01 6.378298765982253204e-01 6.679763085149651447e-01
5.974923793503883473e-01 6.055179419242018302e-01 5.798466240301810570e-01
5.465033328909856269e-01 5.913306461410572368e-01 6.205466282294749281e-01
6.644434343719006764e-01 7.008131408689599606e-01 5.300000000000000266e-01
5.823879906885593982e-01 6.489533220649008616e-01 6.376657402889269743e-01
5.489567008414852900e-01 5.481116189170198716e-01 5.649449762839535705e-01
6.099919858620630464e-01 6.207221695481069945e-01 5.677160350208336759e-01
5.458335640048400661e-01 5.926239360029240677e-01 6.166528159000994602e-01
6.626874106591469360e-01 6.998850026947092129e-01 5.300000000000000266e-01
5.486103733458831400e-01 5.516121235441714399e-01 5.561421935195112187e-01
5.405944447874573289e-01 5.885753581616062213e-01 6.199435721421477918e-01
5.457818168443280271e-01 5.429683238192697381e-01 5.686845226667078812e-01
5.966245080018464098e-01 5.988212217024144746e-01 5.340669891487215271e-01
5.250803453370695983e-01 6.290217235878829971e-01 7.090082563429838114e-01
5.895967297682160879e-01 5.957881002541900450e-01 5.300389681680991449e-01
5.312971427952182246e-01 6.422449547296827932e-01 6.820641543695120657e-01
5.749857237186686287e-01 5.884993918120022816e-01 5.639418892654555204e-01
5.279082936068231202e-01 6.397438466524665301e-01 6.858173558752159726e-01
5.729592134100816025e-01 5.868656860077026138e-01 5.649672679437649503e-01
5.251715485422545626e-01 6.273451688160458506e-01 7.136508129229375275e-01
5.849324035928999965e-01 6.501586774301788552e-01 6.266067154043755139e-01
5.825626000827501816e-01 6.442323602792840997e-01 6.405482912955400288e-01
5.814716969204554164e-01 5.890892996735571652e-01 5.363310305405024625e-01
5.695621183347481242e-01 6.372279799810121048e-01 6.460262526799904759e-01
5.384102547925220250e-01 5.459775999871576690e-01 6.034726489169699448e-01
5.641844622513765284e-01 6.329633572287820531e-01 6.473000076271603342e-01
5.126016889361366680e-01 5.677697279711215739e-01 6.328534769315212749e-01
6.128041524313869726e-01 6.735775465107012305e-01 5.300000000000000266e-01
5.079454331245079057e-01 6.236819657468612998e-01 6.930070243487890247e-01
5.126140843817650339e-01 5.200296256817620311e-01 5.812306718772020098e-01
5.714994949598017904e-01 6.050690932183786508e-01 5.724917648381803170e-01
5.098994882740257584e-01 5.663497268551811459e-01 6.319548492663016326e-01
5.251346186291823148e-01 5.332193037059860252e-01 5.606058752811622359e-01
4.939140712316962278e-01 6.060094121054185878e-01 7.193600554937455982e-01
5.697536990683766955e-01 5.853465904914854079e-01 5.016884857139998211e-01
5.964933521172017805e-01 6.246230564155037523e-01 5.506019976286211648e-01
5.083390972336488955e-01 5.693159006301573566e-01 6.209998388078706855e-01
4.932241256393622986e-01 6.056403751214209930e-01 7.194486145892542428e-01
5.599634485321134392e-01 5.776967228880049987e-01 5.079227451746413102e-01
5.901666738073563234e-01 6.130671880424629627e-01 5.558246668904462950e-01
5.253785621672475425e-01 5.924283684251689941e-01 5.927415476779085424e-01
6.001707233002691044e-01 6.667962883161242527e-01 5.300000000000000266e-01
5.086010774041400673e-01 6.277693330368167013e-01 6.885757368307905413e-01
5.769295211998888284e-01 5.836624145407627307e-01 4.920400798561251343e-01
6.157022253694475200e-01 6.465810057746090855e-01 5.266839050143866663e-01
5.005526773719821687e-01 5.656614483450195241e-01 6.167083355263494049e-01
6.003781478406071681e-01 6.672577853697779782e-01 5.300000000000000266e-01
5.069002550708761046e-01 6.298408940058701777e-01 6.777918386476329271e-01
5.516956842248017523e-01 5.572334355918896476e-01 5.262433061709586024e-01
6.089934206200460221e-01 6.384632215309564707e-01 5.324885941674117884e-01
4.948126970415243076e-01 5.628310164197373178e-01 6.206769943912018306e-01
5.949007092798184182e-01 6.642009004593011356e-01 5.300000000000000266e-01
5.065895818812747864e-01 6.306729537102383487e-01 6.729454879557293934e-01
5.711891692939516929e-01 6.118535438835874807e-01 5.509753965649214491e-01
5.115303064747346307e-01 5.855108808169043888e-01 5.708289680139686517e-01
5.943203822756956134e-01 6.639864360231494400e-01 5.300000000000000266e-01
5.043773713223995703e-01 6.254591953526008608e-01 6.771335171447954160e-01
5.351970371865164555e-01 5.541858472010273706e-01 5.337708704125461168e-01
5.006105858812460729e-01 5.388378063261202167e-01 6.262207766194449743e-01
5.173332004194279854e-01 5.266328050335159494e-01 5.652842646687418204e-01
4.933604265777804532e-01 5.648576520339128049e-01 6.132560035822727240e-01
5.218016998701990872e-01 5.734543587547777932e-01 5.791363297327872806e-01
5.922187887968648479e-01 6.626383327654643551e-01 5.300000000000000266e-01
4.867213667053775783e-01 6.065680625058650355e-01 7.091055810730120257e-01
5.359256010384705338e-01 5.503539829247203752e-01 5.308087512262040786e-01
5.912311642063534656e-01 6.325721823243239950e-01 5.348637258747841461e-01
6.477448582696304635e-01 6.600430393167724397e-01 5.697049459557939066e-01
6.778192390716748505e-01 6.889366238112919483e-01 5.432164100076229962e-01
5.776428034285052693e-01 6.544946020572405265e-01 6.250000000000000000e-01
5.768329325570299426e-01 5.486796764269286086e-01 5.444733703556501325e-01
6.201739778741977016e-01 6.388710057330274639e-01 5.940697607375262645e-01
6.289200375756067718e-01 6.534844403288522230e-01 5.785237997251762021e-01
5.735497318599909189e-01 6.521765894196137614e-01 6.250000000000000000e-01
5.747473693311078158e-01 5.480703116551888243e-01 5.421649949241308386e-01
6.299720757509545965e-01 6.481740162199177702e-01 5.955188051955071504e-01
5.713528754823480327e-01 6.507892969562787400e-01 6.250000000000000000e-01
5.802320847258448655e-01 5.622247403513440656e-01 5.099453568553612426e-01
6.798572751252431878e-01 6.834068919411651066e-01 5.471726421774983917e-01
6.562958570591315155e-01 6.802808375494284743e-01 5.461100664067761734e-01
6.475188810037824094e-01 6.648673964876570253e-01 5.723984079717239215e-01
6.656084745272083936e-01 6.877862126766084439e-01 5.357055376854067408e-01
6.399008816033709968e-01 6.600258825545998187e-01 5.660813880153798827e-01
5.414419961569389983e-01 6.337280984606281642e-01 6.250000000000000000e-01
5.450962614538912288e-01 5.418259807709842057e-01 5.277317224025340758e-01
6.441860824820970777e-01 6.933435243323410324e-01 5.276491875558231293e-01
5.393644981736334110e-01 6.326542242800834437e-01 6.250000000000000000e-01
5.483681002814428940e-01 5.427442118703984519e-01 5.279840252556005087e-01
6.218921718693303236e-01 6.646936699199066378e-01 5.543125081193545078e-01
5.382023717216788405e-01 6.319118451790490809e-01 6.250000000000000000e-01
5.432847061671939315e-01 5.318733405580970963e-01 5.420784196577701497e-01
6.227538291720633445e-01 6.563760459667798974e-01 5.644163344838604157e-01
6.092253925874508980e-01 6.452417007359190215e-01 5.703769829262848035e-01
6.153870664370126864e-01 6.508538820309185402e-01 5.711032077330000511e-01
6.344718907971914623e-01 6.731598340048150497e-01 5.411278371529588682e-01
5.341928085677423166e-01 6.293289523767464644e-01 6.250000000000000000e-01
5.410196041078946250e-01 5.297488183279899232e-01 5.451509888103714951e-01
6.329863780833971942e-01 6.754441695566872905e-01 5.300249773559255750e-01
5.348293970756698990e-01 5.374879122098825679e-01 5.152598277631668111e-01
6.266007168113557624e-01 6.679764046035248093e-01 5.293855404424876454e-01
5.300947403799247670e-01 6.270100256604727029e-01 6.250000000000000000e-01
5.385139583730612634e-01 5.393780695329846164e-01 5.147015747866006130e-01
6.278551009034989416e-01 6.705192328225817455e-01 5.363863481805838385e-01
5.364093596669592401e-01 5.390025605310242440e-01 5.217167306844208152e-01
6.024398173999635508e-01 6.439742995942896453e-01 5.638756879534809752e-01
5.287116253490501405e-01 6.262159228905367359e-01 6.250000000000000000e-01
5.372872966353062774e-01 5.395534075309367239e-01 5.124316228204552903e-01
6.198507677581049924e-01 6.504414996981657815e-01 5.589963957750916368e-01
5.269036380768514771e-01 6.250884910780802883e-01 6.250000000000000000e-01
5.222342327741225088e-01 5.226992546873123757e-01 5.398263811858758920e-01
5.860955031856180941e-01 6.292967126639388287e-01 5.796040888572137062e-01
5.262124689681764167e-01 6.248551010665683858e-01 6.250000000000000000e-01
5.323824585258398745e-01 5.369526064799098330e-01 5.128548744844849683e-01
6.439401057714138066e-01 6.913439878414271433e-01 5.095132910522490732e-01
5.250286317928332114e-01 6.241757505520597604e-01 6.250000000000000000e-01
5.314286525395330862e-01 5.363724035370027732e-01 5.160034111987240601e-01
6.119603758419015493e-01 6.588869034917869127e-01 5.446403482360090420e-01
5.232964320689005300e-01 6.231141127693275994e-01 6.250000000000000000e-01
5.246025756428537301e-01 5.248867556250012001e-01 5.378778566766930780e-01
5.818723638016198851e-01 6.207529105669895575e-01 5.813409369587732023e-01
5.183183083679703262e-01 6.201004787909673022e-01 6.250000000000000000e-01
5.216307654944472016e-01 5.249959190526055641e-01 5.330970430105980151e-01
6.051791163775437354e-01 6.568639051157172393e-01 5.370229360602121194e-01
5.201736069131581708e-01 6.208691354035174026e-01 6.250000000000000000e-01
5.138150757534196700e-01 5.227948663131460894e-01 5.309786798711854106e-01
5.973361514424398999e-01 6.402410115259846712e-01 5.627950033982814793e-01
5.950285329748505880e-01 5.895908527359795537e-01 5.690843559500264881e-01
5.597645845362559935e-01 5.567540123949027420e-01 5.976404667794554815e-01
5.807662750321800349e-01 5.793741025541740974e-01 5.545039394526118937e-01
5.818364991814188869e-01 5.827253325552357310e-01 5.755115760484139642e-01
5.979378088654360157e-01 5.976511840508365037e-01 5.557921924333593111e-01
6.022133250247637681e-01 6.018982508589441061e-01 5.339335837079346447e-01
5.233357263124163161e-01 5.436453372047329591e-01 5.948782155689722462e-01
5.224969910773376025e-01 5.355690954594549691e-01 6.098639621502748298e-01
5.459719013015564837e-01 5.654165330088348762e-01 5.518758488696120512e-01
5.181594860961971083e-01 5.361822380844534219e-01 6.048684109536331954e-01
5.435108517464859457e-01 5.591436714976061317e-01 5.699901045807311828e-01
5.439283182255207905e-01 5.626153301652776495e-01 5.810459955864172299e-01
5.241629274542636274e-01 5.386465100568960107e-01 5.997845443004521382e-01
5.182770145985862165e-01 5.305740467576427477e-01 6.150926279481654380e-01
5.626064187380487303e-01 5.788125841050897336e-01 5.421214787099695176e-01
5.240171615511610703e-01 5.381964250142701189e-01 6.005675112492059320e-01
5.696442336276813512e-01 5.893972259570908756e-01 5.384281935999957192e-01
5.217275473551872267e-01 5.384729760825912592e-01 5.961749346897464719e-01
5.329407334201077262e-01 5.537197359535682706e-01 5.812012870455108837e-01
5.353067352466264195e-01 5.604172926677793987e-01 5.535342345303286837e-01
5.554519149616783391e-01 5.764354376719795781e-01 5.371869609990573835e-01
5.353394563076115942e-01 5.486014660734823689e-01 5.842753086410837904e-01
5.291247485499759318e-01 5.455047647528040722e-01 5.857321610253387600e-01
5.572866046995010869e-01 5.778954587176634572e-01 5.387490950865689854e-01
5.463118442856429446e-01 5.670119346062580945e-01 5.541467962198129982e-01
5.324909565599826866e-01 5.552952060240735621e-01 5.577125719679445481e-01
5.417182983805053365e-01 5.655502144729152025e-01 5.622331146487451470e-01
5.355784119306710167e-01 5.595789312836435547e-01 5.773315238515486225e-01
5.343568576619621702e-01 5.611220470370243962e-01 5.725120592858317092e-01
5.351308352439068106e-01 5.539520488590164993e-01 5.721213569285032996e-01
