5.265703643180472682e-01 5.513872092133270675e-01 5.980220860295446528e-01
5.386422503579051391e-01 5.615335967231980252e-01 5.871111404573352566e-01
5.469201376144467996e-01 6.016416431211245586e-01 6.011572265625000355e-01
5.470295468840976616e-01 6.017060829852388659e-01 6.013427734374999778e-01
5.777352642825569484e-01 5.518052882534282277e-01 5.524423997013441223e-01
5.895108375720332639e-01 5.610800106261477627e-01 5.466163011609617151e-01
5.896511808245598063e-01 5.602265183792486392e-01 5.484339691533506311e-01
5.840743480867551796e-01 5.575148066794441970e-01 5.426022777283235898e-01
6.109399921449498727e-01 5.860748880237194314e-01 5.472618516675440414e-01
5.965605196451017056e-01 5.926164956343845658e-01 5.613915108155159706e-01
5.854060893808452626e-01 5.831158754161402946e-01 5.766460490849625309e-01
5.979538121599616840e-01 5.399661594976463697e-01 5.829952510772861141e-01
6.128336708675006239e-01 5.551356653183909806e-01 5.772910728756412979e-01
5.059631299109150770e-01 5.506332203415271742e-01 6.093214514101499280e-01
5.551560530848462793e-01 5.574630581309487631e-01 5.416492133883958893e-01
5.273773939161343627e-01 5.653809716427933285e-01 5.427426504566876808e-01
5.551746262276147093e-01 5.477058658326159346e-01 5.267880575944690058e-01
5.537200814266486359e-01 5.430929970613141977e-01 5.322755498935550778e-01
5.665232226088807721e-01 5.695561718538925122e-01 5.737115431432866508e-01
5.698809385656352644e-01 5.689270436567863687e-01 5.776404688029395107e-01
5.722946956828529608e-01 6.142178976583431149e-01 6.001367187499999645e-01
5.714708279362696874e-01 6.137159242700478412e-01 6.016210937500000577e-01
6.053592348468999074e-01 5.640590619647400938e-01 5.368367856156294193e-01
6.091312370238816110e-01 5.658370845374556257e-01 5.320854821582237104e-01
5.508095870534607252e-01 5.703930774942929105e-01 5.647375961911236253e-01
5.409833729940265457e-01 5.605012444267226668e-01 5.780147108250256460e-01
6.023442761605526385e-01 5.579237599097748301e-01 5.431618841703593770e-01
5.862930187620005729e-01 6.208790284673728621e-01 6.034765625000000355e-01
6.006139467380697816e-01 5.505978644136461098e-01 5.453320279373899959e-01
5.462042404491360692e-01 5.189953865604965966e-01 5.820707524727893878e-01
5.564997034221672578e-01 6.047716725781214775e-01 6.034765625000000355e-01
5.570167474020277787e-01 5.231492140895088738e-01 5.760724522294183858e-01
5.585163442549028190e-01 5.531311822987362570e-01 5.559183242365973721e-01
5.771499862311795237e-01 5.513943354109359651e-01 5.253743134993499320e-01
5.789407983016570114e-01 5.401041172573881610e-01 5.591275299522006081e-01
5.668808908392126700e-01 5.351224428145965328e-01 5.695634753942607764e-01
5.257543714946268931e-01 5.470842468150025617e-01 6.242863932485561707e-01
5.194578836031040758e-01 4.811855975182680600e-01 5.704691494837590415e-01
5.592425257955255802e-01 6.089663869812327324e-01 5.775000000000000133e-01
5.491979456626995271e-01 6.023760753857549943e-01 5.893749999999999822e-01
5.290208469396960878e-01 5.700815208353187113e-01 6.075773756814772941e-01
5.474631397348203032e-01 5.423044769745527516e-01 5.828569261049034722e-01
5.743546948947753084e-01 5.486858745568452544e-01 5.363911797035294526e-01
5.577905887815991504e-01 5.305663463606419272e-01 5.766725778439848460e-01
5.417461711460296314e-01 5.612014679162995456e-01 5.828780464563509955e-01
5.706434219652167794e-01 5.419886154920223742e-01 5.697075834502364211e-01
5.259006660890019891e-01 5.458682964808786453e-01 6.155080321042760705e-01
5.451884677673647372e-01 5.671187728821058815e-01 5.807337931201833614e-01
5.488394972030058439e-01 6.016588024564454296e-01 5.953125000000001332e-01
5.397865820139697846e-01 5.967607210194664225e-01 6.071874999999999911e-01
5.356605529418373424e-01 5.949482538843013923e-01 6.190624999999999600e-01
5.690939935554408802e-01 5.460944530193008184e-01 5.532094041569972642e-01
5.665869954757138949e-01 5.390815130436250602e-01 5.610129520804519876e-01
5.950089532601222642e-01 5.689450117043324262e-01 5.348257276104779745e-01
6.062811050751687469e-01 5.771130497883991683e-01 5.354453172981770148e-01
5.933724999288867430e-01 5.704898521051591231e-01 5.295688430602484287e-01
5.529932875049936580e-01 5.254372115457799364e-01 5.840245168762165928e-01
6.218954649619766739e-01 5.886787392109121830e-01 5.585188372722658112e-01
6.259476140128027444e-01 6.425484652342765557e-01 5.686194271295341718e-01
5.358574404366205357e-01 5.910434620305725639e-01 6.570507650861724391e-01
5.627183824950767743e-01 6.276015393670417719e-01 6.534319074311417674e-01
6.567890379468885875e-01 6.812709633427923572e-01 5.728070177869012403e-01
5.519402719332923146e-01 5.594505135717847688e-01 6.186157935384180018e-01
6.286095144907206667e-01 6.441779047258475721e-01 5.300000000000000266e-01
6.260953962534325790e-01 5.810531626161051788e-01 4.945485573812193336e-01
5.605024826652760250e-01 6.091411348663670067e-01 6.250000000000000000e-01
5.497351468882635261e-01 5.078433356495550832e-01 5.297852131119067387e-01
6.799592814269665997e-01 6.628946509420953204e-01 5.495837572273540861e-01
5.611479292093052296e-01 6.091226973893608676e-01 6.250000000000000000e-01
5.448614076521300920e-01 5.009375714658254042e-01 5.410981285140091801e-01
6.741745325992235527e-01 6.580847505182658708e-01 5.533736467344215759e-01
6.359704174771179108e-01 5.926771382766634622e-01 5.344252709505941112e-01
6.306938285754489781e-01 5.915680658638615697e-01 5.403207172515660517e-01
6.158749653580094519e-01 5.774915992112139573e-01 5.467603509455837285e-01
5.992884980760386782e-01 5.607724419245893044e-01 5.728046001470429305e-01
