5.492960271622874258e-01 5.810696470588460061e-01 6.293280275599721918e-01
5.522979427246947903e-01 5.764124641669453597e-01 6.319848705476843742e-01
5.590282484641045935e-01 5.730117557673000128e-01 6.375816194783602286e-01
5.448552912555971739e-01 5.666572193747270170e-01 6.286209265569743243e-01
5.468954908331069564e-01 5.641172901990909594e-01 6.276329207394063525e-01
5.947009855510245746e-01 5.942042314621718280e-01 6.079210325632213863e-01
5.673464634602209955e-01 5.617355061950464190e-01 6.253240361437741868e-01
5.682214767476008177e-01 5.619578305165039422e-01 6.162974759893468102e-01
6.000685989690182076e-01 6.059600131730271677e-01 5.704460437363141345e-01
5.814370635132957155e-01 5.763483314047012085e-01 5.890530403284546246e-01
5.784600147132984427e-01 5.640114943103298195e-01 5.906990476609008667e-01
5.916618775864835866e-01 5.722390636759837612e-01 5.596948818751900090e-01
5.544594125819041208e-01 6.220504343187901464e-01 6.773145028053508820e-01
5.486300930992564773e-01 6.071256697194056251e-01 6.820354095362537450e-01
5.702478384062092953e-01 6.227072392580783600e-01 6.583809178107233873e-01
5.802211818522780007e-01 6.193334832615752239e-01 6.455715631270813049e-01
5.623655695263021226e-01 6.043104953413669378e-01 6.452897786391791346e-01
5.780884081071036018e-01 5.963389328668773359e-01 6.591690784477624021e-01
6.333195946980142432e-01 6.350314038120490334e-01 6.070094457940551358e-01
6.010374541667299342e-01 5.980484125522259609e-01 6.264160730069719962e-01
5.618610674824009443e-01 5.722434719989528684e-01 6.150012575360922495e-01
5.956902053986118384e-01 5.854451214778594315e-01 5.631713964064017919e-01
5.457014651765501601e-01 6.014089685206618352e-01 6.708868922353474762e-01
5.485964540528374123e-01 5.903978677950031395e-01 6.602300707571110427e-01
5.623427221255339337e-01 5.857772815347945805e-01 6.456297970474502712e-01
6.158130692692640462e-01 6.065891199168653714e-01 6.095079448802360744e-01
5.732524857753997782e-01 5.745139364557816375e-01 5.936831941340428020e-01
5.594844099145328542e-01 5.728161608687717399e-01 6.131487472063863464e-01
5.488463538982759626e-01 5.945349509081752082e-01 6.562664766750854195e-01
5.523938278610998065e-01 5.716426958076724629e-01 6.351340681657271503e-01
5.593876746097563579e-01 6.087256643275327228e-01 6.682284234584821014e-01
5.809448025336589883e-01 5.879247692395208613e-01 6.563240639713461277e-01
5.714148696733492017e-01 6.027482630996461310e-01 6.088752926440081925e-01
5.561893935131820843e-01 5.896918789123870575e-01 6.444821035609715754e-01
5.798078513358647657e-01 6.198505252596928639e-01 6.100236883465737225e-01
5.648963896592215095e-01 5.526934799939118292e-01 6.417780337675276225e-01
5.703183370744400182e-01 5.631674225363434427e-01 6.288156144232901479e-01
5.978816273655949143e-01 6.046919863143301876e-01 6.309743178795602647e-01
5.822834686687849981e-01 5.764878175771603885e-01 6.499569760846756195e-01
5.965956259585940558e-01 5.782738035818854039e-01 6.414305107191300426e-01
6.175781630023331470e-01 5.957552924034980046e-01 5.948615125517391355e-01
6.549861121229563210e-01 6.199844098384316160e-01 5.884623373946593627e-01
6.401810331864516979e-01 5.968400554062496255e-01 5.824509484645319368e-01
5.913726677995113645e-01 6.414590864557637717e-01 6.725260004118567281e-01
5.870483744973689078e-01 6.062775705281751026e-01 6.993673554354458144e-01
6.373749918411594217e-01 6.324215820159302393e-01 6.521986826785126645e-01
6.600694501646314771e-01 6.379285191967949409e-01 6.204031518232845377e-01
6.313744131828404882e-01 6.417423846860654812e-01 6.099999999999998757e-01
5.982632879677715065e-01 5.749885140703980824e-01 6.295503256390531099e-01
5.788219177329732013e-01 6.121658644632286261e-01 6.716279765147322722e-01
5.911641656633234154e-01 5.801011999383870466e-01 6.733074581749707299e-01
6.247865750040854094e-01 6.192680924487721228e-01 5.965026464518992100e-01
5.993349130381087075e-01 6.040716923448565812e-01 6.295079393556981540e-01
6.122565874793177709e-01 6.214780773085457621e-01 6.298767074230826601e-01
5.823850967675114898e-01 5.942352099942944665e-01 6.908713764961205150e-01
6.018380688568758519e-01 5.708294181845643411e-01 5.884391540324369618e-01
5.853008486535449251e-01 5.617036273870666951e-01 6.038148156454119508e-01
6.207676954007824710e-01 5.978381598791251417e-01 5.618281007272927230e-01
6.173114313996637126e-01 5.989894156582751261e-01 5.900394744057592122e-01
6.273359566911225205e-01 6.012954509870152009e-01 5.907752599176909758e-01
6.089335801144800664e-01 5.843917378414489328e-01 6.357418281649135361e-01
5.926168161406458745e-01 5.755508761256264982e-01 6.545057776072775724e-01
6.392219941469641231e-01 6.173121029040837815e-01 6.210669886640125537e-01
5.341208028633037674e-01 5.726095523699303858e-01 6.110488481581550779e-01
5.413450513978913525e-01 5.596643955885807209e-01 6.336628066751397448e-01
5.637833587870106911e-01 5.759612588337578165e-01 6.132457160981754640e-01
5.521210113204864101e-01 5.544265790738800437e-01 5.981942516928409059e-01
5.857469000739816689e-01 5.907002045708920068e-01 5.661631043520325424e-01
5.800494884151773389e-01 5.664692872996495154e-01 5.808535950557842664e-01
5.260851573888740695e-01 6.216906852483251589e-01 6.989860897048894017e-01
5.339750126366897831e-01 6.235390721591937968e-01 6.547488293526995129e-01
5.282985144107429365e-01 5.939966549492632364e-01 6.880807859152217043e-01
5.615403552206044147e-01 6.147406576078183749e-01 6.462672143096139799e-01
5.746588462232909977e-01 6.114048826895841504e-01 6.129334649799376145e-01
5.802827236043222037e-01 5.945313656915465206e-01 6.293206735898148052e-01
5.586246462444361960e-01 6.000288879078714555e-01 6.110583770937707548e-01
5.626414221808588856e-01 5.745563855461185421e-01 5.790103818370886390e-01
5.348046834636732694e-01 6.174789258853790042e-01 6.748667694165304543e-01
5.244111383737777299e-01 5.803257871439557736e-01 6.720159965931600254e-01
5.560215029500517048e-01 5.886171612058161973e-01 6.156656197292389443e-01
5.533855141485208851e-01 5.842132436911491311e-01 5.882444407614795256e-01
5.314603418841720162e-01 5.701652694239971453e-01 6.189771685503864251e-01
5.426795785795147653e-01 5.792944349519866254e-01 6.424068623301502079e-01
5.320179737792174457e-01 6.308690461551568207e-01 6.947335388330608819e-01
5.429667543902298998e-01 5.803249468951510170e-01 6.693781010600499126e-01
5.437242539889078907e-01 5.457380492614638534e-01 5.747554158353698206e-01
5.613857988643324859e-01 5.683043559059994809e-01 5.426954626208011501e-01
5.420849962927138943e-01 5.419824006814873973e-01 6.071263981458550063e-01
5.712422277306554719e-01 5.763439580364675408e-01 5.516409371953875374e-01
6.006379081165758027e-01 5.909123381215151127e-01 5.901006864456277423e-01
6.065514820350232927e-01 6.163203273809196858e-01 5.511637491399099531e-01
5.543301570626160135e-01 6.801393540317254294e-01 6.795278205902207658e-01
5.408158343800206769e-01 5.512484274476423529e-01 6.490074878835440098e-01
5.487342695532566594e-01 6.727570263543620754e-01 7.010168464789283682e-01
5.763700965525323516e-01 5.872297105891939317e-01 6.359074177885448709e-01
5.197030155494268833e-01 5.940990372930465835e-01 6.879261978852226900e-01
5.237217624611136824e-01 6.006013680553008438e-01 6.842731846390071038e-01
6.011553050022226952e-01 6.069906914216833815e-01 5.984296589062116922e-01
5.965318505357475320e-01 5.776451420723095476e-01 6.261748600311675128e-01
6.344792296460461944e-01 6.422176439479990728e-01 5.821799852266362763e-01
5.986963852725405433e-01 5.749829200349769742e-01 6.015823419632644331e-01
5.685974095164928466e-01 6.174479412989397620e-01 6.763710352124606695e-01
6.216726060477459903e-01 6.334974347472525080e-01 6.181648968331199256e-01
5.948193454634370658e-01 6.001866821513262007e-01 6.173652633570718695e-01
5.562533132420084403e-01 5.910128921483730480e-01 6.536661211618989276e-01
5.727824117761920464e-01 5.543939771949393247e-01 5.942856689996562913e-01
6.216933496791974267e-01 6.028369043982910735e-01 5.789279574999799394e-01
6.415314149489622642e-01 6.376472506026660270e-01 5.502558264454210368e-01
6.218832226478890890e-01 6.190689312166703928e-01 5.993809580324496178e-01
5.459506809248388937e-01 5.660958459060558834e-01 6.346313785237651661e-01
5.565157751734373104e-01 5.501074527765353883e-01 6.408262325677258620e-01
5.965446262905417241e-01 6.224685428054039793e-01 5.794257139699527936e-01
5.667278477677013537e-01 5.637988521497476757e-01 5.909804266476945678e-01
5.328606521675625096e-01 6.165796008176498422e-01 7.011041833391675748e-01
5.519487366631148362e-01 6.158934591968725503e-01 6.454887067892591812e-01
6.062556163270123033e-01 6.341986276081308382e-01 5.958372891247700753e-01
5.618176634112783674e-01 5.894239371677875150e-01 5.971759654141253204e-01
5.351670027334280988e-01 5.839588332749952038e-01 6.437790218509464868e-01
5.834574361351558824e-01 5.863852342584534583e-01 5.099326482501247426e-01
5.875360983931802172e-01 5.877248168455684318e-01 5.674421003551308740e-01
5.975115634721568370e-01 6.016398732835506191e-01 5.591399841007957949e-01
5.656503016460150413e-01 6.878119860451414880e-01 6.850750060099766170e-01
5.681288203281115168e-01 5.742170668792657695e-01 6.348037239457571257e-01
5.378168000747463040e-01 6.047794296638062672e-01 6.782526195952935932e-01
5.265636296986402343e-01 5.971137808096683708e-01 6.934661604217715603e-01
5.943728368429508357e-01 6.208285085075841980e-01 6.413609938978143132e-01
5.894657330619150759e-01 5.844444044755044976e-01 6.377412511777342807e-01
6.310917508476299176e-01 6.202038931927240650e-01 5.843969626788791949e-01
5.786492784541281686e-01 5.985801198233589027e-01 6.845613915955415241e-01
5.837173779887332437e-01 5.623442290128773946e-01 6.087440760582552013e-01
6.042259868591917105e-01 5.951177285116593385e-01 6.188545486755980818e-01
5.724320145102630431e-01 6.072293717142216440e-01 6.421836221655636834e-01
5.573043984584524768e-01 5.668368102427006061e-01 6.346104586598222408e-01
6.128333814324792295e-01 6.105118177422186321e-01 5.843969626788791949e-01
5.694705490081579669e-01 5.993330296837406923e-01 6.739598524667748114e-01
5.578660776754623685e-01 5.411550958506305964e-01 6.186156152712477541e-01
5.952134365907646441e-01 5.821666892926651293e-01 6.245657535501456525e-01
5.392884917612934537e-01 5.627039062256736779e-01 6.298667774650877904e-01
5.497121303754674004e-01 6.471229484797951237e-01 6.968261541810196746e-01
5.795644599414042641e-01 6.254911556744711110e-01 6.152084651593395792e-01
5.486101695498204478e-01 5.504608539336079964e-01 5.915275602528842214e-01
5.829783899606832964e-01 7.001056705967183547e-01 6.688208106508555240e-01
6.068591606804571992e-01 6.114060245064785182e-01 5.878890523762072551e-01
5.386544166707087911e-01 5.937372548753007129e-01 6.297019161666722598e-01
5.658351808161627972e-01 5.983536686222318268e-01 5.902384919495160531e-01
5.780706934499243443e-01 6.007239521242587754e-01 5.675340847706240588e-01
5.313575132323387074e-01 6.318604956725701882e-01 7.077455625653029658e-01
5.690860846539318452e-01 6.213917612871264762e-01 6.267711294272748646e-01
5.926532474055919986e-01 5.974739061788549854e-01 5.145455586455793817e-01
5.643897889285631742e-01 6.882190145347395482e-01 6.688208106508557460e-01
6.095973354485844098e-01 6.263613926865656545e-01 5.436854781067110842e-01
5.750246793431874615e-01 5.903299089237752373e-01 6.478241574776610889e-01
5.897688163761558577e-01 5.571175917385169374e-01 5.956483149553222223e-01
6.939189645608119239e-01 6.671738801785070949e-01 5.879091457439875601e-01
5.649656674878811291e-01 5.874798415810316143e-01 6.336715326821193983e-01
5.895359675355502649e-01 5.656286450481398109e-01 5.673430653642386190e-01
6.933837880527042863e-01 6.768280078658606147e-01 5.580973375043513096e-01
5.605558395896940160e-01 5.862035006231652856e-01 6.293062513953843196e-01
5.850962333171296770e-01 5.656261397624628984e-01 5.586125027907685725e-01
6.822173678480373260e-01 6.689560851955930199e-01 5.701579845004842717e-01
6.336806822733038747e-01 6.445321230793576994e-01 5.771236824344181393e-01
5.587915184572940230e-01 6.871247749279740802e-01 6.841400184301846821e-01
6.641736809547822418e-01 6.718989385783812329e-01 5.476498126154385471e-01
5.460741408666897057e-01 6.126134274650738565e-01 6.620700092150922922e-01
5.387836456676836638e-01 5.798367318197367171e-01 6.259369956053237871e-01
5.547250361561304466e-01 5.541908941976239067e-01 5.679488158623928751e-01
5.498775709323628913e-01 6.756342954070340134e-01 7.051633089880233740e-01
5.910857010424267477e-01 6.169383188736711210e-01 5.869270197601910155e-01
5.549671702140929197e-01 6.031652870850137127e-01 5.935388001167801741e-01
5.423090692755477837e-01 5.461951676628511443e-01 5.628047038429524473e-01
5.481178606810486187e-01 6.770528282810606147e-01 6.912569325552345711e-01
6.243866080643974970e-01 6.405036634773688675e-01 5.664095975240230896e-01
5.250425974756671721e-01 5.980019780657954698e-01 6.656284662776172922e-01
5.892783404184956941e-01 5.684047478356111238e-01 6.272069803299802349e-01
5.950043621667713278e-01 5.765583270029288609e-01 6.184471962443507387e-01
6.337001441556280312e-01 6.174613707942747665e-01 5.532062737675027542e-01
6.246313748878299377e-01 6.049743433992107455e-01 5.652238248374107377e-01
6.094427920393007403e-01 5.943734282338916097e-01 5.913782598597945306e-01
6.108594805056404287e-01 5.992348705117167551e-01 5.663571733809455999e-01
5.619193342631393362e-01 6.342074812818057072e-01 6.527435654975043411e-01
5.440827211166074928e-01 6.132245645111872312e-01 6.818691000700265459e-01
5.744418901403465227e-01 5.781851059860829700e-01 5.685370070998374548e-01
5.773471292835237190e-01 5.876261479145875599e-01 5.499702379518274231e-01
5.595774878465960001e-01 5.632000248585971036e-01 6.019962570092356469e-01
5.275392596773221809e-01 6.030487369886422533e-01 6.843379024020298518e-01
5.895387327616637974e-01 5.893427776009187991e-01 5.468249744464284134e-01
5.350593584888743148e-01 6.122376671821525562e-01 6.701405089918391900e-01
