5.695290724794137560e-01 5.471213489357152904e-01 6.263233884586809630e-01
6.273138667190185647e-01 6.036241900215014722e-01 5.422529644383938807e-01
6.018256422428379659e-01 6.128827091124078308e-01 5.656105826929953562e-01
5.967537170305595717e-01 6.046581045487444683e-01 5.768917411751883773e-01
5.914495837296351866e-01 5.976292502000851714e-01 5.837904774350191062e-01
5.942105536545666533e-01 6.018430164147935413e-01 5.730198256647160981e-01
5.646501898203184489e-01 5.723086326411184199e-01 5.289900473920379209e-01
5.579907635477591166e-01 5.643935407254294656e-01 5.346815370664766975e-01
5.687095329623296225e-01 5.538639417572868151e-01 5.236713087208716422e-01
5.763407285024702009e-01 5.597289808410934597e-01 5.108560173867748855e-01
5.917542822443430106e-01 5.575625531678769509e-01 5.021525415406357107e-01
5.960883904673245359e-01 5.596673814982588979e-01 4.967972648260207125e-01
6.547029601071329141e-01 6.903293888876863571e-01 5.568684322939627673e-01
6.512145588532710638e-01 6.839671169118244354e-01 5.602994848272110362e-01
5.866311365638681163e-01 6.320243315817811736e-01 6.079802974276989902e-01
5.864609865336241068e-01 5.605712902517082652e-01 5.291050362097413640e-01
6.009166576420427175e-01 5.674730218325729769e-01 5.566964472307365241e-01
5.756642337126887110e-01 5.788485598942260113e-01 5.755835852502257932e-01
5.769899945106469197e-01 5.806313476560478470e-01 5.725292537103386925e-01
5.963581768029208030e-01 5.926690861054191295e-01 5.439802685132062443e-01
5.882240036871246858e-01 5.706854698145182869e-01 5.675052335246641988e-01
6.260559515777668338e-01 6.008256911323381910e-01 5.625410491673322744e-01
5.927937351663467025e-01 6.055439287049892982e-01 5.864219922439131150e-01
5.952834618419275969e-01 5.951028217490171857e-01 5.953284704975049246e-01
5.651186368818754691e-01 5.523933470957199665e-01 5.466123306939809634e-01
5.659779537977233099e-01 5.754819728747673224e-01 5.282846662444454777e-01
5.722823318917468205e-01 5.785333232692079219e-01 5.421879659243117322e-01
5.783965484685348324e-01 5.696491565478325469e-01 5.654627716580589158e-01
5.702135955393931033e-01 5.429366962801299712e-01 6.179825478295150054e-01
5.850910065300747309e-01 5.771988570441171085e-01 5.818054374991796784e-01
5.827459432896164859e-01 5.653499645066339951e-01 6.142929541473330923e-01
5.702658822502902902e-01 6.003456414623385973e-01 6.320086236781365940e-01
5.980033069831246495e-01 5.823850191714188274e-01 6.179795343899076032e-01
5.770247625246193168e-01 5.854457376855999318e-01 5.166410561751303421e-01
5.680221705618824224e-01 5.771247477836305428e-01 5.331186105617711224e-01
6.103422827113871296e-01 6.189846340597917607e-01 5.772087553578988395e-01
6.083858013579973578e-01 6.272924659557417293e-01 5.867706871842843785e-01
6.228160596451816078e-01 6.380740487425967666e-01 5.678300237687845531e-01
5.642262328228121460e-01 5.646930826481078025e-01 5.529126682890237454e-01
5.632993437600932740e-01 5.646512384849629029e-01 5.545539178865986907e-01
5.587380418422841499e-01 5.603788352683970464e-01 5.623302505364633497e-01
5.567599790709256702e-01 5.582248373095666238e-01 5.680135359053556376e-01
5.700344501926839502e-01 5.680214012246562749e-01 5.766635193980989005e-01
5.853668422207625177e-01 6.104445713709466537e-01 5.639843750000009814e-01
5.806336350798788626e-01 6.084972973605520252e-01 5.692968750000007017e-01
5.787139883751046820e-01 6.073177972627575860e-01 5.719531250000006173e-01
5.761339697818707029e-01 6.055964666946289654e-01 5.746093750000006439e-01
5.716670040058371427e-01 6.028830786893372151e-01 5.799218750000008082e-01
5.881335221485610720e-01 5.447496269803986380e-01 5.149184428418266402e-01
5.992131894202696873e-01 5.564458743591700340e-01 5.062050532119972690e-01
6.049683003717719609e-01 5.634620498566494939e-01 5.020448059553944686e-01
5.932871788858363749e-01 5.528006058858037086e-01 5.142213266604895860e-01
5.927762347357682371e-01 5.527393343992914598e-01 5.161590868734038384e-01
6.030482164493767838e-01 5.629014247166590490e-01 5.084549511601463845e-01
6.020794106159215175e-01 5.622303478728563064e-01 5.038368314172000373e-01
5.898022457084868275e-01 5.504702633647817756e-01 5.239238513000700204e-01
5.874839094859874988e-01 5.490879605973133515e-01 5.323398959084599813e-01
5.856555975702740779e-01 5.477786222292524432e-01 5.369073234917288717e-01
6.626025506174318958e-01 6.353596865561635942e-01 5.366834728658510523e-01
6.757959679578745549e-01 6.345560917635298948e-01 5.242082051887135830e-01
6.302995926571303142e-01 6.282189994520714915e-01 5.510282848451890647e-01
6.303789041106021562e-01 6.276535451554141609e-01 5.570552263591574960e-01
6.323985082567125104e-01 6.271633164479498701e-01 5.534006742231962761e-01
6.380941875970019828e-01 6.228195556500764063e-01 5.515341570428926588e-01
6.378390440387579075e-01 6.180067916858003052e-01 5.553406845428323635e-01
5.788010545964685782e-01 5.682437081781060995e-01 5.389106323556190903e-01
6.027336284173935299e-01 5.828105079547973855e-01 5.059729719836929540e-01
6.084513228842465260e-01 5.857525572185281471e-01 5.045006276755741315e-01
6.429844858681288411e-01 6.201337506339764660e-01 4.574882700098474864e-01
6.482112928971313082e-01 6.091228512650396221e-01 4.655561889628044847e-01
6.484880490782065632e-01 6.007204187768682146e-01 4.695429107801735169e-01
5.880143804251632966e-01 6.117369332010136329e-01 6.908144125128942159e-01
6.201859163874188230e-01 6.364445226086329344e-01 6.505530098670653238e-01
5.968637953660796969e-01 6.241235796414561499e-01 6.880449594656350421e-01
5.883710096150679414e-01 6.152796817006440655e-01 6.985836406886435368e-01
6.674637697743182052e-01 6.787768505340685543e-01 5.846000428560921280e-01
6.989419299382516604e-01 6.926375887302687051e-01 5.629720914747819993e-01
7.093369046468374073e-01 6.985887615497720082e-01 5.565292534895811549e-01
5.764151556353264150e-01 5.777406279719483617e-01 6.255456414236709728e-01
6.180599786813033569e-01 5.942813488651659259e-01 5.378254396818151761e-01
6.337183598743481028e-01 5.981621803243424296e-01 5.279046019432402925e-01
6.431769519594632278e-01 6.037954758906348696e-01 5.285482009306592399e-01
6.528559792660443284e-01 6.063558332290659436e-01 5.206283630168493382e-01
6.674369205237576930e-01 6.117645914722344980e-01 5.082107335187281416e-01
6.560306624152358879e-01 5.895296745714194708e-01 5.375920745606650453e-01
7.177454852298184029e-01 6.944582629567642718e-01 5.062507199025572113e-01
5.669548568954942969e-01 5.901109588193611533e-01 6.907537745669516394e-01
5.741441873084472958e-01 5.963490846825088010e-01 6.809616145566703693e-01
6.496949897547329433e-01 6.403668642355678786e-01 5.714132268639882106e-01
5.797060856101888815e-01 5.669047694153321881e-01 5.566294495639753093e-01
6.172133405087739666e-01 5.975090845715377297e-01 5.043825710820873942e-01
6.305561058584617795e-01 5.978088087913453474e-01 5.049706646970266721e-01
6.564798387867639695e-01 6.047419384465684278e-01 4.917935542196271714e-01
6.077485664126014431e-01 5.953291036654380086e-01 5.728794495260300934e-01
6.432820288598669611e-01 6.221830839649235001e-01 5.240388516275028552e-01
6.576678685502954647e-01 6.185911555433767361e-01 5.237757114427050720e-01
6.576095633627263570e-01 6.019014647511200522e-01 5.311382896018768118e-01
7.085426788907511764e-01 6.935243005677310668e-01 4.912772470569409800e-01
6.040771500283422801e-01 6.274725474882850706e-01 6.066017524323398247e-01
6.114365790234815856e-01 6.404095633325457282e-01 6.431257548503321875e-01
6.069527271617635167e-01 5.998171431369667683e-01 5.020124486111632311e-01
6.870918084817065896e-01 6.842640261881177688e-01 5.021734825918670042e-01
5.906075651577230579e-01 6.143130991933486440e-01 6.468839494702631754e-01
5.906833485505830206e-01 6.001376152271743480e-01 6.452374910324027990e-01
6.532797175998311667e-01 6.500423698180629595e-01 5.616493403228902670e-01
7.333643179598521300e-01 6.989558319583247803e-01 4.841457195645618161e-01
5.934320462674050889e-01 5.769943581943515198e-01 5.557050642338912105e-01
6.462972599552795350e-01 5.819492543086716152e-01 5.281446884952201160e-01
5.885771968874716764e-01 5.735085102121691980e-01 5.934256254805859720e-01
6.057936265905634610e-01 5.900789491893593253e-01 5.783244643642228011e-01
5.927142394112816515e-01 6.112063862001588799e-01 6.326355170319062360e-01
7.023797023965197006e-01 6.627473648371862147e-01 5.307258309163701560e-01
5.690507575743455337e-01 5.868833057394247099e-01 6.787258795957304969e-01
6.199820808887472889e-01 6.280453322958932105e-01 5.679687500000004663e-01
6.144256617881194149e-01 6.250957074093513866e-01 5.732812500000002975e-01
6.072205090204798594e-01 6.210218727027929653e-01 5.785937500000004619e-01
5.895283308469104755e-01 6.136326388924383535e-01 6.051562500000003952e-01
5.848376801041713646e-01 6.099437838207204532e-01 6.104687500000004485e-01
5.820279210945242809e-01 6.083842845752099882e-01 6.157812499999999467e-01
6.149924133368785961e-01 6.164312944282172024e-01 6.142214333795353864e-01
6.079345414340259213e-01 6.120757354502012193e-01 6.240600136771932149e-01
6.288339895402652591e-01 5.675598722885976111e-01 5.075943573403580711e-01
6.406766475231048252e-01 5.792157973169707041e-01 4.974743235549029530e-01
6.427824892049046612e-01 5.809958541508750685e-01 5.005013152910225971e-01
6.306490942852388537e-01 5.705101560166241370e-01 5.130244733202217189e-01
6.264218966070159711e-01 5.687778253165427511e-01 5.244803658316596895e-01
6.225395725832874039e-01 5.625712758987324591e-01 5.346269207042658733e-01
6.423770766287311140e-01 5.742560534304280706e-01 5.503243574487008960e-01
6.284281793691910423e-01 5.625478953629975409e-01 5.637630241747344506e-01
6.379686258855949976e-01 5.705557737299332688e-01 5.559146445632350275e-01
6.455431497309471744e-01 5.767791918955614827e-01 5.498481359106193178e-01
6.297401527749896255e-01 6.281241175002343358e-01 5.004697040138229580e-01
6.291570776313014646e-01 6.223345869947840558e-01 5.043816697107516012e-01
5.882048546032817571e-01 6.158422376759272732e-01 5.353856331224380316e-01
5.922924433710038405e-01 6.196075272521179844e-01 5.273741233133323325e-01
5.377664906584953552e-01 5.560282549774275829e-01 5.151043796299040745e-01
5.443746625240236670e-01 5.661393984308532579e-01 5.025314013500317145e-01
5.508848906368004616e-01 5.704514068652298819e-01 4.946906637418107544e-01
5.560211227057534344e-01 5.736792267697164993e-01 4.853303454745551693e-01
5.977490586600828770e-01 6.046376640242232536e-01 4.477853890648157975e-01
6.043205388123419342e-01 5.961485706440557975e-01 4.553704189208770403e-01
6.030954652483275780e-01 5.866419570680049267e-01 4.559307869121660417e-01
5.949981512052587851e-01 5.755179122854716667e-01 4.718188615898752936e-01
5.732833800698232674e-01 5.488953770355490258e-01 5.014052072315456909e-01
6.925610139050875080e-01 7.099830716493265026e-01 4.927688794165404618e-01
5.343272266243208612e-01 5.470435833249724933e-01 5.770665297102097746e-01
5.598325328943553059e-01 5.773592386722049552e-01 5.285274335249804389e-01
5.834215036414753808e-01 5.966185961224256262e-01 5.050450616704065254e-01
5.747557399664722233e-01 5.746977445686465291e-01 5.276968464077510523e-01
5.861737167427646389e-01 5.816456367176543463e-01 5.190062906226732276e-01
5.443257167080418624e-01 6.079657292976827776e-01 6.302969247624726767e-01
5.394222841231947063e-01 5.943142417876555728e-01 6.387124140953811535e-01
5.714163730925941875e-01 5.890852361122973502e-01 4.958513714614815049e-01
5.386232481709187780e-01 5.562995886700270454e-01 5.349267619289873599e-01
5.846208629405182933e-01 5.898454925036955565e-01 4.890061402680807578e-01
5.602120672652874944e-01 5.760410297007590996e-01 5.598123431536465855e-01
5.884451529574802331e-01 5.984487332254724290e-01 5.194368846874608536e-01
5.802197568520345294e-01 5.757968675654107082e-01 5.434499538736208279e-01
5.872370903765560257e-01 5.728715730292878172e-01 5.380189084381735709e-01
6.355478891889940751e-01 6.345743080207330022e-01 5.098220445953659530e-01
5.434514254098932184e-01 5.689768171440459099e-01 5.082393093339744317e-01
5.986716071470939982e-01 5.982357231642249085e-01 4.533808926819819507e-01
5.666389040584062231e-01 5.922983264637121659e-01 4.990426335972382721e-01
5.885122933234405718e-01 5.876402891227625602e-01 4.960182812379354544e-01
5.877645984314829875e-01 5.794525418257389093e-01 5.249843662526325616e-01
5.534947629954829473e-01 5.650341572609109964e-01 5.904090270193577128e-01
6.160977724388874144e-01 6.106427750358581763e-01 5.120909728399380967e-01
5.929114669429824680e-01 6.190914002804965843e-01 5.415358798895913983e-01
5.865022266881431134e-01 6.135103298501355384e-01 5.698652372831077839e-01
5.249563934109361396e-01 5.381425062474149978e-01 5.691893641180373331e-01
5.180875532087567681e-01 5.338264506003301824e-01 5.818602065105475951e-01
5.271901169642592144e-01 5.398835262797514467e-01 6.036057320590468844e-01
5.801075527706510693e-01 5.554767010460108789e-01 4.880569534334228132e-01
5.944176037783029942e-01 5.736199981198794040e-01 4.663604344452819683e-01
5.913371980828485697e-01 5.718625973187175804e-01 4.720096353313605886e-01
5.721526266958463225e-01 5.549233753157503113e-01 5.000972634496486657e-01
5.856494274393582167e-01 5.721261948882403470e-01 4.899826297432379185e-01
5.544753463770116797e-01 5.785386115555912756e-01 6.385045186809163997e-01
5.577462367031066348e-01 5.717888079617828856e-01 6.363353282901403896e-01
5.668545711995872649e-01 5.688832247428664557e-01 6.367078254991516140e-01
5.842944282829092284e-01 5.836867284926037236e-01 5.942685405220362593e-01
6.091865731376664428e-01 5.949578912891420046e-01 5.741630148487587570e-01
5.862077003307850642e-01 5.776445417092715973e-01 5.933731003734246112e-01
5.611095865999196075e-01 5.419629840167369261e-01 5.522056788129827698e-01
5.814148960086072959e-01 5.588277726892318942e-01 5.231049741541088371e-01
6.014918347336676296e-01 5.669538871640508182e-01 5.040651180559212463e-01
7.205556537175463738e-01 7.085215732693075363e-01 5.238328611403033630e-01
5.855606832025574970e-01 6.219477178378918225e-01 6.795668855277368081e-01
5.942215895153328820e-01 6.277076004353621119e-01 6.707977901861547076e-01
5.810576533575831926e-01 6.107533196635246409e-01 6.837698494723897236e-01
5.930033952487347992e-01 6.216941516791079092e-01 6.644235913047936704e-01
5.968112647805878801e-01 6.203161304177683411e-01 6.622523435202586350e-01
6.107722081901635347e-01 6.308246256978858879e-01 6.405928786724711665e-01
6.607260024204087978e-01 6.594122922178351498e-01 5.855795007515756101e-01
5.539485856896063654e-01 5.471438574992790738e-01 6.283183738465787371e-01
5.608149980186055705e-01 5.448518677872292715e-01 5.950968594923965460e-01
5.911684212641489244e-01 5.679040006165383403e-01 5.563609693071261963e-01
5.949960394165364486e-01 5.567551199748287383e-01 5.666044137127322911e-01
6.337965683661390681e-01 5.873477496089866134e-01 5.155903995906812032e-01
5.911282166845013286e-01 6.221667170825471160e-01 6.309753257380450453e-01
5.870973704426071249e-01 6.006519260236508062e-01 6.402099175477730109e-01
6.948188251899001244e-01 6.736555672123020200e-01 5.221018242875956616e-01
7.322236499268721666e-01 6.973924480131460379e-01 4.903975153869944981e-01
5.637275679624864644e-01 5.630655466823045741e-01 6.119204475157576928e-01
5.699096292196115243e-01 5.476219823039254475e-01 5.644627811210740642e-01
5.999947207194585852e-01 5.669886342859411510e-01 5.273704210744606380e-01
6.208832176929490743e-01 5.808060093792325462e-01 5.498059942350655982e-01
6.226730889544738190e-01 6.177184498520464917e-01 5.770159967077348462e-01
5.488294678687331007e-01 5.338330781410942638e-01 6.176883540451248988e-01
5.605556440094943138e-01 5.965306751935339769e-01 6.131250000000000311e-01
6.348444995269340030e-01 6.118411400918909449e-01 5.650057301275082100e-01
6.521452614290141891e-01 6.304906676223512862e-01 5.677614233253328591e-01
5.835431753662151388e-01 6.084086087704417833e-01 5.865625000000000977e-01
5.842962573786907310e-01 5.431751554353225764e-01 5.373732595537095147e-01
5.889007872608713612e-01 5.483338722491832851e-01 5.377277211281817904e-01
6.129598984489244007e-01 5.699306287267034143e-01 5.158832678529825522e-01
6.032801977255868309e-01 5.599389868666331260e-01 5.370186540913186590e-01
6.376095562962098562e-01 5.915924160129515386e-01 5.221349384710542996e-01
5.342973561985829845e-01 5.743546525600289332e-01 6.297957391430798468e-01
6.258737233878274298e-01 6.071144488500797021e-01 5.264979308237562883e-01
5.747017792736128783e-01 5.766435825640089385e-01 5.787480898906982585e-01
5.686456722817504472e-01 5.612844781230457158e-01 5.974847496637000210e-01
5.207323066659346189e-01 5.317585969550313596e-01 5.630711464341700001e-01
5.296285061084731183e-01 5.364025524669892020e-01 5.479218342337204284e-01
5.519982011509474429e-01 5.533944483916167778e-01 5.271417709348407143e-01
5.551603740494353012e-01 5.335821528188223750e-01 5.344604177969802805e-01
5.600470600992425441e-01 5.306029295560156234e-01 5.290646102417407848e-01
5.661187947550366806e-01 6.238445672522291430e-01 6.560110756943597909e-01
5.702480361366745187e-01 6.269588737318738669e-01 6.471879179140304084e-01
6.536052115142998442e-01 6.725901110085235057e-01 5.531531344937649086e-01
5.317025895156193283e-01 5.357406060475362608e-01 5.950400997094446032e-01
5.668295073001514695e-01 5.464304521458868136e-01 5.677685055375404355e-01
5.304170510260243221e-01 5.365073275557386001e-01 5.941512984539629727e-01
5.402482111699838940e-01 5.530669582777383297e-01 5.498537086870669555e-01
5.633386331133730662e-01 5.458578189026688232e-01 5.955589536667822426e-01
5.309482830192844283e-01 5.994541962266999313e-01 6.525112759607490931e-01
6.041820746241010065e-01 5.972071212239474791e-01 5.779712087448017899e-01
5.460595688881517695e-01 6.234996692777772243e-01 6.646925905418119562e-01
5.858447926751778612e-01 5.586562797206376940e-01 5.230397917693490051e-01
5.890488498685583219e-01 5.580350980390187399e-01 5.462279881054762365e-01
5.676860568019252984e-01 6.015626491646488549e-01 5.646321362297571644e-01
5.596787719826665786e-01 5.970342260748703334e-01 5.743384948386554001e-01
5.332915276823568806e-01 5.810991588559936138e-01 6.092709033288827847e-01
5.309153493598179896e-01 5.338411874819843916e-01 6.173692162044552845e-01
5.501625539349357386e-01 5.530202454407402435e-01 6.019860444465988669e-01
5.763450745177750578e-01 5.411931286911683125e-01 5.073764286285484815e-01
5.712051707247399746e-01 5.393163563957527051e-01 5.179170026577225583e-01
5.622196509686143706e-01 5.320248274706582681e-01 5.362370793238167010e-01
5.648329770391523619e-01 5.349998935488897711e-01 5.375298672785308041e-01
5.603408691193914049e-01 5.634819803710338082e-01 6.555319553374584496e-01
5.669095075809763573e-01 5.825383339088984203e-01 6.458992558301642761e-01
6.224614968986413865e-01 5.982690642863687236e-01 5.765731280563068939e-01
6.064712607224699292e-01 6.336988093656793497e-01 6.560698503234758672e-01
6.223877846924817936e-01 6.406625279269669848e-01 6.378348861535223513e-01
5.865913358104625219e-01 5.722479125898104479e-01 5.638015577911456022e-01
6.413867137893781711e-01 5.943658725908494977e-01 5.153070539744863954e-01
5.849015598736180266e-01 6.033114505757688484e-01 6.569382181732119630e-01
5.706405015397586489e-01 5.529027060754621026e-01 5.917698512009187395e-01
6.422725734480203563e-01 5.826228318202140155e-01 5.286270880041873399e-01
5.621014120755619681e-01 5.732461590762757409e-01 6.312479943077531352e-01
5.713499610894992031e-01 5.948178191887402155e-01 6.117821435857766499e-01
5.796779233827762390e-01 5.790176377337027391e-01 6.046244428144252891e-01
5.907900140647741605e-01 5.914350616822227069e-01 5.852685420095447011e-01
6.050855519520306203e-01 5.849467897873005251e-01 5.803983326848115576e-01
5.510772077291454796e-01 5.409655087004988649e-01 5.721521341176648567e-01
6.028422200873160275e-01 6.400224163334203853e-01 6.393366888237843604e-01
6.160872208437401243e-01 6.436445280420831638e-01 6.225891068878630641e-01
6.257502990514586250e-01 6.470597342889056192e-01 6.052965366006561876e-01
6.586306185919477141e-01 6.698331451834633743e-01 5.699619776826018169e-01
5.912707291394460052e-01 5.802387074911590226e-01 5.515784403950660941e-01
6.173348487876033630e-01 5.738666633288568297e-01 5.299428245993500486e-01
5.609964951308993308e-01 5.491449256703239135e-01 5.909409143250824448e-01
5.902131201648721515e-01 6.134140253717615954e-01 5.706250000000000488e-01
5.729712040068122292e-01 6.032505274226195313e-01 5.918750000000000400e-01
5.926949877156133528e-01 5.425484820061812208e-01 5.705779717788622696e-01
5.826275919440108142e-01 5.321227873026950217e-01 5.377536581690133266e-01
5.917996157861782347e-01 5.451367745395150344e-01 5.330966335591982297e-01
5.897132650330376702e-01 5.834261424259417073e-01 5.753614816664188725e-01
5.860026318389607303e-01 6.421814926839592985e-01 6.363315405312153228e-01
5.807291691694174141e-01 5.447804984098191250e-01 5.330486154925807574e-01
6.124947258082026336e-01 5.770418847256503225e-01 5.333373862645535146e-01
5.677735111918503774e-01 5.686622553578083439e-01 5.798352814918932285e-01
5.746328891350651613e-01 5.323501389319329480e-01 5.348131520060829258e-01
5.557816577783418754e-01 5.180952890034732361e-01 5.651280482413698625e-01
5.784690643044069214e-01 5.368255578493361657e-01 5.705085474305795490e-01
5.688452567152180173e-01 5.816035105391598181e-01 5.762724539090318121e-01
5.842109684821097382e-01 5.871781276402441296e-01 5.637937380880565508e-01
5.655136657146989654e-01 5.782573398199202241e-01 4.863999618359529098e-01
5.475584052795294809e-01 5.585188211040856832e-01 5.114972539218050063e-01
5.816296844986502679e-01 6.476093910093443373e-01 6.131669893867032206e-01
6.578287162344800265e-01 6.916342936920238937e-01 5.268718795772288077e-01
5.305847327353918619e-01 5.357198388767062669e-01 6.071069179630792512e-01
5.594354185113049605e-01 5.718994304849208676e-01 5.412584089205758620e-01
5.895585578582094310e-01 5.722208090550786608e-01 5.009062328573349321e-01
6.101029672655866598e-01 5.865495197730419275e-01 5.222418478205892445e-01
5.562027626650093426e-01 5.949951894680554076e-01 5.701448890179063866e-01
5.466762679040284567e-01 5.551582970434234543e-01 5.895330028589741422e-01
5.725449661209360830e-01 5.468343611697056295e-01 5.066368270230771076e-01
5.647970479375573616e-01 5.445735083815756994e-01 5.270624690226766162e-01
5.843537433980986462e-01 5.589420318374394014e-01 5.426405088672942023e-01
5.656310320273045811e-01 5.814524572042982786e-01 6.454499512602647204e-01
6.337933738659267124e-01 6.465073938548502319e-01 6.267458014315919756e-01
6.169035100757173096e-01 6.410851995076947141e-01 6.452708086626459671e-01
5.938311083385079403e-01 5.747419165221682169e-01 5.790764212322755400e-01
6.287985863325085134e-01 5.978485213611095528e-01 5.268158829370949148e-01
6.004997305906434324e-01 6.157521283495797082e-01 5.812500000000000444e-01
6.272412263649361774e-01 5.716000593361805215e-01 4.973912531429687811e-01
6.431175117658911589e-01 5.838302584183017174e-01 5.154433678584394718e-01
5.578661288989233968e-01 5.751783017218685679e-01 6.417144202524275309e-01
6.126288063082645508e-01 6.275384209389048840e-01 6.480744536289182456e-01
6.061179021965563685e-01 6.305608170540660806e-01 6.573863090815884602e-01
5.619429741280804746e-01 5.420234617867529803e-01 6.181616814479229394e-01
5.849177717849813884e-01 5.525608882238421948e-01 5.786763612205777507e-01
5.990775514161117421e-01 6.286205428053721622e-01 6.521097499756259852e-01
6.037186298676593399e-01 5.559733484158208006e-01 5.392088487189635737e-01
6.060399446585446048e-01 6.452028660981332653e-01 6.250630750784361700e-01
5.645566137373181359e-01 5.550825642189034514e-01 5.924176125274551730e-01
6.071623192955863946e-01 5.624975765644518733e-01 5.303339434550287113e-01
5.646858800197720463e-01 6.006448234153050070e-01 6.062079314084566350e-01
5.635118945799266754e-01 5.806116558795663130e-01 6.105220389311628582e-01
6.261604907641421525e-01 6.006307146257514606e-01 5.443578029712210498e-01
5.829774095511528476e-01 5.908616421213757075e-01 5.810381826023570673e-01
5.891839901715760774e-01 5.863493669142280096e-01 5.805436519701973053e-01
5.722561500865406270e-01 5.772557629235370857e-01 5.758893347188140943e-01
5.611113748643027366e-01 5.639699754697024003e-01 5.353726891148340439e-01
5.784710979678320264e-01 6.261304245850571881e-01 6.556516788913928639e-01
6.481812421462982421e-01 6.810964117988167477e-01 5.613248322607040652e-01
5.492650438112633982e-01 5.415872319050096806e-01 6.055274122177535245e-01
5.756229454840406934e-01 5.497493044282959485e-01 5.679471456492117820e-01
5.498581168413657627e-01 5.873986687642251958e-01 6.214113084021443134e-01
5.471188765599788173e-01 5.633795749432987110e-01 6.281154258644051636e-01
5.707804978056572054e-01 5.800769331560740039e-01 5.912517655785569648e-01
5.848134848065228431e-01 5.861883223371302520e-01 5.757616203965483237e-01
5.535222213579393813e-01 5.596445128131837254e-01 5.957985060408189648e-01
5.488270860800171791e-01 5.553071928578783290e-01 5.406573969297172599e-01
6.087246984999440391e-01 6.412178943189202895e-01 6.089822219376196388e-01
5.675507814519954453e-01 6.146685685002891697e-01 6.654177236760545622e-01
6.519907928552092224e-01 6.863147799757955969e-01 5.450782757704071280e-01
5.987547348864024066e-01 6.096305929440091198e-01 5.395917541248702598e-01
5.669886952002971547e-01 5.738780086534549518e-01 5.721786593750204375e-01
5.557720313261743650e-01 6.121496818692071518e-01 6.102367982889482789e-01
5.977819894758502617e-01 5.757285203738095047e-01 4.727857841088020097e-01
6.604116108176979472e-01 6.384627691275749362e-01 4.981810958460253791e-01
6.900976534461145118e-01 6.626546485500407480e-01 4.948916116695993850e-01
5.720106396137283333e-01 5.845692409578542303e-01 5.659129527916879621e-01
5.401019572172841565e-01 5.465612818422918018e-01 6.076277996729920750e-01
5.771711596065254302e-01 5.586567217842131061e-01 4.957101139262172218e-01
5.865870695010596547e-01 6.140932486338002150e-01 6.932098259649059901e-01
6.262503082713720692e-01 5.694057262760849891e-01 5.255273080255057350e-01
5.899104721430371567e-01 6.200754539979789204e-01 6.839637796609141507e-01
6.177647392349899791e-01 5.642611702509794380e-01 5.275506892940138304e-01
5.759950857505151678e-01 5.237796577166777823e-01 5.568641527369773137e-01
5.896492339149298489e-01 6.200583219941929736e-01 6.833222957957416632e-01
5.795844782991410593e-01 6.074208339232806120e-01 6.025000000000000355e-01
5.703412017561484415e-01 5.627628205853382193e-01 6.370049545974951766e-01
5.669907914867085008e-01 5.215658886672899230e-01 5.579930983708741854e-01
5.837180112843844970e-01 6.144201391294182857e-01 6.885905483291174800e-01
5.732030032168295985e-01 6.038795209036013079e-01 6.025000000000000355e-01
5.695362605886002960e-01 5.524322819955106434e-01 5.803573278748052067e-01
6.216558277254112808e-01 5.676959704084982850e-01 5.347381995923979892e-01
5.695097633764696354e-01 5.580781437277023693e-01 5.666141170812107886e-01
5.712177777512338350e-01 5.668460540794210134e-01 5.516182133995249925e-01
5.729929608056818502e-01 5.773887148833762861e-01 6.067285220414049274e-01
5.719450568786461631e-01 5.998754741686913583e-01 5.949516084757993095e-01
6.021519938791916049e-01 6.068826679631633692e-01 5.668269855679514135e-01
5.582220935947664886e-01 5.525488819672584873e-01 5.736170777663938125e-01
5.577837017289121180e-01 5.436255509986129830e-01 5.482337237629810733e-01
6.457105296429397345e-01 6.582395810104769707e-01 5.801432816324186836e-01
5.710854930958573217e-01 5.761318929197914995e-01 6.065134197646182557e-01
5.713680949758163097e-01 6.005856197710428557e-01 5.936038395500229381e-01
6.020874587876750006e-01 6.086256222688117834e-01 5.557397646912115574e-01
5.458424386978525389e-01 5.416662931940474657e-01 5.868862366784924900e-01
5.529594813038268830e-01 5.430338224848177964e-01 5.500825658483111669e-01
6.455321351158881393e-01 6.626751325509475654e-01 5.701682661416651587e-01
5.656907440147528332e-01 5.952254488414416844e-01 5.929205137420623384e-01
5.998407279306274820e-01 6.095383722406498839e-01 5.574243034192416513e-01
5.645343738035618619e-01 5.733026041962916430e-01 5.743827862756860636e-01
5.636621477697808524e-01 5.571790401667799930e-01 5.246054094160099712e-01
5.562016435177208340e-01 5.533038203120090870e-01 5.835155680258258259e-01
5.458721035019464818e-01 5.763259894364115565e-01 6.226239372806299244e-01
5.778577635885424613e-01 5.880065810779139257e-01 5.852508435101937412e-01
5.427340311763459990e-01 5.425399565181624473e-01 5.814899742179125974e-01
5.796420948026305142e-01 5.438174686937903290e-01 5.566254706648926520e-01
6.651827736985947981e-01 6.406397674307768852e-01 5.059284933401558826e-01
6.182305528350261481e-01 6.604031786487841726e-01 5.857409605152580356e-01
5.679160400612687232e-01 6.314764770677973038e-01 6.047575015173459745e-01
6.560502544241010314e-01 6.327270636354640487e-01 5.154634019630710551e-01
7.278138509185198002e-01 7.154931801328660024e-01 4.756074669111127751e-01
6.239400503917855723e-01 5.644430302442297043e-01 5.496266050824428762e-01
6.176372976928417025e-01 5.621740309328573382e-01 5.507875112027814657e-01
5.695424900978359739e-01 5.480892242353629928e-01 5.927401472177475927e-01
6.135889378838582653e-01 5.616909701363100860e-01 5.502079336282176270e-01
5.613230844277921072e-01 5.427581388503062154e-01 5.973964449712710900e-01
6.240036157428315855e-01 5.740762782340557147e-01 5.339423251087946909e-01
6.445951611090435796e-01 6.081972248649996082e-01 5.349123624601808125e-01
5.970599715899929105e-01 6.166429998203255547e-01 5.600000000000000533e-01
6.499990936214304904e-01 6.168587618881542500e-01 5.228982570647809913e-01
5.910269148421186669e-01 6.133447614644894630e-01 5.600000000000000533e-01
5.736814796133722361e-01 5.530038492693569729e-01 6.187575866957413240e-01
5.775285814870589896e-01 5.560839649019810871e-01 6.156650058583572616e-01
5.521080078314795081e-01 5.519384915081532172e-01 5.679965396221472451e-01
5.469426500600484964e-01 5.454667170137799115e-01 5.785193913649219200e-01
6.254918314213454567e-01 6.025862359101983312e-01 5.293009689109661187e-01
5.744828261488983401e-01 6.041633401297118455e-01 5.609799634422913961e-01
6.566288211490463045e-01 6.394277016294185323e-01 4.842380930761112090e-01
5.784816335020650513e-01 6.550922643567983483e-01 6.209074906819802564e-01
6.898444609157105001e-01 6.658892991466596190e-01 5.013938670974388279e-01
6.392923447113360025e-01 6.227196330232731558e-01 5.043552470859136161e-01
5.719644272853811051e-01 6.480885685999475676e-01 6.304520472798673669e-01
6.666245413611652237e-01 6.453147815899997752e-01 5.212666794429784423e-01
5.777306675706719297e-01 5.263975528078589372e-01 5.491676678617684049e-01
5.721610493736578595e-01 5.207776172336038290e-01 5.555553196662299520e-01
5.827379192068884439e-01 5.303288718290002368e-01 5.332027979059950074e-01
5.945304248314423612e-01 5.416265804379466475e-01 5.134126661010770531e-01
5.714279073440464707e-01 5.351619019491949958e-01 5.265073175077629175e-01
5.593781771680763626e-01 5.250951462254863644e-01 5.344016314709022497e-01
7.503323686970805317e-01 7.339839486693021664e-01 4.732048209167165620e-01
7.421171344197804443e-01 7.258814057304312506e-01 4.834597816063871956e-01
7.397039033510096617e-01 7.274923301285238786e-01 4.829591807652765523e-01
7.203406951898565502e-01 7.118337100568578046e-01 4.980281315708688927e-01
