5.503400195941512418e-01 5.587817216264850950e-01 6.283317362588219934e-01
5.549651419778066641e-01 5.597004383839254693e-01 6.235901605144757998e-01
5.577047261189933547e-01 5.625155608769356608e-01 5.781131595217117169e-01
5.350449447724457963e-01 5.283291627736890206e-01 6.132379573542063866e-01
5.352253978096597198e-01 5.239190814460267243e-01 6.137836188249471414e-01
5.388702465048169632e-01 5.263621651594307949e-01 6.078953601031640286e-01
5.404451618888559405e-01 5.275166337653216519e-01 6.028578032863455283e-01
5.404002559310325804e-01 5.282445552288416168e-01 5.972640869933000252e-01
5.956804772755653898e-01 6.311538308378220608e-01 6.434951072584031984e-01
5.974413406073737498e-01 6.453338832773252154e-01 5.900015766984110233e-01
5.564927899027453106e-01 5.891199730070508789e-01 5.794570686392649383e-01
5.458937337306736248e-01 5.667501462452156913e-01 6.007033671260608720e-01
5.836098402169720423e-01 6.052811896046510487e-01 6.477278565052997372e-01
5.526777653101706544e-01 5.672592412312155163e-01 5.791222679998578871e-01
5.429925839998460679e-01 5.657517035861027166e-01 5.946001103642228891e-01
5.476457481502270408e-01 5.724322974518916141e-01 6.091863418157060783e-01
5.317985526171211674e-01 5.213714598013685642e-01 6.214158775517968358e-01
5.238667089806844368e-01 5.189483175945378557e-01 6.286291325875876801e-01
5.692722317988146985e-01 6.487921155368568948e-01 6.218750000000000666e-01
5.614210710106845026e-01 6.440457047625516296e-01 6.331249999999999378e-01
5.689970428491996080e-01 5.771302506123274778e-01 5.654095286197673431e-01
5.773938656363343247e-01 5.867578926407058804e-01 5.637464319714270422e-01
5.678136589516040722e-01 5.763583709887597495e-01 5.799990382429994762e-01
5.744798149255266884e-01 5.825417406161407241e-01 5.736905306396984372e-01
5.968059337838114153e-01 5.614199755121431767e-01 5.877041704283980650e-01
6.043561856942578636e-01 5.693048442879893312e-01 5.715375271055227469e-01
5.648241600593185696e-01 5.669679825766161807e-01 5.999371985032813104e-01
5.686285297045710063e-01 5.716695743510175065e-01 6.187506417346383403e-01
5.961419953310737041e-01 5.890342507597083888e-01 5.928964030430731169e-01
5.762866465186379239e-01 5.454364156734988756e-01 6.156053695619042587e-01
5.729245819124172412e-01 5.569767296196305173e-01 6.061238775665682699e-01
5.745887172243872021e-01 6.048932987883844925e-01 6.228640998051225841e-01
6.032939900844221937e-01 6.677782101698901407e-01 6.331249999999999378e-01
5.972225607711092454e-01 6.643939363357114214e-01 6.443749999999999201e-01
5.280784617931694180e-01 5.671770668314793928e-01 6.154593093832450013e-01
5.216847248720827279e-01 5.491120870388949138e-01 6.266672110093354231e-01
5.268859561533629776e-01 5.485599499916467003e-01 6.258135955933437078e-01
5.247893972772139648e-01 5.348906968789701732e-01 6.004202945462789875e-01
5.222650697862303293e-01 5.254666135343986078e-01 6.088506235381272447e-01
5.193431667072664348e-01 5.170289064254984801e-01 6.157979892336962191e-01
5.128571994064545780e-01 5.071550028898663687e-01 6.228975383269239607e-01
5.190828877778072004e-01 5.140361354047982001e-01 6.057603786636852616e-01
5.286826028637523489e-01 5.258670018470275043e-01 5.828789481555747276e-01
5.688819606509778470e-01 6.325269275901177490e-01 6.361669011745973989e-01
5.614440862391159026e-01 6.051840506637495842e-01 6.533083413053415445e-01
5.581067358262716827e-01 5.973123403222582173e-01 6.619580112850814713e-01
5.154661710218104709e-01 5.628052032689201400e-01 5.974455190662952830e-01
5.521106216571752823e-01 6.127772616186802912e-01 6.130810736904200864e-01
5.472837544764757034e-01 5.987454233960172179e-01 6.220236124909865882e-01
5.422622730442948624e-01 5.880088772266998109e-01 6.318423360388879528e-01
5.463048155470682232e-01 5.832894997874580323e-01 6.329257317615685219e-01
5.015232602467455392e-01 5.242534435911095914e-01 6.185791902670948472e-01
5.163363977720097919e-01 5.796794497433350735e-01 6.003564761425969065e-01
5.192080012534968647e-01 5.687692021716332924e-01 5.941315405926586024e-01
5.264271663943809187e-01 5.555260014662908308e-01 5.981935616365069430e-01
5.511475114315703694e-01 5.743598872435722313e-01 5.549853596065562611e-01
5.346175113335649431e-01 5.707491816406952134e-01 6.230682898640957923e-01
5.581758498870217355e-01 5.987794774031467426e-01 6.390961736940740101e-01
5.835925277635641839e-01 6.119063945244433977e-01 6.104965953574642556e-01
5.131562461424663546e-01 5.100523792956869196e-01 6.177238294774779481e-01
5.214467597507205232e-01 5.429047254850631887e-01 5.957288231521452593e-01
5.265319505319816518e-01 5.478546206477838965e-01 6.146608653515377441e-01
5.252040300233904446e-01 5.808511221267107505e-01 5.894984049340812327e-01
5.271495153975175318e-01 5.546442757049990790e-01 5.798156966252216993e-01
5.282093885560379398e-01 6.246079644858180124e-01 6.331249999999999378e-01
5.147587562215041324e-01 5.868344566857929268e-01 6.052100944852493170e-01
5.688027003624923639e-01 5.852304312692926391e-01 6.256586381979202249e-01
5.623632968171925484e-01 5.504064922604242627e-01 5.945678276376455962e-01
5.611945140457763603e-01 5.409798584794498488e-01 5.886665892669643574e-01
5.655858146679090259e-01 5.513380715021793943e-01 5.623581022487751380e-01
6.291481078886430600e-01 6.453313964954948689e-01 6.277946140285828314e-01
6.563607269457659710e-01 6.717833555343812879e-01 5.885783896265073256e-01
5.449363065166759057e-01 5.469702998294400098e-01 6.179281571123328431e-01
5.694026864409539312e-01 5.707709446245373686e-01 5.754874216113791130e-01
6.308547017382142297e-01 6.439773786082384488e-01 5.765926506873959578e-01
5.348295605782743545e-01 5.256474318959051262e-01 6.264946544757229452e-01
5.579278521590300688e-01 5.673592299696239571e-01 6.148988483476328648e-01
5.498254864775210526e-01 6.243016026387252504e-01 6.512404030926882692e-01
5.944984982821092112e-01 6.283598254378782721e-01 5.913145491699851597e-01
5.927512831981742725e-01 6.624269268573423908e-01 6.162500000000001865e-01
5.857353782935659225e-01 5.854458946537748343e-01 5.563773640722435854e-01
5.800323489597074555e-01 5.809840689964674842e-01 5.778331573063431037e-01
5.974777606842808231e-01 5.992324098841028679e-01 5.731416153297114180e-01
6.046988785001284894e-01 6.002802866114212987e-01 5.889150972730787803e-01
5.443211017310716215e-01 5.616962180742897104e-01 6.289832251676680253e-01
5.513656154232311479e-01 5.540397588867844725e-01 6.178671008965350708e-01
5.478329554409543389e-01 5.522697659481825561e-01 5.869264650834185026e-01
5.376146420487437627e-01 5.321504602031291720e-01 6.050997940306607203e-01
5.383560453432825188e-01 5.309864666996217952e-01 5.933838152190453741e-01
5.692063364570438821e-01 6.138512519034309278e-01 6.585804800933152681e-01
5.602588482451655860e-01 5.956008934505458985e-01 6.762113930045419163e-01
5.712545954473500220e-01 6.022812787156908154e-01 6.657656047965800905e-01
5.868211166257130129e-01 6.184010795545515915e-01 6.353866385022655106e-01
5.365246460472063994e-01 5.607358794588943596e-01 5.990153559671604899e-01
5.644646853795532992e-01 6.027015359938625583e-01 6.222481692946925103e-01
5.859564710407323407e-01 6.124268653237436855e-01 5.981178310535798515e-01
5.195453076721361363e-01 5.205530421247536177e-01 6.168884027656554858e-01
5.353587348366185550e-01 5.778729625953049620e-01 6.081033399586549537e-01
5.316511769656918629e-01 5.455626053310561607e-01 6.125925297682215387e-01
5.491453599316407086e-01 5.673997841673309450e-01 6.297532097928615347e-01
5.600806427715273594e-01 5.854972440356618346e-01 6.666258464791321448e-01
5.699377500389116724e-01 5.807896682343440808e-01 5.652735980244779634e-01
5.768764565785055032e-01 5.838527277824241413e-01 5.705560331068404434e-01
5.607339980304612004e-01 5.619935943582157201e-01 6.437012239125310398e-01
5.718576322027422165e-01 5.666942838521222825e-01 6.287485957495964062e-01
5.652396927188885201e-01 5.391691331862097369e-01 5.814219200874396476e-01
6.535914616683955458e-01 6.608537318276495043e-01 6.026691854257237857e-01
5.828506961380262030e-01 5.776193307777511832e-01 5.649281563289716424e-01
5.526504535124115991e-01 5.659310390396991020e-01 6.184082486429937076e-01
5.583197999500797426e-01 5.660415260998804543e-01 6.139507504880024058e-01
5.427703334035770544e-01 5.325663280159627089e-01 5.732829117026007060e-01
6.573898909865435458e-01 6.849066536851293741e-01 5.668247150635429277e-01
5.562840958841021033e-01 5.637697498120061157e-01 5.732076587253955857e-01
5.364022703552071558e-01 5.492885681171326695e-01 6.499232037401495576e-01
5.524914537091055733e-01 5.630840977899806976e-01 5.856824679787067112e-01
5.448830437319491793e-01 5.446532428248228586e-01 6.001051073324176199e-01
5.686671727797515397e-01 6.155783327042264608e-01 6.625547826258714190e-01
5.786847607857269482e-01 6.158512295262569269e-01 6.490492884675743701e-01
5.263590468872220152e-01 5.381482281412084401e-01 6.181912948603198732e-01
5.505420069044897335e-01 6.042582903673536787e-01 5.894571163196151709e-01
5.225221150774447265e-01 5.424323210199570866e-01 6.392135776079257425e-01
5.278149850368527574e-01 5.426359359776291580e-01 5.953070615388635911e-01
5.268670220402782434e-01 5.324777269754751297e-01 5.981531096286492044e-01
5.538081515465791416e-01 6.263358778893444168e-01 6.624230524967974487e-01
5.551790823183794243e-01 6.107608495713299224e-01 6.645784941912530330e-01
5.565354658127974474e-01 6.010011088127581447e-01 6.718924121226270696e-01
5.794427037765002009e-01 6.140079870852431787e-01 6.412639612795941746e-01
5.127874168793050691e-01 5.320375586015922975e-01 6.071025627938618774e-01
5.445233511335886289e-01 5.916204886570960442e-01 6.390852970673733813e-01
5.715256909124880602e-01 5.726520822868845784e-01 6.159139440074523630e-01
5.535435289159991168e-01 5.555231794957953273e-01 6.252007384716380400e-01
5.608958821005217699e-01 5.961881000808655351e-01 5.916928374534886625e-01
5.225425622322266150e-01 5.164931147771302244e-01 6.183256023958078051e-01
5.772136685372182274e-01 6.449491509412706991e-01 6.316312321297120613e-01
5.539537584354949917e-01 6.014031699907399497e-01 5.755719217441251923e-01
5.084237936474002018e-01 5.057979661288474205e-01 6.198200243413842792e-01
5.677385905816686451e-01 6.415150527145822013e-01 6.278172949240298228e-01
5.607089025535458848e-01 5.992709481618170297e-01 6.645471230763786430e-01
5.990458828724631868e-01 6.104440450819521580e-01 5.682913832031430967e-01
5.866358772728397231e-01 6.081991738774211731e-01 5.618505088571934536e-01
5.723145489369241279e-01 6.205790406567022188e-01 6.522963375867242286e-01
5.604324568015366381e-01 6.080396817346787053e-01 6.679475441935887048e-01
5.569727125306147553e-01 6.077476198592384193e-01 6.633240607267454347e-01
5.615667434182999296e-01 6.522856207471371404e-01 6.318592647672515161e-01
5.681551638312373198e-01 6.242886744409299471e-01 6.401651188734611697e-01
5.796472347453597296e-01 6.140705158646873052e-01 5.810137579481321479e-01
5.481461917758185809e-01 5.900613487335717444e-01 6.485412743270505542e-01
5.489842841431561427e-01 6.414908809627608566e-01 7.308716845504823478e-01
6.350889677080565621e-01 6.346810207177350227e-01 5.856171628069601898e-01
5.349199318321340435e-01 5.792588219742110800e-01 6.604605054059716762e-01
6.625086427358511942e-01 6.987278445873458255e-01 5.600000000000000533e-01
5.446737145195875707e-01 6.377407799111745046e-01 7.338249102976831528e-01
5.639746364746195395e-01 5.598941677041334719e-01 5.790244138611735369e-01
6.343655891722056461e-01 6.408904844582526961e-01 5.786118836919168507e-01
5.374054402983734491e-01 5.839679936301030994e-01 6.530862236493865103e-01
5.425647272601836768e-01 6.360594588348983391e-01 7.351460990572679099e-01
6.396395393735084811e-01 6.485086284144029323e-01 5.645869754542399699e-01
5.851227735229735938e-01 6.094458107216184084e-01 5.445044953250420816e-01
5.061593543031464026e-01 6.171413795660154467e-01 7.286256950654469433e-01
5.786381208188395853e-01 6.044959666611784410e-01 5.488093353192868840e-01
5.104052077786788155e-01 6.265366709446297255e-01 7.136217251895210500e-01
5.860817329793580610e-01 6.585470442173582128e-01 6.500000000000000222e-01
5.537843886923683456e-01 5.338292754460015610e-01 5.789762069987499649e-01
6.627223697833175553e-01 6.657233646040509045e-01 5.975918835663459605e-01
5.847694759109779428e-01 6.578438004954082485e-01 6.500000000000000222e-01
5.489546260786901666e-01 5.298314984335226185e-01 5.824519941932145839e-01
6.550760175666613394e-01 6.590803320715780123e-01 6.027101287364841076e-01
5.795352270540584660e-01 6.549118897503444225e-01 6.500000000000000222e-01
5.400783110958580213e-01 5.260725801684298375e-01 5.839988932855604276e-01
6.495707137717722235e-01 6.601520564420064741e-01 5.991849974643382870e-01
5.762208439256559789e-01 6.530289367044843640e-01 6.500000000000000222e-01
5.449620765653648835e-01 5.354595734179734556e-01 5.712311645306821228e-01
6.526719125589103276e-01 6.658510666835734115e-01 5.892144449865366340e-01
5.776773727269466363e-01 6.113151348553316211e-01 6.384339834009475911e-01
5.734391771968115892e-01 6.062706858280981770e-01 6.386772087677661247e-01
5.831853099863613110e-01 6.183946488128377883e-01 6.265226531479995975e-01
5.859567881647614884e-01 6.227793970034695148e-01 6.162095399653770844e-01
6.086540219599710921e-01 5.999836148569327454e-01 5.884585281772720666e-01
5.892715053135962888e-01 5.801756170681623415e-01 6.086358292381341961e-01
5.871024040502389463e-01 5.781645499144565381e-01 6.109199588996980790e-01
5.876578183879690442e-01 5.796076029392163154e-01 6.089154288634186507e-01
5.934067661163049401e-01 5.887975974608238294e-01 5.943863559725485191e-01
5.866165561584226751e-01 5.818374353535276100e-01 6.077554791981965021e-01
6.067075474597063423e-01 6.038334147229971194e-01 5.771245290185061938e-01
6.025562390124483692e-01 5.984672186036040786e-01 5.915707505918160747e-01
