5.212608738842322564e-01 5.414521181718668918e-01 6.118039011237728086e-01
5.279239869103968807e-01 5.517096479100808137e-01 5.949713691152052064e-01
5.470049766538420677e-01 6.016824807789703522e-01 6.012268066406251110e-01
5.470232503678000846e-01 6.016932148927499613e-01 6.012731933593750133e-01
5.720867787791827919e-01 5.448112535691268521e-01 5.601455674418676089e-01
5.891258236757588307e-01 5.598529467075525901e-01 5.485716828237510168e-01
5.893890118780958920e-01 5.600049712952810399e-01 5.485638137861148511e-01
5.849733995330819170e-01 5.576347579658083031e-01 5.427675694357708691e-01
5.721985808880831748e-01 5.672816904059301280e-01 6.084603666087904372e-01
6.005022351276008141e-01 6.295543732112731661e-01 6.018066406250000000e-01
5.788872280964739714e-01 5.778597650737563596e-01 5.791333549745353304e-01
6.009419456561936324e-01 5.424858528463382124e-01 5.892977647924531048e-01
5.840944084494995581e-01 5.290395670883378809e-01 6.026545394726607885e-01
5.379809469617643503e-01 5.747544845927030632e-01 5.305137358702558537e-01
5.393976996164101534e-01 5.283568675178071938e-01 5.479801906264399891e-01
5.401977783357900798e-01 5.288289926067141211e-01 5.475926773402249870e-01
5.950282222896660089e-01 5.619510598989303496e-01 5.469625918702089029e-01
5.961763406869711179e-01 5.572153933175117979e-01 5.606595392338772355e-01
5.716073020995482423e-01 5.704933565678411700e-01 5.754973011144743911e-01
5.924871764598336199e-01 5.870508949964642342e-01 5.567901461587219103e-01
5.667016899411760900e-01 5.846523438653049576e-01 6.010957104312089072e-01
6.047317868562329668e-01 5.780769338162815574e-01 5.337405571533622162e-01
5.335552390794872091e-01 5.941538464075452053e-01 5.893749999999999822e-01
5.625450486689997920e-01 5.431721591557444606e-01 5.319772329137932854e-01
5.978435412049720732e-01 5.837568390935291562e-01 5.050142770531904635e-01
5.384870703502010469e-01 5.964379637118916166e-01 5.864062500000000178e-01
5.672265942600698274e-01 5.485410466892605141e-01 5.245594977720096086e-01
5.323387072422716138e-01 5.928705428560998580e-01 5.997656249999999689e-01
5.980025202322596378e-01 5.918786458685914020e-01 5.567503833174912709e-01
6.097465975928804127e-01 5.987085747347982156e-01 5.502972042063842828e-01
5.488851806065115913e-01 5.588938462668110452e-01 5.900855908596019939e-01
5.658890689892254189e-01 5.391395667093592525e-01 5.655627505138939304e-01
5.548684609231854248e-01 6.043943034474328346e-01 6.042187500000000266e-01
5.932703449868259593e-01 5.951024780762592670e-01 5.365090293331219451e-01
5.636694091562146625e-01 5.627448284112084309e-01 5.790380647909987299e-01
5.691841844721921007e-01 5.335230363406283649e-01 5.674211774688648902e-01
5.712714167737340532e-01 5.723741093514503886e-01 5.622892922338018629e-01
5.210118485783519215e-01 5.411936213646149074e-01 5.905418660896640803e-01
5.413182176009183610e-01 5.976724494422531730e-01 5.953125000000001332e-01
5.302444559086925135e-01 5.920295647906420600e-01 6.190624999999999600e-01
5.573663214016278955e-01 5.326762448935842276e-01 5.606364268017646202e-01
5.438874970246609930e-01 5.170322000821827579e-01 5.911026585401139011e-01
5.808339564042505065e-01 5.586324922943828319e-01 5.487028271795280077e-01
5.360558303023871263e-01 5.186257586790440355e-01 5.562667526177220712e-01
5.820451050840348417e-01 5.760801190418269879e-01 5.721386383730676650e-01
5.657597916968510887e-01 6.101213634706721400e-01 6.016210937500000577e-01
5.402719709600078968e-01 5.968345655745397327e-01 6.042187500000000266e-01
5.373308934471476839e-01 5.950580118661490392e-01 6.101562499999999556e-01
5.340653658821705729e-01 5.938843341392865405e-01 6.160937499999999956e-01
5.755061203263502900e-01 5.472777800893233735e-01 5.587916759995846805e-01
5.705640679393423342e-01 5.399845510236526147e-01 5.737780548865348829e-01
5.514720735770141102e-01 5.805344523626796427e-01 6.211983281620666597e-01
5.933247668786398865e-01 5.805635396367966328e-01 5.669111760229821328e-01
6.017428821885770773e-01 5.794830464667927172e-01 5.277788297968282194e-01
6.273438063934990705e-01 6.477186456454032681e-01 6.038988466508635744e-01
5.526984479485632651e-01 5.825270792961323441e-01 6.184919470919694184e-01
5.913852650008400991e-01 5.786062232242699110e-01 5.654887740316874023e-01
6.079365860676760880e-01 5.845695981893419546e-01 5.245446642272912907e-01
6.358754299673287091e-01 6.567966823329858261e-01 5.950446692610494859e-01
5.646783926589824532e-01 5.707055597351181619e-01 6.030125770520028405e-01
5.758032494494601528e-01 6.464140425160169734e-01 6.536032407367439179e-01
6.189590806426208403e-01 5.900688225593686553e-01 5.815428869837007131e-01
