5.709294545191756498e-01 5.649705299121553503e-01 5.755654968348721257e-01
5.775412387281270155e-01 5.619876263900421831e-01 5.736426868801682843e-01
5.505967163855574054e-01 5.712927768904888515e-01 5.928549860264342719e-01
5.545926776757559296e-01 5.738981710488333388e-01 5.908542036831961886e-01
5.602631029830072995e-01 5.769029257620876816e-01 5.788951231645956819e-01
5.531937446197019437e-01 5.673852175857658775e-01 5.913847244719263596e-01
5.549086367032570744e-01 5.672261985892912417e-01 5.904758116510304689e-01
5.559232706313440575e-01 5.666944814186615220e-01 5.895595291006097138e-01
5.917765824334207947e-01 6.087362972428587149e-01 5.305910914082946350e-01
5.696812522362422193e-01 5.591729033377311753e-01 5.138021077971952622e-01
5.812063703544382287e-01 5.788399329755565814e-01 5.131602959865519953e-01
5.780739280514437528e-01 5.737255283907135572e-01 5.099936254389438872e-01
5.781164950941317660e-01 5.691506133411150525e-01 5.146386920004611953e-01
6.193460933116136102e-01 6.588806534019806538e-01 5.811407544732832831e-01
6.269060680389403339e-01 6.628837837836764058e-01 5.705062157040742266e-01
6.304433395644880589e-01 6.637852811099342887e-01 5.676714654377190694e-01
5.715455646360357855e-01 5.774676392051388829e-01 5.159397520074210375e-01
5.739680852167821090e-01 5.746202964613682518e-01 5.208970035434685730e-01
5.399221031786985980e-01 5.936530275863771688e-01 6.502817583153706060e-01
5.794780604350877606e-01 6.107651421600771569e-01 6.018854707137031301e-01
6.174911509468656856e-01 6.347516240647606001e-01 5.525854659562026150e-01
6.122649087922438227e-01 6.003567524932323929e-01 5.666664280880364668e-01
5.549174491089154948e-01 5.580317003499606354e-01 5.410375593129057581e-01
5.623394529544610831e-01 5.597693072871079423e-01 5.149039021002799199e-01
5.620267717288521814e-01 5.462136422199362906e-01 5.177793302812915277e-01
5.709346879868932856e-01 5.377175264900817542e-01 5.166731927220027387e-01
5.814515584384581937e-01 5.710061129830218407e-01 5.468015646302130106e-01
5.878389895396254339e-01 5.586027966023242586e-01 5.543253224357076459e-01
6.204393448723338755e-01 6.354043009483457682e-01 5.685396822696814345e-01
5.953098290877436582e-01 6.477392982468463956e-01 5.887787819623608865e-01
5.929427146594706821e-01 6.286960750664339903e-01 6.018061043193725368e-01
5.499643468731871820e-01 5.221567079527166255e-01 5.377700466182713246e-01
5.547622702906054304e-01 5.589031455792367042e-01 5.341099402919522454e-01
5.685852836369224006e-01 5.429814510593576893e-01 5.254155467053917006e-01
5.782144217613403026e-01 5.558826063646559179e-01 5.290507182445634005e-01
5.721230542582274037e-01 5.539899993126836675e-01 5.649969037143406370e-01
5.604229433464666954e-01 5.660200911670214552e-01 5.449006440271025875e-01
5.547492047795639092e-01 5.648031016933519055e-01 5.507962801020985788e-01
5.403372344087808976e-01 5.536861009393216904e-01 5.783875273604945910e-01
5.302944941567940829e-01 5.487488182112851831e-01 5.891596095538552680e-01
5.580349583530885837e-01 5.545886985705017480e-01 5.496282757571214761e-01
5.257485752020435443e-01 5.498892254977083560e-01 5.934326245784831144e-01
5.502315524263909907e-01 5.497720994414556639e-01 5.615214710507494544e-01
5.291054893341746723e-01 5.540177696612947900e-01 5.986920280537589845e-01
5.412894825723846282e-01 5.418964745878982470e-01 5.856274422252998324e-01
5.641673293612358142e-01 5.617101379787721172e-01 5.671038391695218950e-01
6.244957691591506155e-01 5.983547659226824411e-01 5.182448862664266187e-01
6.201668599639635904e-01 5.950552901735020050e-01 5.391708825295745688e-01
5.543604585226913350e-01 6.864224911871964485e-01 6.610372666355774918e-01
6.239879219157461465e-01 6.026943730834077861e-01 5.506521000148030254e-01
5.828337665573051218e-01 6.209271744091271472e-01 5.507812500000000000e-01
5.781125215409814722e-01 6.184560581976222826e-01 5.567187500000001510e-01
5.745138062361382358e-01 6.169366762934875847e-01 5.626562499999999689e-01
5.718045893782287559e-01 6.156527872522673528e-01 5.685937500000000089e-01
5.683690504263347876e-01 6.136819633489287718e-01 5.745312500000000488e-01
5.639262879406838902e-01 6.110185004530317432e-01 5.804687499999999778e-01
5.586307091748938802e-01 6.079538083617241906e-01 5.864062500000000178e-01
5.543025674908521605e-01 6.055755915106858511e-01 5.923437500000001688e-01
5.517346851790206896e-01 6.043768349077091040e-01 5.982812500000000977e-01
5.448882486234144507e-01 6.008280071332403605e-01 6.042187500000000266e-01
5.426132873230614662e-01 5.995377730728238541e-01 6.101562499999999556e-01
5.337304398773229375e-01 5.987089706261051747e-01 6.451757083014548755e-01
5.383216894245183015e-01 6.034095886070638404e-01 6.440643602052094074e-01
5.741356347869327470e-01 5.418160046639155514e-01 5.022547090774551748e-01
5.983177049340036024e-01 5.653831541310632147e-01 4.803096474833637997e-01
5.789048604692647038e-01 5.457732656057928677e-01 5.035916923445409310e-01
5.950504012619601824e-01 5.612753229818511214e-01 4.789304531406185506e-01
5.927857152353714909e-01 5.590288717255846862e-01 4.887931728384324881e-01
5.873256170697942480e-01 5.547402615452656782e-01 5.063736229853171844e-01
5.841600308524396157e-01 5.519782190480724271e-01 5.039508493806922340e-01
5.804327909723637768e-01 5.483326680049268598e-01 5.132925758937614269e-01
5.676807031375634693e-01 5.357490863566167771e-01 5.357177111837745365e-01
5.833960301895382283e-01 5.528298524476876752e-01 5.144774109321398337e-01
5.859087976068548809e-01 5.546765521418441924e-01 5.227556476321423284e-01
5.737123174371923096e-01 5.424249391321889213e-01 5.367334738376864367e-01
5.740115656332114291e-01 5.444335912005553446e-01 5.367407574287300642e-01
5.837749655837589646e-01 5.543175100963271262e-01 5.307392529236979462e-01
6.085540107352270800e-01 5.799772071285695940e-01 4.978483738182073459e-01
5.985271925737187804e-01 5.696444372469315898e-01 5.186713474966553328e-01
6.072115047501802643e-01 5.793884016509716073e-01 5.092600531317300616e-01
6.011855520821225429e-01 5.708016468782319830e-01 5.355479712526265423e-01
6.040910493220887911e-01 5.760908780575707544e-01 5.338507724042400593e-01
5.914867195423847424e-01 5.655574984000631966e-01 5.432063097369986826e-01
5.852464539593792425e-01 5.585703007216362703e-01 5.517518812166879449e-01
6.031145289680230892e-01 5.763172059034145089e-01 5.298273491612540687e-01
6.136901964680003818e-01 5.969645845564732767e-01 5.681861450943757053e-01
5.921445565463585581e-01 5.892952340041324177e-01 5.939746697367299655e-01
5.961629876213662138e-01 5.893450674874696205e-01 5.862024450137737208e-01
5.957758951742307962e-01 5.844571988238909110e-01 5.914645275007821557e-01
6.020648705254286748e-01 5.901357206081492279e-01 5.850591904920026121e-01
6.099707982725508515e-01 5.850675384961848691e-01 5.832736438714982707e-01
6.119897915020615642e-01 5.804657397105660310e-01 5.742842796274951755e-01
6.108716391095876386e-01 5.752255411381171912e-01 5.810863983676596289e-01
6.116142437936585852e-01 5.711621956637396025e-01 5.847899035211177043e-01
6.295133058214185118e-01 5.986272151492758598e-01 5.166959358473905972e-01
6.155905316979816133e-01 5.803085252860384902e-01 5.285083978406536209e-01
6.016647431159729553e-01 5.609912742623096582e-01 5.244897921747262437e-01
5.975125759839581274e-01 5.492913201074366425e-01 5.276746430291081591e-01
5.998439438800535761e-01 5.484546348949583816e-01 5.167983654777056346e-01
6.086374532735030485e-01 6.545934692566839352e-01 6.509159619739013358e-01
6.525953398445137887e-01 6.733927937094068561e-01 6.057944513135548048e-01
6.821158839013663489e-01 6.862745487957396806e-01 5.737588142509590927e-01
6.812332554838529397e-01 6.785249668580113358e-01 5.818940410536771468e-01
6.927813027084790409e-01 6.745412897252792694e-01 5.733355473590568963e-01
6.923265802206719499e-01 6.650140233268229117e-01 5.759137214527898507e-01
7.037337496152942240e-01 6.748300369768468476e-01 5.608672056373708026e-01
5.901451934421001466e-01 5.738675468589357065e-01 5.718437625884836839e-01
6.106001720885421147e-01 5.875084931827010415e-01 5.311096405443253010e-01
6.294120474494103723e-01 5.911212648467533137e-01 5.081852018697785578e-01
6.459690288299263505e-01 5.857528262868872959e-01 5.115625894649883376e-01
5.914404392337169192e-01 6.369058733107351156e-01 6.326551916680227539e-01
5.971691811365426039e-01 6.350742632745034477e-01 6.259914053521687949e-01
6.133832169189976646e-01 6.396672972152301906e-01 6.005193886327350183e-01
6.363999149583228210e-01 6.481859050752276641e-01 5.758559429683309805e-01
6.636360246824458686e-01 6.616428644779683843e-01 5.585867989254856836e-01
7.044420050622804963e-01 6.919845644707567356e-01 5.135995715302086317e-01
6.972621676212138464e-01 6.604366224383408923e-01 5.279196830269003993e-01
5.938089974925324643e-01 5.722407612438107360e-01 5.332239973957829671e-01
6.024839922970137707e-01 5.571039649187436993e-01 5.185300951090553445e-01
6.047922591585641605e-01 5.944740066232659936e-01 5.487480682278782496e-01
6.162331594296016624e-01 5.746201111735408373e-01 5.385467863671662414e-01
6.652947198389804750e-01 6.523563436665024140e-01 5.338715705546438484e-01
6.526440447933070654e-01 6.699564678909493143e-01 5.784190423292426830e-01
7.125929623284955605e-01 7.002801662596443988e-01 5.310906927831193780e-01
7.137860098240347284e-01 6.791296575756982090e-01 5.336989259821489640e-01
6.106892212057624114e-01 5.897918862318279887e-01 5.435802162079761413e-01
5.910621574638402764e-01 5.591653671237589718e-01 5.333095357069619347e-01
5.940708546823251224e-01 5.826478777147443555e-01 5.676013130881553126e-01
6.026122967930928054e-01 5.789835951771657996e-01 5.142394787272774881e-01
5.742823139190088577e-01 5.758870389441197446e-01 5.833753012874788313e-01
6.020713566011128837e-01 5.815743107345506813e-01 5.408381419115084743e-01
5.595036613510134815e-01 5.633858078764517607e-01 6.147841876739761346e-01
5.934511295995211766e-01 5.719816642883267521e-01 5.687870983564988769e-01
7.044271669133571612e-01 6.897380337957241814e-01 5.204454816811061590e-01
7.176291673819317207e-01 7.005391098374347258e-01 5.371158704115132076e-01
6.462997051466259357e-01 6.537384691293910421e-01 5.478125000000000355e-01
6.333205087787545651e-01 6.472922001421703708e-01 5.596875000000000044e-01
6.207955915155161097e-01 6.408646593635456412e-01 5.715624999999999734e-01
6.102967093831113132e-01 6.350529777030144984e-01 5.834375000000000533e-01
6.020455881133640608e-01 6.309697451871034701e-01 5.953125000000001332e-01
5.879819656502200953e-01 6.237352943505009017e-01 6.190624999999999600e-01
5.848259273781155620e-01 6.206664665417358506e-01 6.327916961775750249e-01
5.766636030793882428e-01 6.168080061370787570e-01 6.450368155343613186e-01
6.332712292966494738e-01 6.425964688198426700e-01 5.754368929871719329e-01
6.481854950469428944e-01 6.580232490509492216e-01 5.830717064822736884e-01
5.969804458030938399e-01 5.417088895893883427e-01 5.287092117604423880e-01
6.114856982255076900e-01 5.531081137884810150e-01 5.183848495649356902e-01
6.201288713020426391e-01 5.604095248688517605e-01 5.129244863694459866e-01
6.127378473112800039e-01 5.536456403005294291e-01 5.263406963251464621e-01
6.081958430074191346e-01 5.488767896485384767e-01 5.397370838266998261e-01
6.169823721194912514e-01 5.542523335771382120e-01 5.551670544191282808e-01
6.175075062100711110e-01 5.555356632623067448e-01 5.583945484680392646e-01
6.096103922430342603e-01 5.539576805789000469e-01 5.499553212191334861e-01
6.246213662252637633e-01 5.709019231228344982e-01 5.401261068378427899e-01
6.146947463192607986e-01 5.596773586240205711e-01 5.650306904311120926e-01
6.028772690618705576e-01 5.498896050390669199e-01 5.866580196870171404e-01
5.738791963243117245e-01 5.173367504374449810e-01 6.211897684795376628e-01
6.145651972130364848e-01 5.560214626858268616e-01 5.865531433306088172e-01
6.192074806270346787e-01 5.566423254261990694e-01 5.898869927884562436e-01
6.122668457924111962e-01 5.515858917890897883e-01 5.970906764344554585e-01
6.342095104376745951e-01 5.756646309662598604e-01 5.779913723791864077e-01
6.375431163633707987e-01 5.810905965756918423e-01 5.759866552160809450e-01
6.410667709907029721e-01 5.866303389128556534e-01 5.751729045886806446e-01
5.873120358942577335e-01 7.032393910787028135e-01 6.769363301439397240e-01
6.564229178428669931e-01 6.086950973071751925e-01 5.707640320577302973e-01
5.851976743728641850e-01 7.060158024956639800e-01 6.729736179823463393e-01
6.778391825705232243e-01 6.309822043820614290e-01 5.523778019222410629e-01
5.781052375021125123e-01 6.982922242576032890e-01 6.875731995333724811e-01
6.957240907020850740e-01 6.470232444484499412e-01 5.401642761574360074e-01
7.037405646707329820e-01 6.554568993749133599e-01 5.393509263560667399e-01
6.910124722642912998e-01 6.399265332498448311e-01 5.613992029842079790e-01
5.779765554108672321e-01 6.282603850941017587e-01 6.432747090731598671e-01
5.751693043665528915e-01 6.260590744937641894e-01 6.529877745632054475e-01
4.996839256190447331e-01 5.594013285016459225e-01 6.151775394235821093e-01
5.525479491475649985e-01 5.873448134480745431e-01 5.455272381732304554e-01
5.630775561684817632e-01 5.961338689384543255e-01 5.276930265870819481e-01
5.589611442758359861e-01 5.887059638107158266e-01 5.338594737112554167e-01
5.216853610939732322e-01 5.098606869708499634e-01 5.392015089685384677e-01
5.492359450879905625e-01 5.783469792919750940e-01 5.550573908934094414e-01
5.437902834573552502e-01 5.680676744219000929e-01 5.610306857255841217e-01
5.927227793105145359e-01 6.137320560234117428e-01 5.838645514823641580e-01
5.164204298245815838e-01 5.316805592092939126e-01 5.554318175416640413e-01
5.212638449656896711e-01 5.234873969902879010e-01 5.532762308336859336e-01
5.579986096620515035e-01 5.481274750577900257e-01 5.036342255021639680e-01
6.185250424436653516e-01 6.432922447152369383e-01 5.011642159276038511e-01
5.138858605686688064e-01 5.279201417833351284e-01 5.512448331895564158e-01
5.224213908276049700e-01 5.147693676133113794e-01 5.379507659766028516e-01
5.236871957096753682e-01 5.484961120339368890e-01 5.583016510809382105e-01
5.427258695508050401e-01 5.415603736600331786e-01 5.451738281458572422e-01
5.747182229002586462e-01 6.426212804134598944e-01 5.641484291312328647e-01
6.032812431590384161e-01 6.283241692990388927e-01 5.371072357003783271e-01
5.252138744915197943e-01 5.438311562065443194e-01 5.472812237155701975e-01
5.086835454287745861e-01 5.370907219066116678e-01 5.663932705366060416e-01
4.984670949441895038e-01 5.069053791588908897e-01 5.684593203997522215e-01
5.163118745672494736e-01 5.266586562804576044e-01 5.635537811590037860e-01
5.271877533773419167e-01 5.387072271896446995e-01 5.658058049891915298e-01
5.186012687382204334e-01 5.786885410672936159e-01 6.236686039158234607e-01
5.825749227534610108e-01 6.146145174702357661e-01 5.344903016350994740e-01
5.430209541654742456e-01 6.215398029766830978e-01 5.908982111259251102e-01
5.954089324116392801e-01 6.362737724115938853e-01 5.360252504688154396e-01
5.284800800057404269e-01 5.905646066139677020e-01 5.715624999999999734e-01
5.203895565553143809e-01 5.855795907292251634e-01 5.834375000000000533e-01
5.136819505657916896e-01 5.819475394636546284e-01 5.953125000000001332e-01
5.060349422196547264e-01 5.780942428524395993e-01 6.071874999999999911e-01
5.821844368624506938e-01 6.331893996159513316e-01 5.233615508779450032e-01
5.062521128482664334e-01 5.925426012105585727e-01 6.343259797596872973e-01
5.832162195663855853e-01 6.387524580200285573e-01 5.301531465342723681e-01
5.800189583693220463e-01 6.354378110234456534e-01 5.486135574332948739e-01
5.194489639424636485e-01 6.176977501986052888e-01 6.226483421818345132e-01
5.872464920888733619e-01 6.478065003776791730e-01 5.443617399265238133e-01
5.650447838954932855e-01 5.542577859968313980e-01 4.648972959638522084e-01
5.626121797408691894e-01 5.482864176723605265e-01 4.860343560914933692e-01
5.517163353033556206e-01 5.364271980780218607e-01 4.984169850599235452e-01
5.363935059458185828e-01 5.216449018675436422e-01 5.265641180701896573e-01
5.360289337816634969e-01 5.222520447863192583e-01 5.291867321862726570e-01
5.386095662299686948e-01 5.227578144985005615e-01 5.362437212060597869e-01
5.559970529871054445e-01 5.432082023131383774e-01 5.172889886095133338e-01
5.654339643529142645e-01 5.543883498084174466e-01 4.965794072152484584e-01
5.573221633141646203e-01 5.480598613948256537e-01 5.142328660190007561e-01
5.451206918781661415e-01 5.361533519132131165e-01 5.405104747997016013e-01
5.502614268256922347e-01 5.382269879284260483e-01 5.370096688622498782e-01
5.799253994915004595e-01 5.799588894853672238e-01 5.884564305052583100e-01
5.977024301079606472e-01 5.886352105630091591e-01 5.649339891703419880e-01
6.013096200902898758e-01 5.875455460680222286e-01 5.628748684633250177e-01
6.128597131296031897e-01 5.820677782925886001e-01 5.607260589891094327e-01
6.248352478770708984e-01 5.858704047482599098e-01 5.553223036678610613e-01
5.782967684620186066e-01 5.509150511818169393e-01 5.525697453438261908e-01
5.651483226196443166e-01 5.356299114513951576e-01 5.481239431842721554e-01
5.555644351689240645e-01 5.198416686388882546e-01 5.492227986237457893e-01
5.429092750646838939e-01 5.030498567915198116e-01 5.502678859319397597e-01
6.480416521738950886e-01 6.570438585049631630e-01 5.776388027323043906e-01
6.507033350110231762e-01 6.499269675226966303e-01 5.783269543225891818e-01
6.541068027178985611e-01 6.451856975136784911e-01 5.760519562823499529e-01
5.730861016142720921e-01 5.626017496922020023e-01 5.429631678458834987e-01
5.979241672347865855e-01 5.623153843137176366e-01 5.146203441631186370e-01
6.259942421541324631e-01 6.087721785844795175e-01 5.714864708382867420e-01
5.643205517198224275e-01 5.577470680181376705e-01 5.594301757823748611e-01
5.535166579465182757e-01 5.312748737237458219e-01 5.503283470946732647e-01
5.502962173834492488e-01 5.594690323929975007e-01 5.906374479204172800e-01
5.685633112394323785e-01 5.571406979343370702e-01 5.606522649058494068e-01
5.523867762606872178e-01 5.816531339325687888e-01 6.407690187255365988e-01
5.997969144750016079e-01 5.892136974610198141e-01 5.811016191458728830e-01
5.994891717895626249e-01 6.435136877245176690e-01 6.124665699320752665e-01
6.472529144675390755e-01 6.472086275005295430e-01 5.629155213736667385e-01
6.197276406943753591e-01 6.403861822455351183e-01 5.418749999999999956e-01
5.970595498856259287e-01 6.283421138299254416e-01 5.656250000000000444e-01
5.639383341131714023e-01 6.108441269294286879e-01 6.131250000000000311e-01
5.477759462784974609e-01 5.990442304340777291e-01 6.430126562728494255e-01
5.696824534577283883e-01 5.735836180073755619e-01 6.172512754220278453e-01
5.964777016525593112e-01 6.091621980993775498e-01 5.939415208228152609e-01
6.186419249567517431e-01 6.389666911588438580e-01 5.816733903550233009e-01
5.749115921972736132e-01 6.448515967318492192e-01 6.393478701635899597e-01
6.326534714691942618e-01 6.560087693887179938e-01 5.860635666575103597e-01
5.784750919281522741e-01 5.366796349025402257e-01 5.157198646703142764e-01
6.017252187726163104e-01 5.590217640502725960e-01 4.899071347416621980e-01
5.845210585091570321e-01 5.433679437640779319e-01 5.350215959489709183e-01
5.972639942673629854e-01 5.580386835990269745e-01 5.293174471019843619e-01
6.213116142012286014e-01 5.861056205049697265e-01 4.980286851951107319e-01
6.011239372092229694e-01 5.664079945370440461e-01 5.449631087712798472e-01
6.342837387375972469e-01 5.915556371553811754e-01 5.284701973132324149e-01
6.390103939109936793e-01 5.948659747487590188e-01 5.452501666239721878e-01
6.431543482930595079e-01 6.046924321844817651e-01 5.392037407516723224e-01
5.465331697269625311e-01 6.056646467903278319e-01 6.551724860713989962e-01
6.726706965768015634e-01 6.416160305889992976e-01 5.495259220316636162e-01
6.804232529375535687e-01 6.532742371311506258e-01 5.476654506299957204e-01
7.006970594491317428e-01 6.755835142503210378e-01 5.393159590562488503e-01
5.449854972279714049e-01 6.039471768576615274e-01 6.639391887405279302e-01
5.811191140988136716e-01 5.747957171543804922e-01 5.441866711150139535e-01
5.254034460980047117e-01 5.142662891507033818e-01 5.562416216007771697e-01
5.696713235927465258e-01 5.955578955129980923e-01 5.431810032707697911e-01
5.239339541991714366e-01 4.981488334595162160e-01 5.470647441628250229e-01
6.045620450293435200e-01 6.377116360950723095e-01 5.807387716290637325e-01
6.290079962980510420e-01 6.444365812164145613e-01 5.565688178149065246e-01
5.639694840918657581e-01 5.480039517076225053e-01 5.142740559878358209e-01
5.371259218086568143e-01 5.490564081526023710e-01 5.597621705691241401e-01
5.401147457158123055e-01 5.459432953867062732e-01 5.633167217560687279e-01
5.520235919599404406e-01 6.048249546652203490e-01 5.656250000000000444e-01
5.335552390794870981e-01 5.941538464075452053e-01 5.893749999999999822e-01
5.205768279460006864e-01 5.870437685885564472e-01 6.131250000000000311e-01
5.641752210993742356e-01 6.023152677412757505e-01 5.826835843993934949e-01
5.968081466579459038e-01 6.456896424382899680e-01 5.542332032522574448e-01
5.577970821348242625e-01 6.520930496581573976e-01 6.034319978162707709e-01
5.555287726836029005e-01 5.279609665702704735e-01 5.137303551093511667e-01
5.557160765794811885e-01 5.301094663253727024e-01 5.330022114085830598e-01
5.678857731863559133e-01 5.428043366143511239e-01 5.243772073450918558e-01
5.625450486690000140e-01 5.431721591557449047e-01 5.319772329137926192e-01
5.665555162052593463e-01 5.486034393422457578e-01 5.408516968355477905e-01
5.829448523226554713e-01 5.657412105871963970e-01 5.294332672639471271e-01
6.675224382396802714e-01 6.688784917278565167e-01 4.928493789501218747e-01
5.816891260901274618e-01 5.719616473408215551e-01 6.022761205095572556e-01
6.082186639123117189e-01 5.899299735309238013e-01 5.612004440241266101e-01
6.051524608293706864e-01 5.762432890131228280e-01 5.708177185170079104e-01
6.086931254150159676e-01 5.657772894793268170e-01 5.710871825523770040e-01
6.171720715672031066e-01 5.789591918633100187e-01 5.159840429956286112e-01
5.802134099620017693e-01 5.264969658272203867e-01 5.428019943462549790e-01
6.930792550301854149e-01 6.891065336639439209e-01 5.632683173599727366e-01
6.768775853743307369e-01 6.530957862258196522e-01 5.768577366962966968e-01
5.738658318655598389e-01 5.684663580850326525e-01 5.770419963728289359e-01
5.924845988174041178e-01 5.662841216815217571e-01 5.351302632739127763e-01
6.605617438036495148e-01 6.478611915002258081e-01 5.455005555747194368e-01
6.219991922550340835e-01 6.411233495845077845e-01 5.537499999999999645e-01
5.835744781529405012e-01 6.211286742383635984e-01 6.012500000000000622e-01
5.510783106921807173e-01 5.993694936044381416e-01 6.570107420493690453e-01
5.972663930588387737e-01 6.004403715371744443e-01 6.005509605577911136e-01
6.552988116290197063e-01 6.667599862432351809e-01 5.733217861710572238e-01
5.857710252646105564e-01 5.358824696029904633e-01 5.117527465247849738e-01
5.974736960891863236e-01 5.482773687931374873e-01 5.164532373321157888e-01
5.919465398015864022e-01 5.500568692821012906e-01 5.392020081525861208e-01
6.046455791158340531e-01 5.626960619881266057e-01 5.486454767957369416e-01
6.494963919171685696e-01 6.026529685955717142e-01 5.311175008070274650e-01
5.885165413965608439e-01 7.054198295655166318e-01 6.612644973109954583e-01
6.798686517171670385e-01 6.357661504682670106e-01 5.188829335067123294e-01
5.691346021691668922e-01 6.947237143635494050e-01 6.889623044427253262e-01
7.109768013495532113e-01 6.704737277627493830e-01 5.108272168746149644e-01
7.336681393916133498e-01 6.936001197237603444e-01 5.119900360263337502e-01
5.588603567525358695e-01 6.119784162377084336e-01 6.653995582922267449e-01
5.681595916476722685e-01 6.222020021810691359e-01 6.620448850782146843e-01
5.558020043798439502e-01 5.580815581647448065e-01 6.104892242581549944e-01
5.796736073513260035e-01 5.754091869674350379e-01 5.705949100877381053e-01
5.817942664745745507e-01 5.666024840181722588e-01 5.761869361787902433e-01
5.623491492875016817e-01 5.365164585599789815e-01 5.987700965683893095e-01
5.965996173747273312e-01 5.705101407496737664e-01 5.187900677255395943e-01
5.564722895977107786e-01 5.143600488207521471e-01 5.519477623840775005e-01
6.678996314564239478e-01 6.878150903712663133e-01 5.488151699369583358e-01
6.446909685574767623e-01 6.441030112673974406e-01 5.727024439898125152e-01
5.466423933582542638e-01 5.518740810170362776e-01 5.812260248968174059e-01
5.616961026408898716e-01 5.462156100208349629e-01 5.550799679386902996e-01
6.335162533241742722e-01 6.353714731868194132e-01 5.481950922561892314e-01
5.568938608071265506e-01 6.060885772931582371e-01 6.012500000000000622e-01
5.642116585119286709e-01 5.776094742997344156e-01 6.128487420471366853e-01
6.211743194235803678e-01 6.454006172172075395e-01 5.829758265304449960e-01
5.587128567714170213e-01 5.204725298541872380e-01 5.311506125690134139e-01
5.611645394828279620e-01 5.227645842330144177e-01 5.523894814106951046e-01
5.798379247725525820e-01 5.558547853571411679e-01 5.553365585956020478e-01
6.074227313753619573e-01 5.809625038891487181e-01 5.475502373037186565e-01
6.206910793729043530e-01 5.988845205298068963e-01 5.553036196990616125e-01
6.541499496850167183e-01 6.408586334945550744e-01 5.536064974244216952e-01
5.159303609149479275e-01 5.586486170607660728e-01 6.344217326498251541e-01
5.581887260429490016e-01 5.578359220296649212e-01 5.811438469161616105e-01
5.710091801088053032e-01 5.489926858003508769e-01 5.768288227960423065e-01
5.322767571402649001e-01 5.466787396903810547e-01 5.857330700321529138e-01
5.375293211743418231e-01 5.962476465334305420e-01 6.012500000000000622e-01
5.381598929884034987e-01 6.191859177056006081e-01 6.493862658505686891e-01
5.506157516930308971e-01 5.168657937497334043e-01 5.476411151251847631e-01
5.725703590737662996e-01 5.426821331823012962e-01 5.369403416581761679e-01
5.715127176415776278e-01 5.463775273557598400e-01 5.464764607633660898e-01
6.275767988540633668e-01 6.200912693040012691e-01 5.489235957483797890e-01
6.284254279168521862e-01 6.246174470591395744e-01 5.653133505517347057e-01
5.550960881909737799e-01 5.470316297656518945e-01 5.723130747857287925e-01
5.635455959240309731e-01 5.917167079104629357e-01 5.444592858117852652e-01
5.578136289840687212e-01 5.632328701174582619e-01 5.474626418134392880e-01
5.439749101266884157e-01 5.394313609611849358e-01 5.376064192701602851e-01
5.215289846643537119e-01 4.962861280078560422e-01 5.625152656309910792e-01
5.602905412822731801e-01 5.435987938318738166e-01 5.152523862199638316e-01
5.175348022387203928e-01 5.541088460876006927e-01 5.978452689670644693e-01
5.150966967176018318e-01 5.202227337413349861e-01 5.694728895079078645e-01
5.321566339070131768e-01 5.977200982116011030e-01 6.094966633107076204e-01
5.510133978424899270e-01 6.041662513795077460e-01 5.537499999999999645e-01
5.184900789699354862e-01 5.860485885820734264e-01 6.012500000000000622e-01
5.266816635020790116e-01 5.054475353759820822e-01 5.553657806897788207e-01
5.360558303023880145e-01 5.186257586790449237e-01 5.562667526177207389e-01
5.525281193469390173e-01 5.404429774552700350e-01 5.551491577538171240e-01
6.053871740348106822e-01 5.652612093641842250e-01 5.831666607095158383e-01
6.109194168719596085e-01 6.375268662345308091e-01 5.775000000000000133e-01
6.303750823855636121e-01 6.393473847801041110e-01 5.889525526067551642e-01
6.114206473735771530e-01 5.591899586325793647e-01 5.037061885960313345e-01
6.119130732207196388e-01 5.638699558518297517e-01 5.566330644183505871e-01
6.691582366644890367e-01 6.204889003782163570e-01 5.373586668747616368e-01
7.237043343482109092e-01 6.758661006977393360e-01 5.272555177585025454e-01
5.657785624644217082e-01 6.163562563833286934e-01 6.492977897076207539e-01
5.761336417668128096e-01 6.323246896159582242e-01 6.515528528978874467e-01
6.069336724463263444e-01 5.966410012557357145e-01 5.552907391010514226e-01
5.877189327723821854e-01 5.534676092416853654e-01 5.893738063790300297e-01
5.838913845655346879e-01 5.464214354893331960e-01 5.323526761144449226e-01
6.709714541083321437e-01 6.694829919198160839e-01 5.632503867947811216e-01
5.962129997675178483e-01 6.280323317262500593e-01 5.775000000000000133e-01
5.534007977493464736e-01 6.070073839187759557e-01 6.666965171541427981e-01
6.011125945220704425e-01 5.529665255725445538e-01 4.984724232070502636e-01
6.121269557881960921e-01 5.710334442049983528e-01 5.441051000825732897e-01
6.426749268416070970e-01 6.023455702560107650e-01 5.490214219292228748e-01
6.807090322454759646e-01 6.473993801360573563e-01 5.489733058266104138e-01
5.506686985960798086e-01 6.041979494486322544e-01 6.554580672454909385e-01
5.688952361722936502e-01 6.293510622830731371e-01 6.420121088151653499e-01
5.883048897217162398e-01 5.815122939371769606e-01 5.717474039248564566e-01
5.973204541848766702e-01 5.705634889328361492e-01 5.648253421570710309e-01
5.788018403090696706e-01 5.455353390613518760e-01 5.250873715786870122e-01
6.127121798354783211e-01 6.639615677858267118e-01 6.081495617655360286e-01
6.806358114453170405e-01 6.875824233684455500e-01 5.383849146741057634e-01
5.805986703183780850e-01 6.192154345855309661e-01 5.775000000000000133e-01
6.113416731268781490e-01 6.265530701772359379e-01 5.811976028350582801e-01
5.629392822292618170e-01 5.198578850039624610e-01 5.399121573963708842e-01
5.780814360944050989e-01 5.450210019802402828e-01 5.670578629790581360e-01
6.163995202400165407e-01 5.865629480585892175e-01 5.609769336335546086e-01
6.363273245994081062e-01 6.127081127410458627e-01 5.776613589138126503e-01
5.879648323568814616e-01 5.686703939199400093e-01 5.620118996240358600e-01
6.536519686398740703e-01 6.668996539864294748e-01 5.626811882039470802e-01
5.707761789037679723e-01 6.142364457029012570e-01 5.775000000000000133e-01
5.804377963325569878e-01 5.419894584727455999e-01 5.161616776065381940e-01
6.005180282788085133e-01 5.702582745476199033e-01 5.316226383861826221e-01
6.119350158460028499e-01 5.869348461527690297e-01 5.572030778372226711e-01
6.288534363474276301e-01 6.115515744664162812e-01 5.718734480832656786e-01
5.258225040487692903e-01 5.803237349671437340e-01 6.173130673418385506e-01
5.478184895948504662e-01 5.745359845788089448e-01 5.936820436222249864e-01
5.885118540465190673e-01 6.035340618794179379e-01 5.189790175367360314e-01
5.756243970618328820e-01 6.375762424624543678e-01 6.263926179738421585e-01
5.595355962187622545e-01 6.084915398102546114e-01 5.775000000000000133e-01
5.867904275944875181e-01 6.169529568358239624e-01 5.800296384242504821e-01
5.718588537585406195e-01 5.356660620777621284e-01 5.122422457040612942e-01
6.043107077334072263e-01 5.718427439192897976e-01 5.212361121702481226e-01
6.042218568406206858e-01 5.802414357089173969e-01 5.597130954494975441e-01
6.132095776174711910e-01 6.016062393213579274e-01 5.761668416584314611e-01
5.778720861592738789e-01 5.933251303019397849e-01 5.318020749928310531e-01
5.677117030970341149e-01 6.361445848211122467e-01 6.224053687886919040e-01
5.487747241983536028e-01 6.034268155961657332e-01 5.775000000000000133e-01
5.693191398939358994e-01 5.424366557416185897e-01 5.047204845909443183e-01
5.774181510267385464e-01 5.546685959558754764e-01 5.408334240258381165e-01
6.377235760529087472e-01 6.388386973702873117e-01 5.334123929645767648e-01
5.044705862485627801e-01 5.650269774751267571e-01 6.285432770755283727e-01
5.301593616409365772e-01 5.639386388636098424e-01 6.046425653226268349e-01
5.625542301306388770e-01 5.796628952054554418e-01 5.462158282556948130e-01
5.560049912612252676e-01 6.318856778812913522e-01 6.172195937166914392e-01
5.596185883364684921e-01 5.399704052777458685e-01 4.909840259423349229e-01
5.777098467968799778e-01 5.627429951268883013e-01 5.253729653328207405e-01
5.531085214629276603e-01 5.739105632854172301e-01 5.558265292876385377e-01
5.520521178873309953e-01 5.502943619711242462e-01 5.685060091657124781e-01
5.169584776709598151e-01 5.075848960440364488e-01 5.563418530738228895e-01
5.687490866205424656e-01 6.055014897910944160e-01 6.094017386692734961e-01
5.283535618671489908e-01 5.899997932383802546e-01 5.775000000000000133e-01
5.367631596820610085e-01 5.212634989471980340e-01 5.174365110116091460e-01
5.485822875677507371e-01 5.355591070196419334e-01 5.544396711692081148e-01
5.919289007031934835e-01 6.509113660533593082e-01 6.639938922706460911e-01
6.535838567045988423e-01 6.669318495673923763e-01 6.019208970201720410e-01
6.394893938939183453e-01 5.803175206306406819e-01 5.153378827501301496e-01
6.818214969419946758e-01 6.365614725897874582e-01 5.464785738230234502e-01
5.712802836046215749e-01 5.961222316477855498e-01 6.130693982712660528e-01
6.088570737235025065e-01 5.887514871715204823e-01 5.642856292055762335e-01
6.246572049166367879e-01 6.004198241757612298e-01 5.148680046659652731e-01
5.887085979959388871e-01 6.511749347666410115e-01 6.586153004874309991e-01
6.583409375108277839e-01 6.691802019867224560e-01 5.930242337681437270e-01
6.430879142228581591e-01 5.892933485897884349e-01 4.919245288061787624e-01
6.737576806157742348e-01 6.303415756340610132e-01 5.494234576314759311e-01
5.678229875583247210e-01 5.708827346026208449e-01 6.074395813671307209e-01
6.404684835261177378e-01 6.507506986605068322e-01 5.300000000000000266e-01
5.823950148975167718e-01 6.453984929449529950e-01 6.635628431283970841e-01
6.169477837290222588e-01 5.653724684202012796e-01 5.133134234344707281e-01
6.499619994620159380e-01 6.111089204329678282e-01 5.623169415384147163e-01
5.656088487088676287e-01 5.720071718719239584e-01 6.006291208418337302e-01
6.326372363376734365e-01 6.467407806837807138e-01 5.300000000000000266e-01
5.727746056431358701e-01 6.414575970183595821e-01 6.618906549587723065e-01
6.101085330316885491e-01 5.632387365271045443e-01 5.114461261550250493e-01
6.479695876252505871e-01 6.133575820924234145e-01 5.549459596679111595e-01
5.531268391293373554e-01 5.830705957399927586e-01 6.189677948276322006e-01
5.851743974562900741e-01 5.719274892663551713e-01 5.762245172289879314e-01
6.229975112679027038e-01 6.416511821524685244e-01 5.300000000000000266e-01
6.051453190874560573e-01 5.846347561226300504e-01 5.250618005084939366e-01
5.727634441839837276e-01 6.458032979480696767e-01 6.536560252729635145e-01
6.394443986078052200e-01 6.657989228738352416e-01 5.842317352745054482e-01
6.000433068181810770e-01 5.576074210131692910e-01 5.163281794558458593e-01
6.139402369463573539e-01 5.842085321648656793e-01 5.917334494104760090e-01
5.589201487506184618e-01 5.918265492382510651e-01 5.956806858075219813e-01
5.875657886421672416e-01 5.749173942397545201e-01 5.683870777279868003e-01
6.171925263156381458e-01 6.387622202199040311e-01 5.300000000000000266e-01
6.076179301144420952e-01 5.877773292977950259e-01 5.127075845918097619e-01
5.694170531814755076e-01 6.433872299256242488e-01 6.540838482655610964e-01
6.559513742068941999e-01 6.834250985866612282e-01 5.619473862569098754e-01
5.864327406525747799e-01 5.456553049433008340e-01 5.393247425163969488e-01
6.154244479455905914e-01 5.903238741436667159e-01 5.800793061659859085e-01
6.107708686189416980e-01 6.353342108667404675e-01 5.300000000000000266e-01
5.625737793787771723e-01 6.387042794230184395e-01 6.540708474351331070e-01
5.854566016914297677e-01 5.463657010506646206e-01 5.328705869199017453e-01
6.230235050412643583e-01 5.996110138441463899e-01 5.657263247591655109e-01
5.366088050457525904e-01 5.775802151123097250e-01 6.168712319150209122e-01
5.688885444577720385e-01 5.667466034311652301e-01 5.806443894900379377e-01
5.903653577360040705e-01 5.843255427591846907e-01 5.178302724009459235e-01
5.554984056638028189e-01 6.313737015132517838e-01 6.628475312449682022e-01
6.130997837972966824e-01 6.492147867424966634e-01 6.009214587265305774e-01
6.062650327028028530e-01 5.818437881880003104e-01 5.861926941956049353e-01
5.347753711911862329e-01 5.794896572173997562e-01 6.077192376325948331e-01
5.604577148288801824e-01 5.567174773815664057e-01 5.879811561069028247e-01
5.825985107551122644e-01 5.803992864481626324e-01 5.175186118602038698e-01
5.974298594103022442e-01 6.353292777008531234e-01 6.119558711913924975e-01
5.309707245185748548e-01 5.776468542520343252e-01 6.100364135352751571e-01
5.613737833304111025e-01 5.606472977661772772e-01 5.859090565425874031e-01
5.744569879095889897e-01 5.702969241062244565e-01 5.326721670143399479e-01
5.808045496866481860e-01 6.241639197976392994e-01 6.176097861571442360e-01
6.112351090842127466e-01 5.962669782593781331e-01 5.651361880868400744e-01
5.417986188548133963e-01 6.306039899406293836e-01 6.529269869283407246e-01
6.204859542664359351e-01 6.145074045714128408e-01 5.381729335331254527e-01
5.051904402595444044e-01 5.557604189671077055e-01 6.173467503510791099e-01
5.340289943145282159e-01 5.441736582365721553e-01 5.887244596030714039e-01
5.359630450242298672e-01 5.418354025609242175e-01 5.516746376044598943e-01
5.561912452713395627e-01 6.109538241042002937e-01 6.241174768942450157e-01
5.056217631859702966e-01 5.565930097329406800e-01 6.205508168113279543e-01
5.390446892831992631e-01 5.528545153978051685e-01 5.731988903890719023e-01
5.355571442181784603e-01 5.460548106098643828e-01 5.421092289042641621e-01
5.587521653106937158e-01 6.116217080765296021e-01 6.212045925917847322e-01
5.872394672407134086e-01 6.239003900614505937e-01 6.250000000000000000e-01
5.910844417024323505e-01 5.350837020221332896e-01 5.229649880887848878e-01
7.026791384343779034e-01 6.607986862438659514e-01 5.704777151285245207e-01
5.795243290802063463e-01 5.828547402153390067e-01 6.019577189346752011e-01
7.229246272565152953e-01 6.833885719518866253e-01 5.393824978087110589e-01
5.738242321335120799e-01 5.760147932417882810e-01 6.056815892934169776e-01
7.290101010118377189e-01 6.943929645758505353e-01 5.260822570830160361e-01
5.747997574862513392e-01 6.167160547720769159e-01 6.250000000000000000e-01
5.740199857522123583e-01 5.254799414613260389e-01 5.213714494090534446e-01
7.144451495345931491e-01 6.844918328113892558e-01 5.317320960895353110e-01
5.721312997696562652e-01 6.157263134378770930e-01 6.250000000000000000e-01
5.621509421943119422e-01 5.129176109311992526e-01 5.290047640121172678e-01
7.025753093713800190e-01 6.749616127208487582e-01 5.376322571088556490e-01
5.681936409237673402e-01 6.137866635898006074e-01 6.250000000000000000e-01
5.579716652332609161e-01 5.123298959996207547e-01 5.234684435591245855e-01
6.817265410314954366e-01 6.571052534987706917e-01 5.566228608430952018e-01
5.624323587367751065e-01 6.105656915036373755e-01 6.250000000000000000e-01
5.494010369250312831e-01 5.075816446608518717e-01 5.317256259588688527e-01
7.093821352328075758e-01 6.902582288243563902e-01 5.197975487625614566e-01
5.595840608760960233e-01 6.088624659053563093e-01 6.250000000000000000e-01
5.463439979710478234e-01 5.077194914473166509e-01 5.336057668765291639e-01
6.871017352472432727e-01 6.736784621602551759e-01 5.362036491283752593e-01
5.566553589072983366e-01 6.070786886320562736e-01 6.250000000000000000e-01
5.313126857558494454e-01 4.896583600304712514e-01 5.587757377072409826e-01
6.574838811966934315e-01 6.451693558615246848e-01 5.651577089596730996e-01
5.680634959371684278e-01 5.749134101403361452e-01 5.897292764336666826e-01
5.375620186411591561e-01 4.963560698603812771e-01 5.533987421947437202e-01
6.731428376064696462e-01 6.643536654979002032e-01 5.427216761361397523e-01
5.610553366064015002e-01 5.705044816863037438e-01 6.017696734447453011e-01
5.366249274342915765e-01 4.967705607758789998e-01 5.543400106237886815e-01
6.559524519631827477e-01 6.470679524155105167e-01 5.632175433645160156e-01
5.473315742777293824e-01 6.014254459815930876e-01 6.250000000000000000e-01
5.290422483746410887e-01 4.888444478253380354e-01 5.596004406651240437e-01
6.565793265517256838e-01 6.469376183234012423e-01 5.595055212044505177e-01
5.456577403620490596e-01 5.048967709827957284e-01 5.401010030906500115e-01
6.779332374467590405e-01 6.689552954561046594e-01 5.321707364229868453e-01
5.418697352457424454e-01 5.989795629892662454e-01 6.250000000000000000e-01
5.345307713964578822e-01 4.946529152865442036e-01 5.538513454517178802e-01
6.719971672789284423e-01 6.650100294434806436e-01 5.391009356905087646e-01
5.457619790279418792e-01 5.677781079452383084e-01 5.981044379386578624e-01
5.322290028913824189e-01 5.525972866223676228e-01 6.185490580268379057e-01
5.382117308121004973e-01 5.609769817491097044e-01 6.103207524018171570e-01
5.275543271882779939e-01 5.500806971690305192e-01 6.216429528903401058e-01
6.449529198869392577e-01 6.523154482231320328e-01 5.508295077036172716e-01
6.501970541492084754e-01 6.582177126738247841e-01 5.400216135908164627e-01
5.242086894780542128e-01 5.565248371716093878e-01 5.971991571813328736e-01
5.361438336623310930e-01 5.702490982275078002e-01 5.771810642158171634e-01
5.302788515893481769e-01 5.643869892660882126e-01 5.787266666330430631e-01
5.292915294819277028e-01 5.650280231616879867e-01 5.772344872388046610e-01
6.120610629398320901e-01 5.524598579816935029e-01 5.993581530948003389e-01
6.302094928216780412e-01 5.749443743298491283e-01 5.681350618899745353e-01
6.403255023669484070e-01 5.929388769789595282e-01 5.384698418057559666e-01
6.128328071541495614e-01 5.656202381269910262e-01 5.681805536259432188e-01
6.114116832349316688e-01 5.642876596500456809e-01 5.658558170723568814e-01
6.327548576805333003e-01 5.858070674281316004e-01 5.386141153537811199e-01
6.287575633474059567e-01 5.852340716527109077e-01 5.454848610217968297e-01
6.134820353977769036e-01 5.698016736296236395e-01 5.610180803506630287e-01
6.391997004646313707e-01 5.956110320623082544e-01 5.269788683126398476e-01
6.519941529390052004e-01 6.062092287073672647e-01 5.199511474171972791e-01
6.295175967717122623e-01 5.863090676950404312e-01 5.489175856521999464e-01
6.170206305142946768e-01 5.791002676439526153e-01 5.533180129037853501e-01
6.032486422788907454e-01 5.663073815261279176e-01 5.622210262273952264e-01
6.017431582497486664e-01 5.656546316462950363e-01 5.622269672476436497e-01
5.898065363299541675e-01 5.592215729811362834e-01 5.632960119024855716e-01
5.931208688531148798e-01 5.622035691069745544e-01 5.583717941028091269e-01
5.890148338572311904e-01 5.603862062363967889e-01 5.585045704380602327e-01
5.818421001898238520e-01 5.526676967597983214e-01 5.679236237945564092e-01
