5.664921291378324231e-01 6.015725558922155880e-01 5.795139418934771580e-01
5.419468463884489218e-01 5.716935044583880687e-01 6.067267506726898851e-01
5.694991089762577730e-01 5.864354000030698177e-01 5.698052613393744803e-01
5.690438748606132524e-01 5.827440670121915023e-01 5.720402259781811605e-01
5.609173370333937481e-01 5.561230825512585296e-01 5.857144561842447805e-01
5.705623161893552675e-01 5.571329405278383495e-01 5.834940848271139568e-01
5.962235913033023804e-01 5.829925107755904445e-01 5.468791965814158162e-01
5.531807723259611898e-01 5.335492851242913392e-01 6.062697604818152453e-01
5.921221399879855740e-01 5.726625692724014449e-01 5.503263078652640417e-01
5.907707710807645896e-01 5.657192427566980486e-01 5.567386626723694887e-01
5.574725180791755275e-01 5.240770371844064579e-01 6.119451469715561087e-01
5.886515751183167833e-01 5.582315142680818187e-01 5.586355325479759326e-01
5.862044684370539827e-01 5.955252749140653723e-01 5.139041734864222555e-01
5.784771990927723984e-01 5.734420008964338233e-01 5.138654235449913177e-01
5.630600144789721373e-01 5.432038807949914894e-01 5.186984625958062090e-01
5.538996420160690048e-01 5.186261481904164139e-01 5.480545418697602145e-01
5.547854695478395826e-01 5.206186082610835264e-01 5.308650205618473672e-01
5.547225421168373583e-01 5.056452582243922134e-01 5.522255383395953121e-01
5.653591065300836993e-01 6.335465740921719657e-01 6.508981519741827704e-01
5.912725674492260719e-01 6.448594264673204179e-01 6.148882360858013429e-01
6.325821427309685774e-01 6.638784600519802570e-01 5.836982229333472771e-01
6.617632370709356504e-01 6.760964281244096208e-01 5.419263969866536801e-01
6.259524742836001243e-01 6.305243148130399433e-01 5.836551031824825930e-01
6.714404377409153302e-01 6.781454693407718004e-01 5.318179413613173256e-01
6.439578549539799468e-01 6.493322049362069137e-01 5.428370464618539337e-01
5.536699635460582414e-01 5.838134765775111479e-01 5.789219723142365881e-01
5.506351695602491603e-01 5.798791354163670420e-01 5.651932746498538052e-01
6.196902764011766873e-01 5.913858584943625374e-01 5.041720598580033963e-01
6.060373829294265491e-01 5.684606564643124305e-01 4.920493276737961663e-01
5.431556424275361117e-01 5.885528157981962938e-01 6.446746522228956611e-01
6.347877074634564742e-01 6.315474453236442631e-01 5.348913440697468102e-01
6.011149416180167071e-01 5.853632817564822233e-01 5.844243664578399056e-01
5.638814877290807548e-01 5.354197547615805464e-01 5.275247684871886555e-01
6.025697009034116647e-01 5.835498053938288354e-01 4.969658712299839243e-01
5.437592866887632770e-01 6.408854495728402156e-01 6.497198494611048369e-01
5.906925484051624986e-01 6.091738473296988143e-01 5.598460680299091052e-01
5.976354468032611944e-01 5.928713307357549311e-01 5.560211010786807462e-01
5.624972113474140389e-01 5.858360821593464607e-01 5.685341226326663389e-01
5.749695302862494195e-01 5.646881275857120741e-01 5.268156330541895471e-01
5.478231788414853476e-01 5.828111098826351810e-01 5.813183207088377102e-01
6.172275513508844735e-01 5.993231586802700850e-01 5.029638133092181329e-01
5.740595929193577085e-01 6.989996766597698086e-01 6.358689866667046608e-01
6.100411477246571179e-01 6.091412638310564898e-01 5.319343667820102262e-01
5.534181044708139652e-01 6.854276991412660003e-01 6.622637697927559186e-01
5.319126586365112708e-01 5.719710255556623713e-01 6.544370850861274125e-01
6.090572448956923512e-01 6.188558678096642840e-01 5.525992146987296350e-01
5.896369688289729849e-01 6.241913688646153480e-01 5.478125000000000355e-01
5.774297567030697298e-01 6.178624083658355026e-01 5.596875000000000044e-01
5.687331951857113044e-01 6.134312418946917811e-01 5.715624999999999734e-01
5.610397486027152159e-01 6.089189811213584491e-01 5.834375000000000533e-01
5.418139280334960395e-01 5.550949318405412614e-01 5.841234514822302160e-01
5.542957199493317999e-01 6.052377190282305364e-01 5.953125000000000222e-01
5.306380510700223763e-01 5.474756686905573044e-01 5.984121178748906811e-01
5.424680474761141014e-01 5.990231076975343072e-01 6.071874999999999911e-01
5.540161462292367833e-01 5.622213393595096864e-01 5.929475053886100744e-01
5.349726265080243515e-01 5.947346015457939394e-01 6.190624999999999600e-01
5.419702710701123083e-01 5.613433043832165570e-01 5.943231876990271445e-01
5.345567542167861674e-01 5.945104525449772526e-01 6.307791802956667082e-01
5.437708881599421229e-01 5.609781631915055078e-01 6.118482532106161997e-01
5.634187579723800576e-01 5.844766028871375418e-01 5.858387339061221777e-01
5.390804902636726625e-01 6.053970314729120172e-01 6.374803851023360668e-01
5.568895046964164042e-01 5.806842795205089391e-01 6.127189993815118640e-01
5.385662813529210613e-01 6.052240326525780700e-01 6.369829577973592505e-01
5.709466317188121032e-01 5.965976885845887256e-01 6.054006298632508276e-01
5.484597642719870603e-01 5.140788693177631430e-01 5.347998009439016709e-01
5.902076949252821336e-01 5.567991142389616677e-01 4.759171391090816217e-01
5.667079043259042326e-01 5.344624810614823085e-01 5.169607072005668602e-01
5.642727483216252171e-01 5.286491418602226044e-01 5.340038818869639048e-01
5.523152089617077154e-01 5.171023618603156624e-01 5.553759620567186861e-01
5.565541510587366236e-01 5.216969290294788397e-01 5.561364266982660176e-01
5.864617222792658513e-01 5.543218100142682792e-01 5.068902289945393935e-01
6.014775060969297371e-01 5.656048923972107900e-01 5.095962655477175307e-01
6.033072259479022037e-01 5.671989396199221822e-01 5.165305256176566662e-01
5.522645755437614046e-01 5.277504496952657442e-01 5.692454225137641988e-01
6.079912853195676981e-01 5.796396690651191008e-01 5.110322480372373466e-01
6.403463998116385447e-01 5.999062111331781022e-01 4.970785043918908297e-01
6.297378992613800186e-01 5.996954157909393235e-01 5.089833039464920494e-01
6.140473524792404714e-01 5.868452550969343040e-01 5.082986322234945842e-01
5.687065730104158279e-01 5.432557995529971873e-01 5.792272054290951155e-01
6.359316105369203775e-01 6.094160189210360290e-01 5.126150786790167890e-01
6.046602516542833872e-01 6.218278275433483104e-01 5.635299497449213213e-01
5.739669793430212108e-01 5.827864190431817359e-01 6.151890476886376913e-01
5.735084485319075220e-01 5.733742622843852610e-01 6.243610867188061908e-01
5.937684871738082570e-01 5.880686354152071527e-01 5.953678408557000479e-01
6.063075603836309835e-01 5.912321866178678054e-01 5.858815789329858692e-01
6.416062098530648239e-01 6.173638747862966181e-01 5.393477705496008134e-01
6.274096565140100390e-01 6.046013049267637829e-01 5.645144711207868982e-01
6.035456360865025793e-01 5.785963718222594254e-01 5.804800436274817343e-01
5.884760782109483834e-01 5.522574020288736341e-01 6.065380252313387066e-01
6.314246565826185931e-01 5.824853155212210698e-01 5.627735688983777074e-01
6.218441370848740712e-01 5.546399656599177996e-01 5.841738913853461446e-01
6.333863126293548529e-01 6.134489972599760366e-01 5.362560634423069184e-01
6.266635428232850691e-01 5.997983131504431853e-01 5.330273319324334569e-01
6.256138013637031481e-01 5.901356612147192759e-01 5.280916042444818714e-01
6.173004278064967432e-01 5.727057809861787474e-01 5.215220302685181775e-01
6.121393131788017694e-01 5.654119787500558880e-01 5.115039709265782886e-01
6.071856332068050754e-01 5.400585054132707175e-01 5.317849022574796525e-01
6.392628183498241246e-01 6.698938457650003286e-01 6.107401236259821786e-01
6.556235446556702984e-01 6.699798925044055942e-01 6.082970598496337811e-01
6.519040866946737012e-01 6.617558801965313098e-01 5.925572880493916728e-01
6.820056330934247679e-01 6.757371474324171956e-01 5.758359340909878776e-01
7.219673618294800699e-01 6.956379781561801146e-01 5.537517716232762677e-01
6.778992984557563606e-01 6.472342748098307563e-01 5.859602113918027655e-01
6.053727906901551492e-01 5.779911443660654680e-01 5.498623147893961782e-01
6.787735066554986263e-01 6.171891743287192256e-01 4.912688460060933293e-01
6.690451342171761517e-01 6.597468385533158397e-01 5.471546673136971073e-01
6.816615210393077717e-01 6.504941137298902998e-01 5.388009256541672620e-01
6.242504362482930169e-01 6.139267941652613025e-01 5.619910129716205738e-01
6.287825148364418748e-01 5.900980133673601191e-01 4.840952484825273849e-01
5.956165571469943520e-01 6.049009386932822085e-01 5.961977509541258602e-01
6.622842070712460227e-01 6.200175764848865345e-01 5.105423206777346401e-01
6.497330456680570077e-01 6.278113018906206211e-01 5.316967835857990821e-01
6.515959863072856573e-01 6.559938224848542720e-01 5.418749999999999956e-01
6.255511605224141070e-01 6.431887699358451727e-01 5.656250000000000444e-01
5.928413372145321381e-01 5.755188291321385874e-01 5.716257263850136328e-01
6.052742166066031881e-01 6.323090078112469925e-01 5.893749999999999822e-01
5.988365455554883754e-01 5.925291063582411866e-01 5.662308604090716679e-01
5.896881111866250080e-01 6.244922918020092695e-01 6.131250000000000311e-01
6.224350946065746459e-01 6.108971287754436652e-01 5.632152198509770002e-01
6.377884289429214260e-01 6.276465806368114464e-01 5.701992990075392953e-01
5.824343785397347872e-01 6.621611274597944963e-01 6.654238044789673179e-01
5.928495870644596710e-01 5.874575989277617261e-01 6.358993645678472362e-01
5.642678763581432388e-01 6.536737973782638100e-01 6.868871058369780958e-01
6.368490618798031688e-01 6.451827471919943102e-01 6.005676897462928210e-01
6.542468766284180726e-01 6.674243883996326954e-01 5.960455452889447114e-01
5.939960303083778870e-01 5.352500387203298349e-01 5.283704407881690823e-01
5.824499398772666758e-01 5.272570848474196215e-01 5.451871558672569673e-01
6.335187180184069788e-01 5.722041773733939074e-01 4.842935431701326232e-01
5.747787591845041621e-01 5.196967809886381406e-01 5.779263651563244508e-01
5.855952019234129668e-01 5.294110660463111628e-01 5.791671309789037103e-01
6.350872253481244512e-01 5.646005809409322396e-01 5.488421644828496149e-01
6.567606866017838829e-01 5.884802297155125039e-01 5.409464875628970937e-01
6.479770776359842221e-01 5.970180967738438760e-01 5.341277362298733067e-01
6.244450484654187061e-01 5.769660432312011533e-01 5.552180028544582147e-01
6.527126950143377071e-01 6.078524016203514790e-01 5.438251131803637506e-01
6.776286773747765002e-01 6.316477633435015893e-01 5.354732961927786139e-01
5.991093591321918765e-01 7.123549639689270574e-01 6.726642909188854658e-01
6.909266174286184947e-01 6.416323668500890642e-01 5.442293592262869018e-01
5.765471003563134023e-01 6.274559011783313878e-01 6.303574068750226189e-01
5.789714829588501477e-01 6.317898321354684654e-01 6.440481482445112871e-01
5.501102583441459526e-01 6.029614445509052789e-01 5.509123444439617545e-01
5.769300618607067221e-01 6.061143634466964469e-01 5.343188138257032316e-01
5.730509300294789332e-01 5.848888824288802635e-01 5.290675185692039761e-01
5.523066334842527958e-01 5.498080220809699048e-01 5.708330206937142215e-01
5.567038680285519847e-01 5.566472382167619859e-01 5.575248673055985815e-01
5.294429861479789112e-01 5.153600262509706598e-01 5.975121472604540962e-01
5.458124815470352109e-01 5.715226794489876028e-01 5.278332135246563972e-01
5.309668635016995264e-01 5.181854299323009894e-01 5.058687740451371928e-01
5.340133067903787278e-01 6.278897239568785871e-01 6.352511692395361731e-01
5.438377772392772869e-01 6.291643440304934831e-01 6.180964581939564217e-01
5.777372165644738544e-01 6.533997690583486229e-01 5.909996360635449975e-01
5.924563348414401132e-01 6.461254044615643011e-01 5.715845244600967767e-01
5.869625133028171238e-01 6.347860212012516046e-01 5.747243606503891211e-01
6.325237427013821190e-01 6.611547201501652982e-01 5.250893433170085167e-01
6.392378868035257788e-01 6.656847310595626066e-01 5.072051989733279420e-01
5.224148763441136545e-01 5.743428716642129395e-01 5.801761390768669369e-01
5.154571315633726947e-01 5.515909599826829268e-01 5.747563136795384997e-01
5.005615965081708918e-01 5.235729289092094785e-01 5.702211346199861364e-01
5.244497275514482526e-01 5.225569896100596967e-01 5.443874275916196215e-01
4.829566171431712851e-01 6.055824774567708513e-01 6.729597021980040505e-01
5.550227119801423026e-01 6.207537434035119706e-01 5.667310334875312883e-01
5.915824754012117825e-01 6.430309636746878166e-01 5.198659075964008336e-01
5.729715853262520309e-01 5.950342756382717146e-01 5.512743379789468712e-01
5.107896036316511568e-01 5.146510417872186549e-01 5.553283059093065965e-01
5.145791686375841278e-01 5.581096548175299432e-01 5.986512087574230589e-01
5.661984025834233547e-01 5.721192093350901953e-01 5.108516870120548559e-01
5.049551908690533830e-01 6.411969979939289299e-01 6.411945881758960297e-01
4.956536021582133023e-01 6.061839249212276348e-01 6.104201243788009990e-01
5.256199702766518600e-01 5.522356214151395992e-01 5.910655348343364368e-01
5.936788877095378059e-01 6.268746531971083336e-01 5.469710916270573708e-01
5.513209078768014360e-01 6.040121614063049815e-01 5.418749999999999956e-01
5.084436990630281095e-01 5.349855423292487755e-01 5.667990844397525763e-01
5.202248065026926493e-01 5.855752729470513618e-01 5.893749999999999822e-01
5.290807956376160082e-01 5.606257772425761177e-01 5.487301790599181661e-01
4.999523021730137851e-01 5.744449473806716444e-01 6.131250000000000311e-01
5.465483822691670213e-01 5.693498227701897507e-01 5.546311615161800823e-01
5.115113845511183310e-01 6.258726225829807088e-01 6.250746771140570646e-01
5.998645948742944434e-01 6.325909993226750405e-01 5.105461354546405595e-01
5.407836047624003939e-01 5.867570061534356229e-01 5.850723977939280562e-01
5.782744401456036965e-01 6.309358185075033543e-01 5.545706821713678458e-01
5.196617292693036516e-01 4.999719159078394037e-01 5.268925305466739539e-01
5.427331822882101031e-01 5.306642763430098331e-01 5.061667918239574071e-01
5.613764931439478856e-01 5.519632938944442069e-01 4.899845804722396947e-01
5.447526307264278778e-01 5.336861407425703696e-01 4.998211045914033868e-01
5.233203988755015246e-01 5.134655840184557674e-01 5.450076269400540019e-01
5.873423442546275020e-01 5.695528531213661649e-01 4.982204599942680057e-01
6.604728951397258463e-01 6.282273771107151905e-01 4.519351641901563355e-01
5.837563424143916713e-01 5.702922245227749487e-01 5.171632575014439848e-01
6.092531041760184118e-01 6.049506391752750289e-01 4.846543031284593073e-01
5.139119510088587806e-01 6.650951831827729421e-01 6.446271634436646636e-01
6.025143620693326207e-01 6.057878428156429074e-01 5.192800424284897964e-01
5.950771225873083825e-01 6.049769428166384966e-01 5.210398567431919759e-01
5.085912170482840278e-01 5.873785095389103539e-01 6.286593106799985842e-01
5.084018887429565536e-01 5.930980642477876597e-01 6.133200532199193367e-01
5.615051729756639354e-01 5.827025398816385593e-01 6.134209929251384086e-01
5.551460369813887574e-01 5.641294173669139100e-01 6.243291451963648431e-01
5.869462059523038455e-01 5.890562612873736503e-01 5.602675258396369040e-01
6.221113914381248833e-01 6.084343053440743887e-01 5.515317645598019070e-01
5.838143080175827171e-01 5.589068832691753697e-01 5.890953781175586323e-01
6.026431132491056886e-01 5.705700850984574135e-01 5.450110678485640126e-01
6.022161312792932986e-01 5.674288586287268288e-01 5.243531962176434247e-01
5.765880066818842575e-01 5.287811917685631968e-01 5.369164786653538579e-01
6.735922370674800597e-01 6.879414550541939066e-01 5.469151931082999463e-01
6.776238906427956010e-01 6.701534999606192367e-01 5.498234732425681948e-01
5.794991712606331058e-01 5.967780857721929344e-01 5.735090044965198697e-01
6.096881495725203770e-01 5.722530243651767767e-01 5.386709685397368386e-01
5.661030696867279666e-01 5.972829151987988361e-01 6.477598343844598316e-01
6.260871971620850518e-01 6.133499032977152154e-01 5.852485342893281040e-01
6.079206216628851855e-01 6.334719864621942698e-01 5.537499999999999645e-01
5.930759649769924424e-01 5.793164833660762181e-01 5.445257138251670126e-01
5.704338375732298516e-01 6.140609183887727474e-01 6.012500000000000622e-01
5.526378711478574512e-01 5.619453544583534743e-01 5.907272626850356145e-01
5.737410654974275381e-01 5.736751325750926167e-01 6.310328423166897682e-01
6.003664484925097522e-01 6.196194539816137770e-01 6.098154857057120903e-01
5.770088650857012613e-01 5.319232201079373556e-01 5.210114474650666683e-01
6.232470450417034735e-01 5.709938967520159503e-01 5.089851411826553651e-01
6.651018762697906705e-01 6.094198981227092471e-01 4.934284475420979699e-01
6.510187371832363290e-01 6.135354850488211609e-01 4.969681706465203241e-01
6.523507389699628733e-01 6.133710393083136037e-01 5.206751673286702520e-01
5.844072598169862687e-01 7.046011512573335800e-01 6.637696358215379178e-01
6.735180930439788050e-01 6.420085712990649673e-01 5.106352284229926930e-01
5.636649048811398499e-01 6.977992303745437219e-01 6.793855410013387441e-01
6.871063678998921009e-01 6.632647677100511618e-01 5.106613580987386936e-01
6.899684482505461514e-01 6.716406606180191918e-01 5.360442834511733867e-01
5.583503333974602079e-01 6.182026360304633261e-01 6.393886816981649845e-01
5.486632561644686490e-01 6.122479194866747854e-01 6.678434020761354617e-01
5.490701408486691193e-01 5.916420831482296361e-01 5.636804590272823656e-01
5.516694090339908652e-01 5.331647497584701689e-01 5.879415358552273485e-01
5.631861253016685609e-01 5.699369331310333298e-01 5.385093870961112916e-01
5.648909541766364839e-01 6.504261040407837147e-01 6.084437938893587638e-01
5.885402046153566102e-01 6.546708373994031271e-01 5.906956062826740350e-01
6.208317519075219337e-01 6.615016805678695100e-01 5.661912156530026774e-01
6.243580201667813245e-01 6.428719790462913419e-01 5.574495935993506457e-01
5.937996543246372161e-01 5.804439727633026180e-01 4.983001755598657212e-01
5.579919079295061479e-01 6.212220863801519721e-01 5.885264927242099819e-01
6.179810402874793551e-01 6.372130754822662446e-01 5.336218561508903058e-01
5.617331709046644583e-01 6.092965005066321993e-01 5.537499999999999645e-01
5.150773447114944670e-01 5.431680185930682914e-01 5.901204158415023215e-01
5.255314682428362527e-01 5.567234992427522178e-01 6.268053734453056247e-01
5.667686353011975875e-01 5.382549507137448508e-01 5.005225105471911018e-01
5.919007260150214167e-01 5.583181460300340460e-01 5.027043246621780703e-01
6.364800080448581587e-01 6.035826898504561555e-01 4.628925905835663546e-01
5.670968626186999595e-01 5.448340984168295043e-01 5.503153167404257751e-01
6.211794934277072855e-01 6.034757126066397914e-01 5.115436943770734768e-01
6.286582753649987421e-01 6.205403373357052388e-01 5.097809329269959999e-01
6.794745119388557741e-01 6.718056370190923499e-01 4.890920487741327594e-01
6.213382646325111835e-01 6.037888480286193182e-01 5.618368272650117179e-01
6.089247364886112290e-01 5.581287500743807861e-01 5.353412577858647214e-01
6.177936056103712215e-01 6.559673489238984079e-01 6.365989349299203681e-01
6.518274017281772137e-01 6.535137930963597075e-01 5.891649840652228853e-01
5.826553544925894279e-01 5.780078653964132451e-01 5.665668336625508950e-01
5.773296645445087361e-01 5.822556809905916619e-01 6.485331052014160491e-01
6.374185921311541492e-01 5.850317452179019106e-01 4.612029025700183360e-01
6.423900877274797416e-01 5.873302689074612060e-01 5.100039465334597066e-01
6.694211922897215228e-01 6.240248130627542578e-01 5.282740484824222094e-01
5.675255704757309339e-01 6.998938947003301436e-01 6.903731778957672427e-01
7.151650210063938973e-01 6.808604626007868088e-01 5.136572211001984023e-01
5.796335482878025580e-01 6.364233093360461835e-01 6.467788363063601276e-01
5.897951309505407025e-01 6.523928312832456555e-01 6.412031025328770450e-01
5.795249769680868024e-01 5.751908033624930638e-01 5.781044285923883086e-01
6.071188793163858621e-01 6.107052993812196462e-01 5.211731698324701956e-01
5.893735061237279638e-01 5.568201975512905300e-01 5.221240240948543665e-01
6.058753291177271239e-01 6.585277374434317377e-01 6.111979236921134540e-01
6.488781357523509818e-01 6.621116182057220634e-01 5.626560393580336550e-01
5.755409731787841654e-01 6.162183631155637720e-01 5.775000000000000133e-01
5.626640080641115427e-01 5.689418248066220318e-01 5.597475709980350711e-01
6.049880963194951278e-01 6.278300001023900956e-01 5.619305011121501492e-01
5.668176554489312569e-01 5.262611869570033019e-01 5.310224503049176814e-01
5.487885635462483869e-01 5.213422305643101717e-01 5.869280897372949335e-01
6.402644872951528399e-01 6.183880306684771400e-01 5.231405239693692755e-01
6.539033079239411350e-01 6.323041904519240974e-01 5.531220234262856916e-01
5.469783745307403855e-01 5.755187302334819899e-01 5.897161130731365386e-01
5.660617999542338907e-01 6.302424955805772111e-01 6.278486363119212266e-01
6.129818358085108443e-01 6.378300604574161925e-01 5.830963936161335237e-01
5.561042244863310113e-01 6.065025698796856490e-01 5.775000000000000133e-01
5.651526405682442133e-01 6.024660916302350122e-01 5.836162174435235439e-01
5.790270112216149290e-01 5.537047680387829907e-01 4.926862086866699020e-01
5.661138486640453493e-01 5.562627203014085531e-01 5.048010865681344939e-01
5.131283152414513049e-01 5.491543032585340933e-01 6.230646805408746047e-01
5.553525099997647096e-01 5.786422201372908303e-01 5.382957506443949436e-01
5.649039300742495495e-01 5.698051081195197876e-01 5.424960826993439067e-01
5.641042787449090934e-01 5.830486617633838797e-01 5.372572103994960324e-01
5.423410444724670043e-01 5.290179769372416185e-01 5.307048376068546069e-01
5.473705391925082209e-01 6.233531620432798404e-01 6.263084586651576080e-01
5.951684856447276850e-01 6.313463427939904893e-01 5.784554772774523901e-01
5.047947012224931473e-01 5.310880898970993247e-01 5.849283260411723973e-01
5.693681760047253348e-01 6.229781289119257215e-01 5.650002212658606915e-01
6.344111680768897976e-01 6.134391570450362652e-01 5.341437405435800478e-01
6.525002662736179015e-01 6.571164207918889222e-01 5.300000000000000266e-01
6.150914289880962116e-01 5.954777789459451132e-01 5.108127941656808169e-01
5.892188275044869528e-01 6.501762976706455532e-01 6.636016709603327346e-01
7.084789734575152043e-01 7.120519325443640524e-01 5.614559054888517142e-01
6.019713537612882970e-01 5.543348598936689298e-01 5.341819339329313410e-01
5.845073185374620728e-01 7.052804305409512420e-01 6.786792614465098072e-01
6.641884258813891551e-01 6.217754653068532367e-01 5.614807634181755436e-01
5.732176677535867348e-01 5.492925400951342851e-01 6.176472763053328929e-01
6.371906153318459554e-01 6.489208455592000435e-01 5.300000000000000266e-01
6.159645223013495707e-01 5.924699626782266026e-01 5.244409960390099545e-01
5.762225090055195231e-01 6.432132837256268054e-01 6.644218767993941288e-01
6.425766925778957361e-01 6.700581749784317864e-01 5.908272057226545693e-01
6.439550163283194184e-01 5.793833004471604653e-01 5.200519524422857476e-01
5.808936227951793096e-01 7.068594564132675284e-01 6.629117434551285992e-01
6.932018774014878648e-01 6.491257935062235696e-01 5.323631741794533356e-01
5.502790870343370333e-01 5.842791424510535014e-01 6.129788335039523250e-01
5.854754680562072044e-01 5.753085155036630205e-01 5.759059190818804908e-01
6.208788117681791618e-01 6.403176092559803578e-01 5.300000000000000266e-01
6.066809840069169457e-01 5.939126503234771759e-01 5.108784947973865620e-01
6.474138579976640440e-01 6.792308284559331888e-01 5.677725515217625363e-01
6.203026790136277890e-01 5.670425807350473191e-01 5.007122139426724017e-01
5.585840660000955804e-01 6.904113357934595907e-01 6.768996549394623585e-01
6.591707774316776236e-01 6.181400977030304666e-01 5.683176279549499998e-01
5.372299323224996037e-01 5.946137803928357446e-01 6.508767198380194241e-01
5.485873170938744270e-01 6.136255802353538513e-01 6.696545846831476467e-01
5.516581634720396643e-01 5.938951709065753981e-01 5.962571844302900770e-01
5.797534247497468929e-01 5.778176557713856631e-01 5.700871270822123194e-01
6.082699390432884101e-01 6.339428609445338925e-01 5.300000000000000266e-01
5.771347460224240944e-01 5.720448802896379581e-01 5.246247187522221633e-01
6.247781295409564617e-01 6.619347681070941736e-01 5.864050280609081067e-01
5.655421812579217722e-01 5.269075651636123681e-01 5.540928319335092223e-01
5.475180351492499042e-01 6.848774016185366076e-01 6.748800149809808246e-01
6.432406217142663252e-01 6.222360521898493424e-01 5.329713763114081182e-01
5.257643965220845095e-01 5.894538351644295071e-01 6.491611661794773891e-01
5.530072093660176602e-01 6.292756437551280113e-01 6.419030426954739355e-01
5.954056811272090410e-01 6.274010034328560970e-01 5.300000000000000266e-01
5.787067491074370240e-01 5.783468354196297234e-01 5.152771069088506461e-01
6.068736899880644575e-01 6.529692524478367677e-01 5.852920192149645429e-01
5.753636631246534794e-01 5.478513086435232715e-01 5.290663689018422211e-01
6.228028701910938159e-01 6.046113514687382340e-01 5.508970489266383774e-01
5.874844900872644438e-01 6.232861471531281339e-01 5.300000000000000266e-01
5.623296234226247137e-01 5.658203577591627287e-01 5.159685636370271444e-01
6.253478774649129379e-01 6.693256133478888703e-01 5.747585681512412670e-01
5.975032835504309192e-01 5.709034690873873163e-01 4.750994103596521967e-01
6.479796390501613157e-01 6.468853366151523510e-01 4.934361062768065076e-01
5.040763053309214037e-01 5.514638896023529302e-01 6.326591080059129624e-01
5.386716026834608151e-01 5.446524592783879015e-01 5.892639305150241258e-01
5.526486998396435979e-01 5.505371052683030175e-01 5.454797397168476003e-01
5.791707154111824796e-01 6.297925051990921341e-01 5.962839448061267866e-01
5.639109821903941500e-01 6.099435636882406531e-01 5.300000000000000266e-01
5.458030681274883555e-01 5.531918335877206161e-01 5.276775130501322186e-01
5.349071936729705712e-01 6.349327498059591512e-01 6.370634806429906760e-01
6.029564842815364756e-01 6.607531274771472063e-01 5.559253002691246781e-01
5.318110567528361310e-01 5.200269882291325141e-01 5.414138691862794284e-01
6.487536450899177298e-01 6.580864129822530106e-01 4.877668046764029874e-01
5.841074827479291187e-01 6.222013217133035567e-01 6.250000000000000000e-01
6.189815939832985503e-01 6.112879625610510015e-01 5.703820682602045444e-01
6.194984716623348486e-01 5.586928037304484951e-01 5.049290764311694657e-01
7.354639204681381326e-01 6.958417912871137645e-01 5.278731935236848916e-01
5.770326496304085673e-01 6.309855234190675510e-01 6.345226445408572724e-01
5.781961024066314403e-01 6.186356436329425446e-01 6.250000000000000000e-01
5.797666144646764774e-01 5.726992538398463228e-01 6.192736362190748300e-01
5.813451525510557882e-01 5.237876492799014017e-01 5.336115713817629613e-01
6.978166169704208555e-01 6.689794363577206138e-01 5.500230510484364066e-01
5.612978967130211050e-01 6.098663351864044291e-01 6.692696814220107093e-01
5.728656446681179570e-01 6.154580764038776186e-01 6.250000000000000000e-01
5.603755511086448982e-01 5.677176934289354104e-01 6.134010248428904966e-01
5.883755317019417896e-01 5.357844984205819561e-01 5.150341950570714866e-01
7.185128642430165247e-01 6.891164975434564965e-01 5.245540151701023612e-01
5.600259856830129834e-01 6.116477033925293849e-01 6.598282312051488852e-01
5.616640649720643363e-01 6.097532755839190077e-01 6.250000000000000000e-01
5.811838374918982808e-01 5.900976552900811800e-01 5.784649162694475155e-01
5.739593153712981843e-01 5.180054743726878463e-01 5.326905066059804961e-01
7.098508448022677886e-01 6.791207213080652227e-01 5.460541374813616677e-01
5.556481842136413718e-01 6.096078598963063921e-01 6.589295988952916794e-01
5.579397330154685086e-01 6.171680178354763679e-01 6.524506232815283635e-01
5.481604914732342015e-01 6.017179224222168887e-01 6.250000000000000000e-01
5.685635908261307270e-01 5.169733293864402501e-01 5.362119073795333923e-01
6.673709978474829940e-01 6.470135683810231964e-01 5.568186354224244905e-01
5.383837703057676727e-01 5.992651163719409091e-01 6.645346216709593357e-01
5.460960416177438326e-01 6.005937119865836227e-01 6.250000000000000000e-01
5.593675113999226900e-01 5.174282482534542371e-01 5.167020374543518368e-01
6.999403687964467213e-01 6.720357211227642180e-01 5.338047074372112011e-01
5.489070442769569125e-01 6.148521543819875923e-01 6.458712086909191852e-01
5.426363848600251893e-01 5.989931241548442920e-01 6.250000000000000000e-01
5.479338449632320529e-01 5.005938663156419555e-01 5.489323378461719027e-01
6.590393594154753121e-01 6.506773078891534556e-01 5.464977045016660151e-01
5.430887263133356013e-01 6.092906337021550822e-01 6.501444029314473738e-01
5.335667910500758726e-01 5.937323185538903036e-01 6.250000000000000000e-01
5.312775240271676580e-01 5.535722174408526097e-01 6.163348225225090404e-01
5.493093667417944248e-01 5.092622193570770506e-01 5.341960967695266183e-01
6.731331347710418633e-01 6.698745171371687235e-01 5.257188880214048732e-01
5.460370169998552958e-01 5.720000249954427796e-01 5.972377574331992900e-01
5.567091905469283564e-01 5.806418279506048163e-01 5.645095428559343542e-01
5.198373113229948217e-01 5.861176652829425127e-01 6.250000000000000000e-01
5.522551799002286543e-01 5.820796128929264235e-01 5.633648648869491460e-01
5.295339555401401554e-01 5.011492853243173506e-01 5.345150789143027215e-01
6.515443280793430381e-01 6.697008869761307270e-01 5.230249080322728616e-01
5.098353477772520348e-01 5.803424551731789505e-01 6.250000000000000000e-01
5.226511415923440484e-01 4.853208020942925138e-01 5.555512163759243061e-01
6.026710986111103452e-01 6.027653677782220942e-01 5.838036070814486278e-01
5.440466578358829075e-01 5.755686752890123437e-01 5.631917510157566920e-01
6.412959090860546052e-01 6.477900989569153056e-01 5.444976423066989479e-01
5.321891907374792785e-01 5.618534471163079136e-01 5.863999858919373143e-01
6.555017764794013324e-01 6.714437623186250148e-01 5.123675951345663115e-01
6.488384555537778375e-01 5.840246387898899716e-01 5.669493357141428547e-01
5.973850746359243846e-01 5.452561295447873047e-01 5.976048332530947693e-01
5.916024511554452969e-01 5.419127743959687438e-01 5.980868438384667751e-01
6.426075538855080538e-01 5.913632329658005116e-01 5.428527056595129352e-01
6.329893424399701818e-01 5.874401127562479674e-01 5.430917137881413614e-01
5.909415475487547198e-01 5.455570994683149877e-01 5.906759023045551338e-01
5.932747896818101330e-01 5.444213110286171275e-01 5.935292629848802903e-01
6.251443260634710342e-01 5.858258660090504000e-01 5.336246349277178336e-01
5.687613266110269628e-01 5.256065549544171045e-01 6.129113410263464790e-01
5.971606257236916626e-01 5.593785790433806193e-01 5.617538012913074752e-01
6.285061203229862503e-01 5.908465645473078842e-01 5.353909979839435174e-01
6.415289570869550095e-01 6.091704795909673731e-01 5.043061962644667107e-01
5.965509199097600579e-01 5.659723536108915987e-01 5.634376748298732807e-01
5.651575301355629133e-01 5.299467176979999472e-01 5.981970911808220936e-01
5.645154756002441765e-01 5.364023697474993302e-01 5.849688265409263010e-01
5.569470309785508055e-01 5.240164581733852689e-01 6.029350865064458942e-01
5.616589965975028464e-01 5.442399598042408915e-01 5.686122091844439952e-01
5.555321261812806721e-01 5.403317557595029852e-01 5.697339472789786363e-01
5.723787651187245418e-01 5.586560052396598586e-01 5.416095237067432011e-01
5.383875014635677303e-01 5.187045334110267358e-01 5.970887438707576100e-01
