5.972409102345180854e-01 5.923250571007154797e-01 6.586394895918448178e-01
6.323974929777016474e-01 6.143591775570390601e-01 6.527937517802558931e-01
6.751128682731841746e-01 6.489799330378391851e-01 6.003307432590555548e-01
7.080332356898634272e-01 6.704071044857630168e-01 5.465256467576019572e-01
5.880525425405167539e-01 5.726112464320289863e-01 5.823753375862562587e-01
6.035947687207567913e-01 5.757051607591634479e-01 5.569742361486375026e-01
6.950431953404835328e-01 6.896298295583731530e-01 6.102973753648575084e-01
7.187384892786861101e-01 6.951106717786051936e-01 5.786971930359806615e-01
6.419274753214126994e-01 6.420291895672977089e-01 4.516345172674312014e-01
6.698756411849009496e-01 6.432334271370452328e-01 4.083970511003367498e-01
6.311383137302586377e-01 6.363913447087253816e-01 6.369828051080448361e-01
6.721521585037522062e-01 6.485704960137133046e-01 4.344416517058601324e-01
6.541153625515264691e-01 6.844300099013443939e-01 6.397267700293409742e-01
7.196194460289945249e-01 6.761637843769223721e-01 5.024245237408559994e-01
6.154108488828402557e-01 6.612147428794488135e-01 6.384735265287956318e-01
7.139200852782514595e-01 6.923817256930442365e-01 5.743222391873876731e-01
7.042297236699884833e-01 6.966545974314651835e-01 5.893929036745020333e-01
5.908738815096256092e-01 6.559148364355767979e-01 6.303415374633223323e-01
6.291126529262324185e-01 5.722539497555183541e-01 5.899297935153497985e-01
5.764100246721444165e-01 6.460192242741013002e-01 6.379236246554118583e-01
6.112576261616289308e-01 5.571802936062018041e-01 6.077776304492916726e-01
6.009767614080812059e-01 6.665372000969737032e-01 6.211334295360914082e-01
6.762887342766602528e-01 6.263880442220151057e-01 5.204890409634358450e-01
5.886494528384419445e-01 6.059623684357197115e-01 6.250896535841218293e-01
6.295500974006514872e-01 6.410834918153344164e-01 6.347651929939647220e-01
6.322145795476594721e-01 6.441856549760822670e-01 6.439615862432855886e-01
5.874594358134307415e-01 6.039739382697117964e-01 6.539202529538156172e-01
6.340085896981292324e-01 6.432437217628255155e-01 5.724073335522236183e-01
6.639498343894261190e-01 6.705464274168697614e-01 5.740109021246484478e-01
6.624728923548830473e-01 6.358305119053122567e-01 6.119240709093267672e-01
7.022849895294169809e-01 6.547812824189873648e-01 5.656170680807220963e-01
7.406523818337524823e-01 6.946698925784471346e-01 6.028886317318292720e-01
6.352488863231218197e-01 5.702726555461643532e-01 6.883560336861560547e-01
6.908050728280825670e-01 7.408037702438451388e-01 5.978211717767870637e-01
6.810220367056434299e-01 7.069771658499670597e-01 6.913762035284728436e-01
6.986639347964367364e-01 6.893952028924461573e-01 7.128062398607732941e-01
6.777025405201484443e-01 6.334544294581447854e-01 7.466509492045997343e-01
4.271415170397778738e-01 4.454808001811563223e-01 4.432732267290266925e-01
7.052468937649832847e-01 7.249388637157204718e-01 6.922685632405494172e-01
7.157449551038321811e-01 6.804418313438144184e-01 5.862443823325853565e-01
6.088613569157909078e-01 6.567261832698987334e-01 6.405464599413165372e-01
6.672900659146860924e-01 6.134581788994023510e-01 5.378425494817928865e-01
6.054810759226636474e-01 6.580013785706881890e-01 7.973843073027253592e-01
6.629240482531871814e-01 6.089264305815169642e-01 6.650631032189171510e-01
6.273213610151093800e-01 6.826719714132100103e-01 6.705672812655363302e-01
6.883409646262979020e-01 6.187989042363097880e-01 6.919165360116523722e-01
6.240179817031259457e-01 6.229153412120682631e-01 6.203877024080247660e-01
6.157865024901341133e-01 6.184798349689026864e-01 6.292957442831630388e-01
6.154260479205559964e-01 6.237230249592456977e-01 6.235588660298689856e-01
7.011798217891238583e-01 6.931048371388407459e-01 6.504944876078020410e-01
6.073103901575563901e-01 6.079808776801283177e-01 6.323459954508099390e-01
6.591623852235705128e-01 6.357240391339475938e-01 5.484301067405603636e-01
7.720809933064810560e-01 7.306697418651260101e-01 6.191114523661026547e-01
5.803060897062243262e-01 5.415655151459309868e-01 6.963795178915059836e-01
7.753375883240665178e-01 7.606825799944630928e-01 7.051057269951357398e-01
6.152640488222389514e-01 6.046355011953225000e-01 7.349166453316472447e-01
3.169151873741423708e-01 3.628983275638015260e-01 4.807339920353755902e-01
5.782430155284508100e-01 6.414418922160591841e-01 6.549694058207545799e-01
7.051644229596659708e-01 7.018423637590438524e-01 5.215296476255320002e-01
5.345298350440217394e-01 6.132081081886838758e-01 6.445630614721250540e-01
6.043946690260844079e-01 5.655585768147481929e-01 5.629016695873398923e-01
5.428804099823572038e-01 6.132086013387738621e-01 7.680426177564625423e-01
7.176459565816616371e-01 6.788939762550036949e-01 5.436507203933031995e-01
5.368871205890631826e-01 6.272909359179058564e-01 7.291978213054250979e-01
6.717993347814834593e-01 6.442523547569403153e-01 6.142723822393616473e-01
5.646886319545418864e-01 5.887222753226987182e-01 6.165178589329866066e-01
5.722371989423866712e-01 5.956605375196600827e-01 6.126281705275560263e-01
6.186859386578611453e-01 6.337061399342251988e-01 5.867082190812792364e-01
6.441311998781319437e-01 6.849534676985198356e-01 6.744939218100969303e-01
6.420443207351759218e-01 6.594879413737564366e-01 5.892565029257643694e-01
5.916490101094148413e-01 5.964071050899046877e-01 6.007771614088193157e-01
6.686689960177334413e-01 6.299907143385710118e-01 6.030566304763480545e-01
7.625317792594034083e-01 7.483446076175704897e-01 6.379756872403973267e-01
6.007711139478187912e-01 5.652016671809234616e-01 6.946588044669128603e-01
7.310370636414580403e-01 7.546348904560586934e-01 7.767967300665068464e-01
6.416028748750347566e-01 6.331317546266205243e-01 7.271444992356927983e-01
7.537706957577747779e-01 7.696052111052542610e-01 6.779756872403975843e-01
6.913420441472193367e-01 6.251314683516894233e-01 6.535593027792832022e-01
6.402934544013936247e-01 6.948176040664536535e-01 6.238910759415011720e-01
7.038012215323978804e-01 6.639878558544578535e-01 4.568983940249953801e-01
6.692436829569428092e-01 6.598909292205197286e-01 6.144939218100978762e-01
6.477779880928526968e-01 6.533854065800165367e-01 5.862911695437411641e-01
3.079876056185120725e-01 3.918975686141549231e-01 5.047259999962807608e-01
6.698475646551280693e-01 6.929883811608841260e-01 4.965153278513767532e-01
6.084558628506363531e-01 6.199037907166916606e-01 6.319395796163858048e-01
5.937737756948927581e-01 5.777053353645722478e-01 5.484755145759581119e-01
6.943330630973170159e-01 6.927078979689049731e-01 5.816866478280739994e-01
7.924652606496553897e-01 7.398211661348119694e-01 4.997472729510430423e-01
6.079341579353830793e-01 6.285748783014101226e-01 6.383385080882189033e-01
6.830361193722240820e-01 7.002397324817926094e-01 7.034808453616296919e-01
6.719063365903117369e-01 6.358098550297601737e-01 6.847496004405889680e-01
6.915103728787045378e-01 7.188779091616376293e-01 4.808098207639118216e-01
6.379952903477903448e-01 5.988484127824592607e-01 4.167422377316173931e-01
5.305625353309156855e-01 6.245252477948367575e-01 5.634903595796733056e-01
7.473700490969000798e-01 7.059623502334140266e-01 4.629571467799200035e-01
6.944817621191121670e-01 6.804809322653995185e-01 6.634808453616305446e-01
6.746992712480399668e-01 6.777595962592132262e-01 5.531619527687883231e-01
6.529323678820371235e-01 6.794212956121153946e-01 7.013216701333953029e-01
6.950410220880769430e-01 6.564859982153781193e-01 6.874622543365204175e-01
6.669611599199720686e-01 7.074048613346320957e-01 4.820547931732689917e-01
6.908650321876210754e-01 6.556842740100106148e-01 3.586517043810721339e-01
6.413076429086390640e-01 7.142064541356699658e-01 6.293523623080953255e-01
7.860147633896019670e-01 7.488491080016416168e-01 4.203315978202328829e-01
6.624191569844665173e-01 6.580883354400317575e-01 6.613216701333958225e-01
6.343820576370929887e-01 6.435749837247783933e-01 5.797968897042202752e-01
6.374597620442168378e-01 6.819974221793587699e-01 5.700498395649239436e-01
6.538674737910472601e-01 6.124338898343278936e-01 4.585211687958172799e-01
5.822075201028293900e-01 6.639555008138439129e-01 6.976437512811974884e-01
7.360400996847673571e-01 7.015447946172523874e-01 5.433283493838526601e-01
5.972199436861618249e-01 5.600746160860403666e-01 5.507296889055085520e-01
5.722952410822537139e-01 6.649310405152100145e-01 6.862769586912090825e-01
6.580258523227721090e-01 6.369915508796226700e-01 6.246592988405044178e-01
6.266435282796156692e-01 6.812350524654988693e-01 6.346372469524950155e-01
6.937101783359753693e-01 6.331987805964570670e-01 5.536149662201852450e-01
6.496481173440075141e-01 6.398531803895745051e-01 5.546372469524956106e-01
7.076906081529277248e-01 7.153671974331349270e-01 6.172243621601133379e-01
7.387755546524586991e-01 7.652338603486033008e-01 6.743520095747124188e-01
7.354360549481123721e-01 6.650744024643726604e-01 6.222786489091870488e-01
7.628564156115664741e-01 7.256036715272002890e-01 5.943520095747131249e-01
7.194366024792612224e-01 7.230428475272860922e-01 6.870542042481631029e-01
6.972788705069103976e-01 7.342631156393111258e-01 7.134004300062101178e-01
7.088359314451034843e-01 6.448061182131177294e-01 6.513750706144845193e-01
7.227244743638618907e-01 6.944790439299467488e-01 6.334004300062107129e-01
6.860903362018404561e-01 6.966591994430813006e-01 7.245736131458000440e-01
5.697752851623432147e-01 6.435348586197784382e-01 6.572843454275402175e-01
6.528582776997335912e-01 6.036731035590389149e-01 5.782216811912884724e-01
5.839332899455768056e-01 5.965995653196534132e-01 5.772843454275402575e-01
6.477589361940793156e-01 6.750518636733454647e-01 6.406664053914298274e-01
6.725012985882858896e-01 6.236426021276936238e-01 5.788280908196581365e-01
6.405100934408426427e-01 6.076199816306573354e-01 5.797258285627270302e-01
6.321963710606862685e-01 6.398230017861966656e-01 6.466496551830120953e-01
6.239342379502913483e-01 6.339021435549748729e-01 6.629431434229334785e-01
6.512519829303973218e-01 6.557439806388216663e-01 6.449539971034806696e-01
6.699709568218952249e-01 6.696050272443994089e-01 5.597020178227041232e-01
6.431424719260474543e-01 6.467034438635540505e-01 5.847155026130806954e-01
6.117938525312790476e-01 6.232072521409679489e-01 6.680887037266050044e-01
5.939508587405439854e-01 6.147869624819310985e-01 6.498885206192891451e-01
6.036337962039288740e-01 6.243432518742856319e-01 6.597170111935036774e-01
