6.427412696753040944e-01 6.187570320213506836e-01 5.224839915211141328e-01
5.608337875823328211e-01 5.383115318753129985e-01 6.391489037238611282e-01
5.741981414067445222e-01 5.523308473361557835e-01 6.203692096624862096e-01
5.890057796589230898e-01 5.688036508122815693e-01 5.997994972212894460e-01
6.329011301829896574e-01 6.103942830166849687e-01 5.368335608936989356e-01
5.890590190736827436e-01 5.964409011553100104e-01 5.800393846364418904e-01
5.874043347192818842e-01 5.935054415342996270e-01 5.880590035571763297e-01
5.869573209608176523e-01 5.923770771269353252e-01 5.893723799159795718e-01
5.859033629986279967e-01 5.919608783225591697e-01 5.847575373348246064e-01
5.597453859450157720e-01 5.654859871732748067e-01 5.333301727341519527e-01
5.584284956273554146e-01 5.647335374362552063e-01 5.363941576837079062e-01
5.577985114344459205e-01 5.656528224672262573e-01 5.298643874206117044e-01
5.586036715310055412e-01 5.651768382206395769e-01 5.287488175149859249e-01
5.595520831542147855e-01 5.575882337348908591e-01 5.334803376388490559e-01
5.489788506514412525e-01 5.343174276654449883e-01 5.583641978417757112e-01
5.849966586930028800e-01 5.426305126947663648e-01 5.196481996767789990e-01
5.893564213004157670e-01 5.443512595901299767e-01 5.093883252929757299e-01
5.542321987814161632e-01 5.583515529068029393e-01 5.429063134252823941e-01
5.537920836281999826e-01 5.570544854885900454e-01 5.441520873188605556e-01
5.691548401149523206e-01 5.548646224701812013e-01 5.231407791183719791e-01
5.671756723385233956e-01 5.515110442786370637e-01 5.266323567244015624e-01
5.916218307208956917e-01 5.554796578671121754e-01 5.053153470497344646e-01
6.023375551108174353e-01 5.652349407347911914e-01 4.963602208902973545e-01
6.110943559333540387e-01 6.513436469228343073e-01 6.110595340069111536e-01
5.939326398386913786e-01 6.417678726835949199e-01 6.341816751431739174e-01
5.968942702142780998e-01 6.418735044446608473e-01 6.332996738953126092e-01
6.216955955308074433e-01 6.599448671754291063e-01 5.980255657845613415e-01
6.816560350063889384e-01 6.723657870172315976e-01 5.513605478120270353e-01
6.829442300945844924e-01 6.664430462468190486e-01 5.556384170617112428e-01
5.867718063110367588e-01 6.361876086475315439e-01 6.462486938012752535e-01
6.478974372724857211e-01 6.536479000896139313e-01 5.829496468845360990e-01
6.387100627168011968e-01 6.693170943285140506e-01 5.761702091659660629e-01
6.488053569991312219e-01 6.794728778542065140e-01 5.614974002102404160e-01
5.649586254160839927e-01 5.659263960149909511e-01 5.649656969777360205e-01
5.710392209129828700e-01 5.723340860175287759e-01 5.608808064696780837e-01
5.847997368041115696e-01 5.825685784499398112e-01 5.398336414302022934e-01
5.773859669594404442e-01 5.621364724457306172e-01 5.544142388102810681e-01
5.723129842873647677e-01 5.460297578457802281e-01 5.763848484119286075e-01
5.925649412593643195e-01 5.580896828457950765e-01 5.572515410212350861e-01
6.180562191919394266e-01 5.773273273561151386e-01 5.147037924379187501e-01
6.190813119410329968e-01 5.776163468712383064e-01 5.228380553638229955e-01
5.781078343837007250e-01 5.495399026234700779e-01 5.754407867882562755e-01
6.317251344577323735e-01 6.195366509075814765e-01 5.731877492462410517e-01
6.747106805353225711e-01 6.540043448096826140e-01 5.267753486644034533e-01
5.613822321773836999e-01 5.695281767424968944e-01 5.420859919426012086e-01
5.766179424073996085e-01 5.796875740065874361e-01 5.192447365043595386e-01
5.812717779850368194e-01 5.701129797324828719e-01 5.251947414124453761e-01
5.689229428997950588e-01 5.490523834650951063e-01 5.526865675138712408e-01
5.839123462477558979e-01 5.540136105574663405e-01 5.828832098495667635e-01
6.192708840996191677e-01 5.845305652750384384e-01 5.406144944772333094e-01
6.341562176585139321e-01 5.995508801186318903e-01 5.168637927056627390e-01
5.756510981748851341e-01 5.773722629862599875e-01 5.702837482110255651e-01
5.775234446139551059e-01 5.785216205078805851e-01 5.739816568043253353e-01
5.916635240567917897e-01 5.721733263445133444e-01 5.694274879158081060e-01
5.753898215809731820e-01 5.499566267758813076e-01 5.993255748195606136e-01
5.991640621826812563e-01 5.899231177184192099e-01 5.950562256146261220e-01
6.731047527504465666e-01 6.687819642417771604e-01 5.378449613064111290e-01
6.343067074532010574e-01 6.482183216343315735e-01 5.724693756294954028e-01
5.597023269884929819e-01 5.389066776279914928e-01 5.815431421412530222e-01
5.720400439108266344e-01 5.458932917741635693e-01 5.650934826203034556e-01
5.619239338441577303e-01 5.656571869252390306e-01 5.813483894459499091e-01
5.891276782324325056e-01 5.577571688753556467e-01 5.654800065952608756e-01
6.080137706285372312e-01 5.708580348241811819e-01 5.417454567538649846e-01
6.187251883935893648e-01 5.878999752881868268e-01 5.486374299511205255e-01
5.878820816097019009e-01 5.941584557934479482e-01 5.703290363635347138e-01
5.964204223349276468e-01 5.930397125522236523e-01 5.597090313486234869e-01
5.880295759626458230e-01 5.713639077221830398e-01 5.796027344576726303e-01
5.861125152112849346e-01 5.975230926996129011e-01 5.880507837886784772e-01
5.788515363791509882e-01 5.881809528966179812e-01 5.966234993986151425e-01
5.606553415178823219e-01 5.670892580063321420e-01 5.345524487144872605e-01
5.703703782338596096e-01 5.691411648335104045e-01 5.140066994305836356e-01
5.536575895825144311e-01 5.599342659517366760e-01 5.479243958048904961e-01
5.685102999697719817e-01 5.658383162426393609e-01 5.350730080431325142e-01
5.657984502042245900e-01 6.008477641747055342e-01 5.865625000000004308e-01
5.911521242556930789e-01 5.630120609471167548e-01 5.225539764623691186e-01
5.918658777749492561e-01 5.603530392167155316e-01 5.478771314332501197e-01
5.847070864699770443e-01 5.871398544897117322e-01 5.560742582945665813e-01
5.854513533254356306e-01 5.513617570640295673e-01 5.668324189437380367e-01
5.895694943852105574e-01 5.903819007650071837e-01 5.597640743372812588e-01
5.727139651295384271e-01 5.763971755586172474e-01 6.029031276406552342e-01
6.156071935340350354e-01 6.202446611567438151e-01 5.435034828400887585e-01
5.839404818399794861e-01 5.946707426258984741e-01 5.877106799923063063e-01
5.919693640296287418e-01 5.919256522796559894e-01 5.820545868642734710e-01
5.759007486637536255e-01 6.059647585882250720e-01 6.160236057676337085e-01
5.800478215233311197e-01 6.152550701467484062e-01 6.167565260838936414e-01
6.082730086524146262e-01 6.252174015637766979e-01 5.787250540597043136e-01
6.153612232264321635e-01 6.219495192739957767e-01 5.762837118623366228e-01
5.561860549879151794e-01 5.421753077885109739e-01 5.473261811080020189e-01
5.695707982099345035e-01 5.565292589924150102e-01 5.309523961101445533e-01
5.947279843187295301e-01 5.571393404620706979e-01 5.273594204440510413e-01
5.951948487134879340e-01 5.583386726701791147e-01 5.319647666260481911e-01
5.643781535521142922e-01 5.629911832746612443e-01 5.862919035839914139e-01
5.810270377606168157e-01 5.554856848240939948e-01 6.047650515250335701e-01
5.841909553664194066e-01 5.763563779135054688e-01 5.836662891081934035e-01
5.825730774155104541e-01 5.603085629997455186e-01 6.067290697950610268e-01
5.832847791326890574e-01 5.783464622103495767e-01 5.925947860619831253e-01
5.981485774990090709e-01 6.054434728453527148e-01 5.727020420825446045e-01
5.982369545266283950e-01 6.071059201041881792e-01 5.743161275797962206e-01
6.702298404597114567e-01 6.433879859331144146e-01 5.330825548376753042e-01
5.785864650227842132e-01 5.845647395350860309e-01 5.180597193588003524e-01
5.692817443381640308e-01 5.753052933105112787e-01 5.211580477949496748e-01
5.671043566053379781e-01 5.736729086858061155e-01 5.277453829997533763e-01
5.748087253418965314e-01 5.822765841598156467e-01 5.177357458828016901e-01
5.970670524973573645e-01 6.124923579402503648e-01 5.991433404003521090e-01
6.059004073901890219e-01 6.263500771042689319e-01 5.871048880328052499e-01
5.607203419843517223e-01 5.603863565175400963e-01 5.565403784106036644e-01
5.580421784925601036e-01 5.588988125676837004e-01 5.620939685532021501e-01
5.579294273530075454e-01 5.584372492161170376e-01 5.639348904723452405e-01
5.534145103185361680e-01 5.540972569292552663e-01 5.702278024458498074e-01
5.962406160270938837e-01 5.590445201661177199e-01 5.159773270511837095e-01
5.524197359408751229e-01 5.525383543677334641e-01 5.759321605688222379e-01
5.521770967350606574e-01 5.524946189180409695e-01 5.777512652512092339e-01
5.977366721863230925e-01 5.569509558059635435e-01 5.469920179656030390e-01
5.937738288624290206e-01 5.532348377523260696e-01 5.527003852712523146e-01
6.020966475362599102e-01 5.614789492109435454e-01 5.437152213633558162e-01
5.994303910878580055e-01 5.589386805727594165e-01 5.492592379431273653e-01
5.844079513928335246e-01 6.092410875824786354e-01 5.636523437500012834e-01
5.794275224463621976e-01 6.071991721625130678e-01 5.696289062500011768e-01
5.791441856925922949e-01 6.073817993595675979e-01 5.702929687500010170e-01
5.790033647661162464e-01 6.072390606180425587e-01 5.709570312500007461e-01
5.788434350787254878e-01 6.067816673434583974e-01 5.716210937500008082e-01
5.732672845374190418e-01 6.031509419544857087e-01 5.795898437500009992e-01
5.728905535052061238e-01 6.030284887584401732e-01 5.802539062500010614e-01
5.933192040136160417e-01 5.491461488081043063e-01 5.156735675441751487e-01
5.850851652023388860e-01 5.416051106761170519e-01 5.205881718643715628e-01
5.998859227592167054e-01 5.582459979225223856e-01 5.034445201237380818e-01
5.853597569695512259e-01 5.441885533189703139e-01 5.253562033827344768e-01
5.833401021394271080e-01 5.426954637294801875e-01 5.285856259496103382e-01
5.915347498672910431e-01 5.515805447434027897e-01 5.232504779189349753e-01
5.913272677355132512e-01 5.514054143302373756e-01 5.238458791041702423e-01
5.829361735445484083e-01 5.426035488447013000e-01 5.299032337036320151e-01
5.846843627511225661e-01 5.440215088494616547e-01 5.276969839000520412e-01
5.987001712922592755e-01 5.579354277480453872e-01 5.078016196127137505e-01
5.956369200444048273e-01 5.561009618692940304e-01 5.253320838687648431e-01
5.977049479451120861e-01 5.585680221631499354e-01 5.144030881705299318e-01
5.973118348888105666e-01 5.583956279706543402e-01 5.153491512940608921e-01
5.947710485723666229e-01 5.557326087449414587e-01 5.268494900743460052e-01
5.768200719500841123e-01 5.931529412357215980e-01 6.271649235052390026e-01
5.807215832318489701e-01 5.924834371619012163e-01 6.280778145947870650e-01
5.950211475681391748e-01 5.903755183014870456e-01 6.154652920450039977e-01
6.649937841522928217e-01 6.168231513832304058e-01 5.453393918285411868e-01
5.645519529613005627e-01 5.832701191304757726e-01 6.492764814952822761e-01
6.363584349676503216e-01 6.098255251507423980e-01 5.629469278859986492e-01
6.325884391459862810e-01 6.070839987335101551e-01 5.706712761627970032e-01
6.626303130184826307e-01 6.372283398506066732e-01 5.348763759240190430e-01
6.250571721067721409e-01 6.177509402709356889e-01 5.652223778785443464e-01
6.189176722808269471e-01 6.120809988975932647e-01 5.718576599653230064e-01
6.204400541427268490e-01 6.132103457594516582e-01 5.725055872087374542e-01
5.911499790058583059e-01 5.818137895783972446e-01 6.044857720764488240e-01
5.887413646186485661e-01 5.771636989812189977e-01 5.927195234152616843e-01
6.033763400171689995e-01 5.918961792507423381e-01 4.973296159341399347e-01
6.543129412862188632e-01 6.166135280243273398e-01 4.560005804927597106e-01
6.278898449118254232e-01 5.766797421125201550e-01 5.019733069229733724e-01
6.194433909890592060e-01 5.633608743884420678e-01 5.076904177917436201e-01
5.729247273567216192e-01 5.577678561766401533e-01 5.484249644989476202e-01
6.148919557942923442e-01 5.966123714358784191e-01 4.905475414503114862e-01
5.983908404971386430e-01 5.760795535644231968e-01 5.168707096641129706e-01
6.109735301615062397e-01 5.871266494461960805e-01 5.012038800074822831e-01
6.183650177307473683e-01 5.983300273337315289e-01 4.907193756283215746e-01
6.438627190431266412e-01 6.203018725487070562e-01 4.584844336893948991e-01
6.585189063762876271e-01 6.074478002103581575e-01 4.633849701751947547e-01
7.637945347391563722e-01 7.447468180910390423e-01 5.062356375517214069e-01
7.800429213455980504e-01 7.406260654281107136e-01 5.060867509465231118e-01
5.918138684161527996e-01 6.173196087409451582e-01 6.909341670413009506e-01
6.000546049893316081e-01 6.229484181007229893e-01 6.801156789838013195e-01
6.064032725195073192e-01 6.292937596504368791e-01 6.676834418507467950e-01
6.088906466282080210e-01 6.283925876512930220e-01 6.665356885585450586e-01
6.350100747688415259e-01 6.507950615421258522e-01 6.293271595319738232e-01
6.412822439318176526e-01 6.540999334948464083e-01 6.248952956129075753e-01
6.028980312951555121e-01 6.313470335383322141e-01 6.761417818378293587e-01
6.072624981458428772e-01 6.354674399416802011e-01 6.714639847989632981e-01
6.657927212089497226e-01 6.728188089569038244e-01 5.911091651118089985e-01
5.890115935682487258e-01 5.700265009644238656e-01 5.893028404817005628e-01
5.966533004039979993e-01 5.813743000466063959e-01 5.660690257799088076e-01
5.953953384123136239e-01 5.695709567467682755e-01 5.716784298936705699e-01
6.136712668406556492e-01 5.874845759331072115e-01 5.484352971348332995e-01
6.276991295816315430e-01 5.935789857658286817e-01 5.399899343336739266e-01
6.351339011667538337e-01 5.959121579413505509e-01 5.297020649284578386e-01
6.332179190144082703e-01 5.950971754749753151e-01 5.371192253109025039e-01
6.406329506385640693e-01 6.024804883842626024e-01 5.332361552689064421e-01
6.398894424619151478e-01 6.008242203513910473e-01 5.269189332088953792e-01
6.333972785250796544e-01 5.889005618563487587e-01 5.381000376822575593e-01
6.540187840489379845e-01 6.064760559424166031e-01 5.120690452401983617e-01
6.539530921957119602e-01 5.954923197425853187e-01 5.222038353661029308e-01
6.346126070141766551e-01 5.753753919099495739e-01 5.488368424483320851e-01
6.490492032580847948e-01 5.874246671030959321e-01 5.361070721330448707e-01
6.561566361532772396e-01 5.902321708874320727e-01 5.284713180836672075e-01
5.699324460255866809e-01 5.874342576165590968e-01 6.809275033504433861e-01
5.840530375555991194e-01 5.936684006704167071e-01 6.587509593847735712e-01
7.085152082846675192e-01 6.707789932525196619e-01 5.350647905995105091e-01
6.435666295594866249e-01 5.988768041929878327e-01 4.929748728605738428e-01
6.389457189430287620e-01 5.859271854740094598e-01 5.075059796903605980e-01
5.932197395964811104e-01 5.685894426092924503e-01 5.433464337733668881e-01
6.142061233459538139e-01 5.857179887703058974e-01 5.177609274424719299e-01
6.067804760316888313e-01 5.747721231301452516e-01 5.338679738353495630e-01
6.258421421462482259e-01 5.955421066443740141e-01 5.125752971438146677e-01
6.552691947115686366e-01 6.133207462916044905e-01 5.283254957776367666e-01
6.421349166259923136e-01 5.842148280637210478e-01 5.501632836103641511e-01
6.096077228128616854e-01 5.931392317124116742e-01 5.786395070622406545e-01
6.139548421433300707e-01 5.990836815424439576e-01 5.654582409063864112e-01
6.144541441171842422e-01 5.926747521819000220e-01 5.639038341341189309e-01
6.059533340757924380e-01 5.861751857061650028e-01 5.715954050417834109e-01
6.202949920165707898e-01 5.953846838417430343e-01 5.583251467025277526e-01
6.355666758168949659e-01 6.093019604930053346e-01 5.385231630849165452e-01
6.436374260500511424e-01 6.100566280612155223e-01 5.476388518545635131e-01
6.404697525306658479e-01 6.068089416189599294e-01 5.472352115004935902e-01
6.297088476673711188e-01 5.957122940074459638e-01 5.566520442187093964e-01
6.341080924339349556e-01 5.977270034021603395e-01 5.507170418105854504e-01
6.559075916873867707e-01 6.584995131157831416e-01 5.384644551395955103e-01
7.550609108515357049e-01 7.196341025656574075e-01 4.702479984912384947e-01
7.661490933049803775e-01 7.158562048785185317e-01 4.659793633591468032e-01
7.165171926018161219e-01 7.181517992389565563e-01 5.135194180860728208e-01
6.646990528865981407e-01 6.109149673757039434e-01 4.691014656205149680e-01
5.912237664167913076e-01 5.711190699069734755e-01 5.543678502646962603e-01
5.869427478298672174e-01 5.667058644659423994e-01 5.438155463389304778e-01
6.011597464545614944e-01 5.706922153577352885e-01 5.313385367464126263e-01
6.257220435950652249e-01 5.893466908711412211e-01 5.017081822649966938e-01
5.993689486391435839e-01 6.193927952905913248e-01 5.918750000000000400e-01
6.637279272741377634e-01 6.176582444617269019e-01 4.867657373885879157e-01
6.536052627525686942e-01 5.995384266455066058e-01 5.082862593669809081e-01
6.121515105351129638e-01 5.853118820439893177e-01 5.290340763722097828e-01
6.331596064328964824e-01 6.049541503865984993e-01 5.335079778468964085e-01
6.160363977819111048e-01 6.096599932424227042e-01 5.358578866026597609e-01
6.060416571442877043e-01 5.917842383318856481e-01 5.582230863327634074e-01
6.097498035068500410e-01 5.847185755736676871e-01 5.638147124260532994e-01
6.268097210318550605e-01 5.936605694284158297e-01 5.407894713167638034e-01
6.350506407109135498e-01 6.283535524615270207e-01 5.399733042329842858e-01
6.188155043498013708e-01 6.084436209027107578e-01 5.654960867852609763e-01
6.327972674867814451e-01 6.120062143759594786e-01 5.518282615484333409e-01
6.389786859107523531e-01 6.068778748168309756e-01 5.556313046732153094e-01
6.446355850146486821e-01 6.441108892203866176e-01 5.540933267385543814e-01
7.683129816750603469e-01 7.192001404716144020e-01 4.577808495274567346e-01
6.518133495447957504e-01 6.476723413031034715e-01 5.411131303711306240e-01
7.028546661507187876e-01 6.765932900988629317e-01 5.028237152865113746e-01
7.208003579753237133e-01 6.895131753918041229e-01 5.048865861164917312e-01
7.466756376560432784e-01 7.004882951635047483e-01 4.869124931623547425e-01
6.449039391628039741e-01 6.341208958676599616e-01 5.724999746884750218e-01
6.656385625122021032e-01 6.432407328301136262e-01 5.587064545701402318e-01
6.859749309115985572e-01 6.741328364625618352e-01 5.502032359660496974e-01
7.264075293131209143e-01 7.138717116172302868e-01 5.313582165937743573e-01
6.363759490097020688e-01 6.141246526098025349e-01 4.716954306688660448e-01
5.901278793471940176e-01 5.682484710327339039e-01 5.498060678070998408e-01
6.310543713130905008e-01 6.094354152874775776e-01 4.857177681563604743e-01
5.794891515207851729e-01 5.587951888601540018e-01 5.663658288443809141e-01
5.872412139148378563e-01 5.736259868050282984e-01 5.738253252666045690e-01
6.186740352892852179e-01 5.841860358180029911e-01 5.331802403107522847e-01
6.621608501955369430e-01 5.929701781954015427e-01 5.201455162571197999e-01
6.382152628717286946e-01 5.984698534888089894e-01 5.203007446313316908e-01
6.515762377413772954e-01 6.062025678744937807e-01 5.097689023859431900e-01
6.039710665886010021e-01 5.819913927766546813e-01 5.537592237888541158e-01
6.795519566686369917e-01 6.317617117724438902e-01 4.936554942719783567e-01
6.370756741966131509e-01 6.135070279505384638e-01 5.264761133363959900e-01
6.601285020463683040e-01 6.331034028431152816e-01 5.322662877742476706e-01
6.291768551200006554e-01 6.108141593826483806e-01 5.627471647265146482e-01
6.893539077894109690e-01 6.628623388658561044e-01 5.129346020081474444e-01
6.622871992169271360e-01 6.564945501366773462e-01 5.284761893327305504e-01
7.287431649712049486e-01 7.081778287825843954e-01 4.791487966154766021e-01
7.741142800349605224e-01 7.280938965705849863e-01 4.579022137589606745e-01
6.988349517910864561e-01 6.808840006313842119e-01 5.150993582529804771e-01
7.406077064240847996e-01 7.050183379522605431e-01 4.904100242660610620e-01
6.665717955632370906e-01 6.523729871322896390e-01 5.533951878226526233e-01
5.944486763907141924e-01 5.820719975366905885e-01 5.230617259638145056e-01
6.005073361149894096e-01 5.843996843960330700e-01 5.154179841114102656e-01
5.948574086430795660e-01 5.788325078004431523e-01 5.300902566990838283e-01
5.992970083726385511e-01 5.867729128698149221e-01 5.281848565963965791e-01
6.319403635431178889e-01 5.712804884276017070e-01 5.341967634837885281e-01
6.002829870637308440e-01 6.193458565301014351e-01 5.892187500000000133e-01
5.833276645876604993e-01 5.997027849793540311e-01 6.597096500231529603e-01
6.773115487111035504e-01 6.582930499730716978e-01 5.432578692903904383e-01
5.704233524335426964e-01 6.087895756546845005e-01 6.746923047888802039e-01
5.675543770655963050e-01 5.854503109315980502e-01 6.837946112826831513e-01
6.809162308969710642e-01 6.666609075267164730e-01 5.395633703790384539e-01
5.858352083470252936e-01 5.694355998677184116e-01 5.671757877451631957e-01
5.812405208565876169e-01 5.679138270189750815e-01 5.714494053195049439e-01
5.803691665352349593e-01 5.649292299890164015e-01 5.779496607985762369e-01
6.377766038094297985e-01 5.775832722834937094e-01 5.267051198498349240e-01
6.443616701101669841e-01 5.825030085521863965e-01 5.307615224454289571e-01
5.923361104219740936e-01 5.776778720154494007e-01 5.800824212584959616e-01
5.860505436954859260e-01 5.723909533886961665e-01 5.902387818183787438e-01
5.999055660340953944e-01 5.872973853443863579e-01 5.766075831477363023e-01
6.074833756669739682e-01 5.938537674210889739e-01 5.641691528111880682e-01
7.003618909201829723e-01 6.567784146304795900e-01 5.302251656179888251e-01
6.900454383676756231e-01 6.499613372614017059e-01 5.471972824356390319e-01
6.827637353111947194e-01 6.444765054605396948e-01 5.555275496634397570e-01
6.163137371454529001e-01 6.256253134079410305e-01 5.712890625000004441e-01
6.099076395764653213e-01 6.217444212883579402e-01 5.752734375000005951e-01
6.078299352848909320e-01 6.213044382052068659e-01 5.766015625000002753e-01
6.080361866510851643e-01 6.206784626975230257e-01 5.805859375000004263e-01
5.914564444379262209e-01 6.148253311209356253e-01 6.031640624999999867e-01
5.905915714627502089e-01 6.135615379517261880e-01 6.044921875000002220e-01
5.894491073446329610e-01 6.125497870036189507e-01 6.058203125000002354e-01
5.879146834886769257e-01 6.117096388740936863e-01 6.071484375000004707e-01
6.182638070261133878e-01 6.187809675798257025e-01 6.109850139379050527e-01
6.247803151120987497e-01 6.266065798593946079e-01 6.027960020527041163e-01
6.150631270534119288e-01 6.159856526765737916e-01 6.176745204613194318e-01
6.214130562274676750e-01 6.243751367814586173e-01 6.114207100367344827e-01
6.200370162622909076e-01 5.593675473634960316e-01 5.162315428359340874e-01
6.254003174035558388e-01 5.642578473444062048e-01 5.172364467517098774e-01
6.235373495061591331e-01 5.631429919386233829e-01 5.182631238075584568e-01
6.255117160513313790e-01 5.651657252727602110e-01 5.162681302250845539e-01
6.316829366335620088e-01 5.703830200656042626e-01 5.089608423603125820e-01
6.307816144159886784e-01 5.707440473344986831e-01 5.151842157432215963e-01
6.242075904935778796e-01 5.636189341878498071e-01 5.233181319502749895e-01
6.172952587935560675e-01 5.603778206609815182e-01 5.324893623271174103e-01
6.143277211114671621e-01 5.579831381979699634e-01 5.357780858516385525e-01
6.141500280430201020e-01 5.542709132822061235e-01 5.399006557436601961e-01
6.211945094208373153e-01 5.605875901154202534e-01 5.313294069102685313e-01
6.435237201040887589e-01 5.759940959743077293e-01 5.541637249343802640e-01
6.372713157825982133e-01 5.726129919831505211e-01 5.532543493820426539e-01
6.230436241159107436e-01 5.600801338773325755e-01 5.627622322614289629e-01
6.369099943725829993e-01 5.724336633448758871e-01 5.432370133237796050e-01
6.418790408783980883e-01 5.771640180063245529e-01 5.442397545710507822e-01
6.240042137463183147e-01 5.603038624892270336e-01 5.625433164507058770e-01
6.310186213230507546e-01 5.677713069301174587e-01 5.521758168092876229e-01
6.364930020040440173e-01 5.710209792606782964e-01 5.577224450271472955e-01
5.815693338953936697e-01 6.059733225528132206e-01 5.463518746231376122e-01
5.799023601837128838e-01 6.066160165961325124e-01 5.474030425533025213e-01
5.839901107886200649e-01 6.105305051785276937e-01 5.359087476177669673e-01
5.980246518963154845e-01 6.262972615810123989e-01 5.196678853781734331e-01
5.910162602248454355e-01 5.998037438090109141e-01 5.440795712932657846e-01
6.087492864919973323e-01 6.184789055252261081e-01 5.212603189358255840e-01
6.248585423972286002e-01 6.224966691942852570e-01 5.043299131435942106e-01
6.196501801260339004e-01 6.120454262112673405e-01 5.156971320643191081e-01
6.190475029885804670e-01 6.116442980249117145e-01 5.163983275353134506e-01
5.795751442938898990e-01 6.038213119509481253e-01 5.473804046106182097e-01
5.786382692696697694e-01 6.001752938870708043e-01 5.453167815492132586e-01
5.961486272154534749e-01 5.910557123019943848e-01 4.581543030348203538e-01
5.440756227335009632e-01 5.596290702345673163e-01 5.093017265259427440e-01
5.403297096786342513e-01 5.532008111855462040e-01 5.182711442449711159e-01
5.390463080105238891e-01 5.547619165990403944e-01 5.162661747491623654e-01
5.391614970410688601e-01 5.554126055324135613e-01 5.212105502421974235e-01
5.459934022441532697e-01 5.625833849267176667e-01 5.004023899577781931e-01
5.516095591396970033e-01 5.668133036975394612e-01 4.905089048896011938e-01
5.369975752906708255e-01 5.535672414531436214e-01 5.176235899400567497e-01
5.431008914624264605e-01 5.592762690491441813e-01 5.130252944670798954e-01
5.452939560471170566e-01 5.584088006816754213e-01 5.033640197069146893e-01
5.475454364515647265e-01 5.619915281152149111e-01 5.045127242159663794e-01
5.436472479818930115e-01 5.589773241096103185e-01 5.079312701925832174e-01
5.482540415423164948e-01 5.646022156406067527e-01 5.004824060788399809e-01
5.955984021878909518e-01 6.039285635928290930e-01 4.528586097420748136e-01
5.966289989447399744e-01 5.815735388877779632e-01 4.671373638032031428e-01
5.923325266971349867e-01 5.738188234927965592e-01 4.707623454936859519e-01
5.697790607656554318e-01 5.466621167241573209e-01 5.045528811256830837e-01
5.715199254208604973e-01 5.482281853993757892e-01 5.042867644849886588e-01
5.697918861582911276e-01 5.456622183521940839e-01 5.065485749070830490e-01
5.615568098187060375e-01 5.358723478359164183e-01 5.146479860605016610e-01
6.833549110651542247e-01 7.170667170516645816e-01 4.943895562923659726e-01
6.761307943536515319e-01 6.880354700758715136e-01 5.186231418913034297e-01
5.858262758377944524e-01 5.910522219259383148e-01 5.069869869409460161e-01
5.832418154769005714e-01 5.922721655446481215e-01 5.097798374792875675e-01
5.783822354621378503e-01 5.782301803098006676e-01 5.241666084418962201e-01
5.779105824482733134e-01 5.626293449014332371e-01 5.294387632152454115e-01
5.521699119106863174e-01 5.638147692181154635e-01 5.490026870781872237e-01
5.543237623780031820e-01 5.652454280385244001e-01 5.466154656282334878e-01
5.792824611337206164e-01 5.738939827853583031e-01 5.280900419357497100e-01
5.855118744076985848e-01 5.804469228596188524e-01 5.170938453752332853e-01
6.495269594901195154e-01 6.552341657448336187e-01 5.139132085023884189e-01
6.481914487193685126e-01 6.462757983393304650e-01 5.190065465997638627e-01
5.756591839879735550e-01 5.679610258879125295e-01 5.078707564744908698e-01
5.712975301194807010e-01 5.585949737078679256e-01 5.150490218310221913e-01
5.451842432783566839e-01 5.515016539279284924e-01 5.463073683909863698e-01
5.383186842088835133e-01 5.486144086773939721e-01 5.480991924903869661e-01
5.731660088764036765e-01 5.761390098551990580e-01 5.050185934898767659e-01
5.709433204152422059e-01 5.718630991476185699e-01 5.097668809074951124e-01
5.746081671863743079e-01 5.808261523205625609e-01 5.512011912042623640e-01
5.644574934391776155e-01 5.728166960236168448e-01 5.585887693537925358e-01
5.817035391155591650e-01 5.820667432557985466e-01 5.462967795454645170e-01
5.836514815068600814e-01 5.727198084977475068e-01 5.439310171048550302e-01
5.787489043006049938e-01 5.643842587275187395e-01 5.535764673720041662e-01
5.582908484978821306e-01 5.686839352871905229e-01 5.015089407341691841e-01
5.841922560170769163e-01 5.851004419393233125e-01 4.743461060353083014e-01
5.869442813628802380e-01 5.712249532428553822e-01 4.795611241656887458e-01
5.373585073988792482e-01 5.447977545072189010e-01 5.448397606035066953e-01
5.744802933918827792e-01 5.749442032341948172e-01 4.952436435137447801e-01
5.349918340290183982e-01 5.519961155484524040e-01 5.778181931053425480e-01
5.695673826696018294e-01 5.805468772672007782e-01 5.104883784261352586e-01
5.336798437025213060e-01 5.413683173727317222e-01 5.811384036738368453e-01
5.500623096870019824e-01 5.583578491307454872e-01 5.449238888604207576e-01
5.596644247955138152e-01 5.605704582614358111e-01 5.384266754840398850e-01
5.674800049576010919e-01 5.880455828886089753e-01 5.333185906585309333e-01
5.731343394142125458e-01 5.853423745600649930e-01 5.268427799330500649e-01
5.733462618513198716e-01 5.580477920043253048e-01 5.516662469698646598e-01
5.799276355961131557e-01 5.605592619974349988e-01 5.411877603084913613e-01
6.000452709244786798e-01 5.879971369030382311e-01 5.296993583454924215e-01
5.726989761735835627e-01 5.914928480606223005e-01 5.565680942991558799e-01
5.801351364466483806e-01 5.953472329622836456e-01 5.473555163920512667e-01
5.912253810417316124e-01 5.804359466540931489e-01 5.454820489444105469e-01
6.024907684645181005e-01 5.902105023056192223e-01 5.300214490101108344e-01
5.121691917906650016e-01 5.899343258378899613e-01 6.451349932583064772e-01
5.680666743252280604e-01 5.908087888439779167e-01 5.774912185563384481e-01
5.541543643549785569e-01 5.750765093387023574e-01 6.309919270333516073e-01
5.072850241449782249e-01 5.757059291174529969e-01 6.922601333841700288e-01
5.584767223284841098e-01 5.702176337516261517e-01 4.973281676889763636e-01
5.841016378667321929e-01 5.732896217865793842e-01 4.999481947628152123e-01
5.685570210456661888e-01 5.819650118355257362e-01 5.080344860039074373e-01
5.692426477782852601e-01 5.797693289642898984e-01 5.180354869689525188e-01
5.599017823836121011e-01 5.645248368149098361e-01 5.487419252820276983e-01
5.738101592002292639e-01 5.820476129598823878e-01 5.260798115322777857e-01
5.920108449915403304e-01 5.975977938270644607e-01 5.381489245077040184e-01
5.692794639889133812e-01 5.808893337625964381e-01 5.635601618182539685e-01
5.860388619150307399e-01 6.114049641715059158e-01 5.432254402113314562e-01
5.482548461271058438e-01 5.931660175777454524e-01 6.189713856497577327e-01
5.388413199475673432e-01 5.862081151684492841e-01 6.394358031144352639e-01
5.607484440266971015e-01 5.770815005851160917e-01 4.811919328405996898e-01
5.409050362460408046e-01 5.544332387754967728e-01 5.185484538269765631e-01
5.812850562333110593e-01 5.794762059435796253e-01 4.930004459233045533e-01
5.838618912527586691e-01 5.810880901125287101e-01 4.950075820418706196e-01
5.704079213872521592e-01 5.610660923517505339e-01 5.358830485847808633e-01
5.884827069301250546e-01 5.773709333298995272e-01 5.267033212465566105e-01
5.941040146104445974e-01 5.680481327288414706e-01 4.723216602512591011e-01
5.258571046786668646e-01 5.358403922335587266e-01 5.684955142616620050e-01
5.212765304142130685e-01 5.321004429618279019e-01 5.804644866651109680e-01
5.776012209427304755e-01 5.516484020507204100e-01 4.886624633938292384e-01
5.809184101379454290e-01 5.558014082092833652e-01 4.933622142383237708e-01
5.734111867328466339e-01 5.518938410975904318e-01 5.016594388408434080e-01
5.705027079446445271e-01 5.502994268901181263e-01 5.096076817678842907e-01
5.759357717857603864e-01 5.532517276259665273e-01 5.009578913120183996e-01
5.902399503580166851e-01 5.712711951069433525e-01 4.808824116790941794e-01
5.793550616498214234e-01 5.626534522392117044e-01 4.974128094289317903e-01
6.760164533365147221e-01 6.436913394573279268e-01 5.030573812863725625e-01
5.677004197730347590e-01 5.850541944704084063e-01 6.203643987279010563e-01
5.704095015140249192e-01 5.846220018874821456e-01 6.183573302902743984e-01
5.612260433962084072e-01 5.714209825231604256e-01 6.398322737823586293e-01
5.639153938152978718e-01 5.727692834443371961e-01 6.402076347885532481e-01
5.816468058446250255e-01 5.786464328499461018e-01 6.222563563685731269e-01
5.759535031066540522e-01 5.714453624294004719e-01 6.216601479452648071e-01
6.130827816321187118e-01 5.887115914184060106e-01 5.830122268730454360e-01
6.287259129432971605e-01 6.033466511810169353e-01 5.611767538527309140e-01
5.794129410173869399e-01 5.747967509475501169e-01 6.049965070035501213e-01
5.897115867838371717e-01 5.870358284739912724e-01 5.855054336358638256e-01
5.862788916528326455e-01 5.772125336912927729e-01 5.818508845796492857e-01
5.478312562595831769e-01 5.275377420834825859e-01 6.042430287669741107e-01
5.488815094200024669e-01 5.358743974447175429e-01 5.784484314792072146e-01
5.859885677538549942e-01 5.468013545730727731e-01 5.288449417409581965e-01
5.600312444166386516e-01 5.360161212238433448e-01 5.625528232337603241e-01
5.894037172371829891e-01 5.663281615231459121e-01 5.228270398345825631e-01
5.865127225526783894e-01 5.596936465375251801e-01 5.229983558259720944e-01
5.889666687851231597e-01 5.625916414343690164e-01 5.178090703111315474e-01
5.896113108081940668e-01 5.632206540958361041e-01 5.160818595343410475e-01
6.388191928358746274e-01 6.592431669334253286e-01 5.931403243654868040e-01
7.300435267515656967e-01 7.129664362911556363e-01 5.207617766612133714e-01
7.103482278534044569e-01 6.874974460008822508e-01 5.453641106819514528e-01
5.868600924507559879e-01 6.190473241260791015e-01 6.773884710053827973e-01
5.883445503091724316e-01 6.190655653050607388e-01 6.758056322458627641e-01
5.969702176312047248e-01 6.286021338537487457e-01 6.612948164841347953e-01
5.979022586486983926e-01 6.294778884492053805e-01 6.599833285484441037e-01
5.965153956895516973e-01 6.257355412743199619e-01 6.596865998374633611e-01
6.037178497236486141e-01 6.333315682355560305e-01 6.509164985347029031e-01
6.051936667000432646e-01 6.344944052744514451e-01 6.491698207703172629e-01
6.022263189304735143e-01 6.304456844734486198e-01 6.535650101988107474e-01
6.208295565305532726e-01 6.414690422209852194e-01 6.277111739931846568e-01
6.183081725016666974e-01 6.385928398740400302e-01 6.305283238321830463e-01
5.658774418967676967e-01 5.751759850142977859e-01 6.094016815095014694e-01
5.956175476184399908e-01 5.601775159465807175e-01 5.687825440300728896e-01
6.029949515178164576e-01 5.630250845851356711e-01 5.612429956750277782e-01
6.308957206018519503e-01 5.843147796946267514e-01 5.180668024800485494e-01
5.744306597209279941e-01 5.547073725285738277e-01 5.992112584462425673e-01
5.674353014322501831e-01 5.484968882641269028e-01 5.975785490042537784e-01
5.706939083582953653e-01 5.481277968273150503e-01 5.932230881103812692e-01
5.744405792567250923e-01 5.520590286382791589e-01 5.791579328230350709e-01
5.861533603218158639e-01 5.507153624974508999e-01 5.785800857114941076e-01
6.552208797851568622e-01 6.502523157142334753e-01 5.534271754755148987e-01
6.008670942012286353e-01 6.216593113830917172e-01 6.187935691197540278e-01
6.037623257409528987e-01 6.199530211418594616e-01 6.208255433833005377e-01
6.227508229627956027e-01 6.231662201420794522e-01 5.858908425144092602e-01
7.194910891354564519e-01 6.833972948639337464e-01 5.070402086354718341e-01
7.112316372971720924e-01 6.770671349302144204e-01 5.123671624535425240e-01
5.679450232793255005e-01 5.598424550251130949e-01 5.539740897533242947e-01
5.554599597462345217e-01 5.373348648260637406e-01 5.875937455010321608e-01
6.135649897681656473e-01 5.735666911891045272e-01 5.168076029410111349e-01
5.717751539914195380e-01 5.571269812246816278e-01 6.104918898137182692e-01
5.724708266701100667e-01 5.567757359459016842e-01 6.080249791305650797e-01
6.130118114782546757e-01 5.767565433064227864e-01 5.669017701707516066e-01
6.216961517579616681e-01 5.778832494192116531e-01 5.509635290991802270e-01
5.952812405385335959e-01 5.714926517003943163e-01 5.767691807397571369e-01
6.212803857056957701e-01 5.894671556863250172e-01 5.557021579334856520e-01
7.171577966043973795e-01 6.789488712811917459e-01 4.896205720254204197e-01
6.052446958139783284e-01 6.171262755239009801e-01 6.002437001387781468e-01
7.235971054299172867e-01 6.782590755974885477e-01 4.909486939164187103e-01
6.192980057511212610e-01 6.452739418970605545e-01 6.138808116967663375e-01
7.693019329301384879e-01 7.397254150576997311e-01 4.790743820290392363e-01
5.785893426032556741e-01 5.562722922230338707e-01 5.472271540252018340e-01
5.684743037482619110e-01 5.447426815313132220e-01 5.794754618032738058e-01
5.795544742542568795e-01 5.515540474704107021e-01 5.557964151043017775e-01
5.994134348578936677e-01 5.686815575807293577e-01 5.726692567667127642e-01
5.907016931681423610e-01 5.657259073458655863e-01 5.758937955218861315e-01
6.152506767637264673e-01 5.862488637899803123e-01 5.742995661370102756e-01
7.251622490569157309e-01 6.903324996396191793e-01 4.904119072140683544e-01
6.085523254152704897e-01 6.011628370354885620e-01 6.103442707011086377e-01
6.405144742590461737e-01 6.264445041083686050e-01 5.725330529662775447e-01
5.899078023586352693e-01 6.117872629767732162e-01 5.759375000000002132e-01
5.892158708811999768e-01 5.828976047697823626e-01 6.136789137356536417e-01
5.940243415338154476e-01 6.138172960911233433e-01 5.732812500000002975e-01
5.883514389339101758e-01 6.100901887464974527e-01 5.785937500000004619e-01
6.056309411532720954e-01 5.816831762707908027e-01 5.944586657621889758e-01
6.216633546902197160e-01 5.986418302227980437e-01 5.750808723171054737e-01
6.114584563818761254e-01 6.121229673772393687e-01 6.090873516580431746e-01
6.065979571695373496e-01 6.099238586784840876e-01 6.140780326363960429e-01
5.995222520896129614e-01 5.549097169427517073e-01 5.275425867338444652e-01
5.827545704717977948e-01 6.076878839120274378e-01 5.878906250000000000e-01
6.163659153995296736e-01 5.714568584014625419e-01 5.353950634843557266e-01
6.109747666164344615e-01 5.653461719359427207e-01 5.455090677604865768e-01
5.642457745983998629e-01 5.973678791094130247e-01 6.117968750000002398e-01
5.906048671495295332e-01 5.466199730482761421e-01 5.294984421491979454e-01
5.913533452728799711e-01 5.473854839480095658e-01 5.373433859127254575e-01
6.074624889855655407e-01 5.632776312876827118e-01 5.259467672121390658e-01
6.059853005613800025e-01 5.610110549861428986e-01 5.300875496744117399e-01
5.445887846274127808e-01 5.582243449752777309e-01 6.134544066863331091e-01
5.686674396638932150e-01 5.772005297629529963e-01 5.818714738587208446e-01
6.262215944472011575e-01 6.054698941710926485e-01 5.269737979057871335e-01
5.535633600161190548e-01 5.688450168027385789e-01 5.778406051100760665e-01
5.220406397615947602e-01 5.208644692424587719e-01 5.743369866197471918e-01
5.178888864323238916e-01 5.162526720254986268e-01 5.851391816893553033e-01
5.224243033492063093e-01 5.239137436915696222e-01 5.732486488125521085e-01
5.195057260809043953e-01 5.214018901923441751e-01 5.709273129988130524e-01
5.596081341891381289e-01 5.541310298156063574e-01 5.252562476577079531e-01
5.553790459958114489e-01 5.303211893095082230e-01 5.354641069650287744e-01
5.502732799075855663e-01 5.185527701085118624e-01 5.445149917086455904e-01
5.527835971543927363e-01 5.186511459267215685e-01 5.412317487603556243e-01
7.157969335030168745e-01 7.157381082126382799e-01 4.929701724453681710e-01
7.231251156367876076e-01 7.142105937788850722e-01 4.926067139354281532e-01
5.562073302484303872e-01 5.433706796592732147e-01 5.789265151856463065e-01
5.589916559615238922e-01 5.397509343568229756e-01 5.798907926628266152e-01
5.319473989079936960e-01 5.340189323083590622e-01 5.759827554196174093e-01
5.548889638777152467e-01 5.527644597632315193e-01 5.401393308974777874e-01
5.913929586723107867e-01 5.661513747100460625e-01 5.032224369807796194e-01
6.039632050864059964e-01 5.747327723566270086e-01 5.438402061531993903e-01
5.926538933250793395e-01 6.091961018270315442e-01 5.703718139909178531e-01
5.552514273810535972e-01 5.523962534475032049e-01 5.345928729508606647e-01
5.802584574626898917e-01 5.624319896506202454e-01 5.065544850985587155e-01
5.383949239765885020e-01 5.436515549557254801e-01 5.923439500928309176e-01
5.497879586551535080e-01 5.558762680562379099e-01 5.512366375392884210e-01
5.880194634246073138e-01 5.646186010508528197e-01 5.501324527247812846e-01
6.073315633951503756e-01 5.800050255730765381e-01 5.407788327692738539e-01
5.836471451195386351e-01 5.954273744425875314e-01 5.613114624985480194e-01
5.292073064737489174e-01 6.174864203150105535e-01 6.485786158863690032e-01
5.170235633285109600e-01 6.002160342812168370e-01 6.846276947501257482e-01
5.634049615903571340e-01 5.975478430288867493e-01 6.233109988474403451e-01
6.201163934335156558e-01 6.167544723978584109e-01 5.676777795989726982e-01
5.425144404553099431e-01 5.455692085512668932e-01 5.427617740230407106e-01
5.535024738053405668e-01 5.940124384383024259e-01 5.851759206402628033e-01
5.307473732316680959e-01 6.090233727265640384e-01 6.249777995215840543e-01
5.356010043052046310e-01 6.119829723328849003e-01 6.263534498244501814e-01
5.304544428749603524e-01 5.956633010503126213e-01 6.641808684958324660e-01
5.299578443880936796e-01 5.933368278490847025e-01 6.744828210277775682e-01
5.381971854843504710e-01 5.398172495893576173e-01 5.750688359280984319e-01
5.324597806098250175e-01 5.343614821968299955e-01 5.850619782606772956e-01
5.716999734293608526e-01 5.433360926172892125e-01 5.368178130170290219e-01
5.864647996710321554e-01 5.571519164560936321e-01 5.272655206125377303e-01
5.338616234932845872e-01 5.805978769243999027e-01 6.123851984765613654e-01
5.704038318731421420e-01 6.021921435464204775e-01 5.612587883175740311e-01
5.666887435779125459e-01 5.315157187507221215e-01 5.270865009363063791e-01
5.860586488441370534e-01 5.499546966675111781e-01 4.959920449240611262e-01
5.627991355934718332e-01 5.890388640669015352e-01 6.443772804869738469e-01
5.676414798034637998e-01 5.746531926585268790e-01 6.435810514112894065e-01
5.733022734015742472e-01 5.689266045186052168e-01 6.412622493829654990e-01
5.958586540167342127e-01 5.904894361194894525e-01 5.948135954156648086e-01
6.360178355904112513e-01 6.060403076263499722e-01 5.624594827623453641e-01
6.055261345052911359e-01 5.964464468736776492e-01 5.721271108651196924e-01
5.662854606277009095e-01 5.455316909341920706e-01 5.748471926094630424e-01
5.798190930539467436e-01 5.601157969121220992e-01 5.329650687122582386e-01
5.663683426450364378e-01 5.376494285366243409e-01 5.726418969304831741e-01
6.141589219897943819e-01 5.830977544604596385e-01 4.997603971008943158e-01
6.108257412766502359e-01 6.447183508569205301e-01 6.523587724046687741e-01
6.123873716158577674e-01 6.406259656109262179e-01 6.516518555784842626e-01
6.218269553306370323e-01 6.469126798474669204e-01 6.363721181472192789e-01
6.601279390514551704e-01 6.657809394130269620e-01 5.905229033633939695e-01
7.457433595001866644e-01 7.016250615174784988e-01 4.915561341991482314e-01
6.115767396197959727e-01 5.794481968206768308e-01 5.708284088932733535e-01
6.058340516811221432e-01 6.211303317359656573e-01 5.706250000000000488e-01
5.783163971021351157e-01 5.575542797969076370e-01 5.562897349757578436e-01
6.314143578643446331e-01 5.758576786261322411e-01 5.200985732394711736e-01
5.938948863804194289e-01 6.135797961463123062e-01 5.865625000000000977e-01
6.110196276471744348e-01 5.555928553858614505e-01 5.233052269836999670e-01
6.135524817678267295e-01 5.601361988599172781e-01 5.230180646822845114e-01
6.436206847365256722e-01 5.829626778035326140e-01 5.280274644951239438e-01
5.715790692942710471e-01 6.066900300583280004e-01 6.082431649191867296e-01
5.820390132174499964e-01 6.013765896721315896e-01 5.964457280754044133e-01
5.754211691888541091e-01 5.886101798712505273e-01 6.087038931396161479e-01
5.859347734668596264e-01 5.836154440698890777e-01 5.984753664543804863e-01
5.866421379122942481e-01 5.856569283936629011e-01 5.980672635589667774e-01
5.974146680644394358e-01 6.009975783975337604e-01 5.542715671427105306e-01
5.929321756738253901e-01 5.892401160057996190e-01 5.547140039640130471e-01
5.695027412262999578e-01 5.548046566730467921e-01 5.711038914034360925e-01
5.633950622946631848e-01 5.473340383926094121e-01 5.576881479511961448e-01
5.866070912282270733e-01 5.595659867944776655e-01 5.237739784281696398e-01
5.940526652813228337e-01 6.347857600838102687e-01 6.551301189031261130e-01
6.144534811649742245e-01 6.512456360009016842e-01 6.204361643090328116e-01
6.157614422684645206e-01 6.510155109868080991e-01 6.199749528239297813e-01
6.288610014051567720e-01 6.511077222549015442e-01 6.096061593001964596e-01
6.520890638768859215e-01 6.665873500610246527e-01 5.814852691132277318e-01
6.411752230026849242e-01 6.482555468731174830e-01 5.572157496801374288e-01
7.102264886862648119e-01 6.749715410811203409e-01 5.104856186635572390e-01
6.137101255014016932e-01 6.466839844397693771e-01 5.870704455472945948e-01
5.556221165120683869e-01 5.942603588239244727e-01 6.237500000000000266e-01
5.898993074050413732e-01 5.537795029229504173e-01 5.975033649178543849e-01
6.242301937475910334e-01 6.115716997996931692e-01 5.748789167560756086e-01
6.687215197621597662e-01 6.740761605290315206e-01 5.464930154844723775e-01
5.889797014954678556e-01 5.802736615150058119e-01 5.178348905757103049e-01
5.608991727347725220e-01 5.468627064086529765e-01 6.159979092259788569e-01
5.773288198696677753e-01 6.048158628966655570e-01 5.865625000000000977e-01
5.982379599150244864e-01 5.451859815164452616e-01 5.674258181427751513e-01
6.126298914717452915e-01 5.634183600013049631e-01 5.511644544867323470e-01
5.970873729624790460e-01 5.477194298716280274e-01 5.318695537530306883e-01
5.827009574127673952e-01 5.355791268800920157e-01 5.504496665071089145e-01
6.041224306728486537e-01 5.503282327838578958e-01 5.618087287507770311e-01
5.715228191037098338e-01 6.041661430336024985e-01 5.839403791837063373e-01
5.811811136453614024e-01 5.670540664090403249e-01 5.945452504531699711e-01
5.333922507465830298e-01 5.282640855501308241e-01 5.708217969602776831e-01
5.457871916865926210e-01 5.429338279002081658e-01 5.430533174586438250e-01
5.553141679465800618e-01 5.153779943224441329e-01 5.524977345812915885e-01
5.514140564985787751e-01 5.499064836588805072e-01 5.896187604994241882e-01
5.813588304002922369e-01 5.830217158023509594e-01 5.390294211226034360e-01
5.498932882898582841e-01 6.223113512798843505e-01 6.496054746577933914e-01
5.469692158371375346e-01 5.475967385554774136e-01 5.795950952998639716e-01
5.821655865578416744e-01 5.688052059958521589e-01 5.198383763297975690e-01
5.865039847719935029e-01 5.638033349536097916e-01 5.766333094194706632e-01
5.324569817303582697e-01 6.170079799781833518e-01 6.597787153769663071e-01
5.431712075728548639e-01 5.438618154081968914e-01 5.810266968493934536e-01
5.470504065686671025e-01 5.477366116015119912e-01 5.516278866825350402e-01
5.470108982568712142e-01 5.950130368362824829e-01 5.947642360337186407e-01
5.445786499808162873e-01 5.956969364182338467e-01 6.088510642510380766e-01
5.775466754953486603e-01 5.797407354110721833e-01 5.875368039060863135e-01
5.521953079396532127e-01 5.497014580913540671e-01 5.716246720645751234e-01
6.309287047953809902e-01 5.965888564603635258e-01 5.219097464496006422e-01
6.358801820300560292e-01 6.052426006373512468e-01 5.220877924242716128e-01
5.700916172339539623e-01 6.030414503576690954e-01 5.685084380251094194e-01
5.861914696053548424e-01 5.439582393293631579e-01 5.626505719689953722e-01
5.735534564029124427e-01 5.314641396701433873e-01 5.372025316888198176e-01
5.747403974313497477e-01 5.321188215012807587e-01 5.375690660886235372e-01
5.341852936391231488e-01 5.801916539868106071e-01 6.199721204182406797e-01
5.431056890181027441e-01 5.814160641932140106e-01 6.073403154630296896e-01
6.369491206660914395e-01 6.205142512273592592e-01 5.057378163354121492e-01
5.207959197023694919e-01 5.226530731495426796e-01 5.658067688542814944e-01
5.467934828596531238e-01 5.473835759837610837e-01 5.266767590737208016e-01
5.817755957401272715e-01 5.598029226314444884e-01 4.878033712689225920e-01
5.561475196537987165e-01 5.318789141542820120e-01 5.267299760828686450e-01
5.690573071898646917e-01 6.308136833424559109e-01 6.327488296846299765e-01
5.246583595003179168e-01 5.563149444979476055e-01 5.976534766902238394e-01
5.679958825060689165e-01 5.643508312320345555e-01 5.445859204388955321e-01
5.890399581661390771e-01 5.802674304783540515e-01 5.276805097889524232e-01
5.342324709493394552e-01 6.096626610368475196e-01 6.556391006551047784e-01
5.297608233754839135e-01 5.415198583099807284e-01 5.814631155504029758e-01
5.664403391044623426e-01 5.693755270865481499e-01 5.122744450766593127e-01
5.234348399253708761e-01 5.709598691701915918e-01 6.324298163457470201e-01
5.183091235878577452e-01 6.080756300389660307e-01 6.628984858846808104e-01
5.345503740146620997e-01 5.406238044998710190e-01 5.459082809955371207e-01
5.468512545668579028e-01 5.523067669838934712e-01 5.488078654983102878e-01
5.870497084649674013e-01 5.623503744787622383e-01 5.411623056138042953e-01
5.277133798425109878e-01 5.343184996616521243e-01 5.770426250749731700e-01
5.250500682595200530e-01 5.728514113969764843e-01 6.125470435283083548e-01
5.962213508993936539e-01 5.686132652073074834e-01 5.288817619716826846e-01
5.732608073310844210e-01 5.914883208521525271e-01 6.349434671098829197e-01
6.198421936370258623e-01 5.895393788458792583e-01 4.925255848956550109e-01
7.094641668314481953e-01 7.055075123027683137e-01 5.434243426702711766e-01
6.065769903295963328e-01 6.453508968866717987e-01 6.600055554738422092e-01
6.065832483026686317e-01 6.102284459115794313e-01 6.270195823688535786e-01
5.847984199756535162e-01 6.046967048442419834e-01 6.593707821127853252e-01
5.888154657510293877e-01 5.712813807992470627e-01 5.607403633293156497e-01
5.700295591724272581e-01 5.899381072490837985e-01 6.246060696516103627e-01
5.923133300140621671e-01 5.741206339604518760e-01 5.795402215484722896e-01
5.911902095549927960e-01 5.608200841387357416e-01 5.244520657601929869e-01
6.100646950033232763e-01 6.386856315723998812e-01 6.492578136548068368e-01
6.265103306381114567e-01 6.464152215804764845e-01 6.312122301012941250e-01
6.156901612913638910e-01 6.262751832179939138e-01 6.093658648460906768e-01
5.643365961999901037e-01 5.872091193020968491e-01 6.259356295077674881e-01
5.722105673294834993e-01 5.853171544097182100e-01 6.126612697077403746e-01
5.682781491037881549e-01 5.692827199779084690e-01 6.329691477032787228e-01
6.085563086468045446e-01 6.484497425982201912e-01 6.386588195561886394e-01
6.079965200831547456e-01 6.439025926376503728e-01 6.365823605354747894e-01
6.200759076064995545e-01 6.546449162121062981e-01 6.200677927713161841e-01
6.200248703274099382e-01 6.464892518114815356e-01 6.244616350008646011e-01
6.360474828106369438e-01 6.586073366461095979e-01 6.036331950293513104e-01
6.303545119686472242e-01 5.829581930530934875e-01 5.367865407212121243e-01
5.592464981504998711e-01 5.451420399445801035e-01 6.010498359216404074e-01
5.583448599699480930e-01 5.937888161021133149e-01 6.131250000000000311e-01
6.090078348415279841e-01 5.612552153490441009e-01 5.242258039176325157e-01
5.763576396083471831e-01 6.077955791155018606e-01 5.931555272592385908e-01
5.801106847450240300e-01 6.020327855632444658e-01 5.884254635199280825e-01
5.993776391268572645e-01 6.457158910927315310e-01 6.357366846574444841e-01
6.177470391748411949e-01 6.606637427929695772e-01 6.062351027160360895e-01
6.130365321059723094e-01 5.704513946126820167e-01 5.495851421235942169e-01
5.674190021547288465e-01 5.654845927448555187e-01 5.668225819345835692e-01
5.494604064506403152e-01 5.905191114622163617e-01 6.131250000000000311e-01
5.987226958666774790e-01 5.550281050851023634e-01 5.332784458676625983e-01
5.999263583433258606e-01 5.544751195553744294e-01 5.424411273944064193e-01
6.090987384716921582e-01 6.442395731183002683e-01 6.125934515070339259e-01
5.486206197469024604e-01 5.431217669012351479e-01 5.889003017741121226e-01
5.736497357732218694e-01 5.613462185778094193e-01 5.516515202961962405e-01
5.511195714199784712e-01 5.486333833332996956e-01 5.814954857201433125e-01
5.451272032666609757e-01 6.097163002432683943e-01 6.457597570373870832e-01
5.800944178272993135e-01 5.662747458025280123e-01 5.234005264104912847e-01
5.918314518569016691e-01 5.703497398473522662e-01 5.280001236553566457e-01
6.059189011845977912e-01 5.632854603226586931e-01 5.443754417292894221e-01
5.751331093240922288e-01 5.320294035766044427e-01 5.436224524698028970e-01
5.418711449891783216e-01 5.591304209878511511e-01 6.076382133706655919e-01
5.803434672126264182e-01 5.620699722406291565e-01 5.598755641165947816e-01
5.421470857244035102e-01 6.086096443648681964e-01 6.349760192060504016e-01
5.852606000552903476e-01 5.457288890719214081e-01 5.658728592260670043e-01
5.712304228221980473e-01 5.303309531813076294e-01 5.377208339516670321e-01
5.429641811186314282e-01 5.556064686883622761e-01 5.530500890631593336e-01
5.765412881078942897e-01 5.793913699912188742e-01 4.871431437938660292e-01
5.814372129405456224e-01 5.568283041491464136e-01 4.915905795275801182e-01
6.000905848161848244e-01 6.690090660122014476e-01 5.952128779382924728e-01
5.971831614069190719e-01 5.718842400389998470e-01 5.158293754862801617e-01
5.653420358939477142e-01 6.115842651414433728e-01 5.473682585718003812e-01
5.638644575308270346e-01 5.764809357181638338e-01 5.076493615045205576e-01
5.551975974489892218e-01 5.882123959436241778e-01 5.749930657740708329e-01
5.891905056892972059e-01 5.777793564188468123e-01 5.509071316560553155e-01
5.518742723468749167e-01 6.293323996226182215e-01 6.042116277916433909e-01
5.727568416423521880e-01 6.159459865063774409e-01 5.374353634045813122e-01
5.724864223328769430e-01 5.841559504710166495e-01 5.486161388219693569e-01
5.714271058425250960e-01 5.815727317341482516e-01 5.767831182109286470e-01
5.822596681405949326e-01 6.028166750809392793e-01 5.787755739190573179e-01
7.723690825408452421e-01 7.592068903579863859e-01 4.416918069419198956e-01
5.982275434555553995e-01 5.675077030362030150e-01 4.737073963269379240e-01
5.785232973160182590e-01 5.528572488325111944e-01 5.074855009169341180e-01
6.007037078475385705e-01 5.730997902300748459e-01 5.178888699574873966e-01
5.289274359315701002e-01 5.392527160072279058e-01 5.749128420905690318e-01
5.690799430932435010e-01 5.742150821590332743e-01 4.907708503859440352e-01
5.749360999798371896e-01 5.528331353331127351e-01 4.935055891423696384e-01
5.640893188048601292e-01 6.341852487236870894e-01 6.342198084450781925e-01
5.705116323207508611e-01 5.504652022299190151e-01 5.457486345062562139e-01
5.419612744639253910e-01 5.829612635319881830e-01 5.904373645545305527e-01
5.230991294601348152e-01 5.338299339705238067e-01 5.624000785992955276e-01
5.233871189433680904e-01 5.945075973302854644e-01 6.525454488787080232e-01
5.188729791412650671e-01 5.305160344399360017e-01 5.823827337317625252e-01
5.765048758678625873e-01 5.499203377198268461e-01 4.964960999322811652e-01
5.617626235393912149e-01 5.414251835222254616e-01 5.187793052488978152e-01
5.750556040771770405e-01 5.527843612128964246e-01 5.433937278947427174e-01
5.937513830063070319e-01 5.737540248659019904e-01 5.621347841039477933e-01
5.880196880796269010e-01 6.123757450396261071e-01 6.025000000000000355e-01
5.734053556210392255e-01 5.778787347003021546e-01 6.135522419699879215e-01
6.370200115835646937e-01 6.072106634932376013e-01 5.220227650429564159e-01
5.840333518594653661e-01 5.692389277378697710e-01 5.751934690449574950e-01
6.341917119815376758e-01 5.749787557198999810e-01 5.578188064932216861e-01
6.200508156794504178e-01 5.623303492261522152e-01 5.148207967865681134e-01
6.421976141677735450e-01 5.829590657942105292e-01 5.182396447995634148e-01
5.826579354194524329e-01 5.710165060027959649e-01 6.312238423151510514e-01
7.098712742569275314e-01 6.728483455333467145e-01 5.611932357693774076e-01
5.753911473384030195e-01 5.588876448575924583e-01 5.865250015825925756e-01
6.071526773364466223e-01 5.509375727769142417e-01 5.294570504648563603e-01
6.200332318759801398e-01 5.645825193323839031e-01 5.358979868660705970e-01
5.754322716682480632e-01 5.786994881520886036e-01 6.303834098672052022e-01
6.138934147143888520e-01 6.372667735344101914e-01 6.461072616852083783e-01
5.940203001047538178e-01 6.128724043601403437e-01 5.812500000000000444e-01
5.700971323024961457e-01 6.011371786840331577e-01 6.237500000000000266e-01
5.895505188069107838e-01 5.387839225237703866e-01 5.437983608858287798e-01
6.106093132147055735e-01 5.597827258667431582e-01 5.354826652758781780e-01
6.291302686050391779e-01 5.746622018511422514e-01 5.419704464547951961e-01
6.446979488856784402e-01 5.967615414227741555e-01 5.439341179780909918e-01
5.701980901454651862e-01 5.994545993871179812e-01 6.213559489860586149e-01
5.672464596450396135e-01 5.734874502067528468e-01 6.360567108437007455e-01
6.073810427380726962e-01 6.323208560988520244e-01 6.509861005570216630e-01
5.647214569449457988e-01 5.983593047643585017e-01 6.237500000000000266e-01
6.060492407352454647e-01 5.582796417172180004e-01 5.591169417647648965e-01
6.437063249064602921e-01 6.021844819535046023e-01 5.385853567938599928e-01
6.082681991419304213e-01 6.413323628498841522e-01 6.440029659725862166e-01
6.183680819291677011e-01 6.415595351613745390e-01 6.281778632226698855e-01
6.317746032788549293e-01 5.823966203459799429e-01 5.296176269091023014e-01
6.118237844569485162e-01 6.479867902020494119e-01 6.272986806623725986e-01
6.251456458444369924e-01 6.508572243761480136e-01 6.147429992571874502e-01
6.082734262691749105e-01 5.580552487737686640e-01 5.561605394339206310e-01
5.688226603137751525e-01 6.002312087796087825e-01 5.918750000000000400e-01
5.979783046282315384e-01 5.504561451839250497e-01 5.641997579243615002e-01
6.092589172428373168e-01 5.692683133001514850e-01 5.116474970380667786e-01
5.643155661577692328e-01 5.986230737076289055e-01 5.918750000000000400e-01
6.099760224966951361e-01 5.675177424421086192e-01 5.388312189242214778e-01
6.629086405092298184e-01 6.409889992236661449e-01 5.763956474163373089e-01
6.907773456974865001e-01 6.871088375497629297e-01 5.347487469514606850e-01
5.809322184913494613e-01 5.853167102103816744e-01 5.269428455587447102e-01
6.120245057946532841e-01 5.863628400440894506e-01 5.140404800519672301e-01
5.908631132709428746e-01 5.804452599049632067e-01 5.089036576461011263e-01
5.913147894188494069e-01 5.726927387006822689e-01 5.696750928500862177e-01
5.577013858501903565e-01 5.680459147300812583e-01 6.066045470876086920e-01
5.780677833241744112e-01 5.828892545022705818e-01 5.793548827327713591e-01
5.481260538890819767e-01 5.487001261612645120e-01 5.963356478045565012e-01
5.587352855776176463e-01 5.931509903876300838e-01 5.826171116096107161e-01
5.739167405222211915e-01 5.416158844247337401e-01 5.219312301584804192e-01
5.782780954723768518e-01 5.450065995456017109e-01 5.401261426950153544e-01
5.696920444514158577e-01 5.794862361844654863e-01 5.483053905166593855e-01
5.805509178203934750e-01 5.560818604342862015e-01 5.150498699315745332e-01
6.223907804470019123e-01 5.950486907603176334e-01 5.077129233451546098e-01
5.910383407193002814e-01 5.645550289233169927e-01 4.907547068492996156e-01
6.513352111775010389e-01 6.311859123880162459e-01 5.079439861740967510e-01
5.571909834462321909e-01 5.676592110514699918e-01 5.598360695973275680e-01
5.933067993781633298e-01 5.734608292663375684e-01 4.941287347965739318e-01
6.296655386853102776e-01 6.055538369115425201e-01 5.006702142059379357e-01
6.086525288300931313e-01 6.472326817022456824e-01 5.780887280492892355e-01
5.938685023909263672e-01 5.715203667474046956e-01 4.819992648005040348e-01
6.422757056324670533e-01 6.243749378285101681e-01 5.130114302126375092e-01
5.815214040641079052e-01 6.556820592530346881e-01 6.106506104176007144e-01
5.286760345007532891e-01 5.362797803623583492e-01 6.016210378839993433e-01
5.808003404972630346e-01 5.631346589323563689e-01 5.062888121059109237e-01
5.810764945696101913e-01 5.604647147351756731e-01 5.003043151138605316e-01
5.235185258714827317e-01 5.317521093988737402e-01 6.075782648030191302e-01
5.717484697552244199e-01 5.569640505480552006e-01 5.114196649329854072e-01
5.773695598896523284e-01 5.572919986919172564e-01 4.940560529560436565e-01
6.488969936316175691e-01 5.802298122249816004e-01 5.419425688475681957e-01
6.051603948722577009e-01 6.192213489173421515e-01 5.812500000000000444e-01
6.553397409407981655e-01 5.899643223977393269e-01 5.224665793726591678e-01
5.641958669891319333e-01 5.787762387077096671e-01 6.471905762774282644e-01
6.402504902274057663e-01 6.535145024687459836e-01 6.190721434393704481e-01
5.656424023776361887e-01 5.803858663807672791e-01 6.395344574049828257e-01
6.314132163008996379e-01 6.456891747437626394e-01 6.268407731508454095e-01
6.484731535170041861e-01 5.855032722533916045e-01 5.206519777773497282e-01
5.981872000601061723e-01 6.151561814919783711e-01 5.812500000000000444e-01
5.646000609439986162e-01 5.797917872582276644e-01 6.409388988941513432e-01
6.268327686713802693e-01 6.404703720174578230e-01 6.335100150185188905e-01
5.739287652066884515e-01 5.554016654083289151e-01 6.025630019858534414e-01
5.977570544735064662e-01 5.476034953891514290e-01 5.466526974146649343e-01
6.289510373692234202e-01 5.766641754542995990e-01 5.545648228070910735e-01
5.700481762395982477e-01 5.520604772743797906e-01 6.106466341783417517e-01
6.056357056083523371e-01 5.574891218996165243e-01 5.282715995754678762e-01
6.291170288272718292e-01 5.802201612203692349e-01 5.499322090195363222e-01
5.685049661712012758e-01 5.860911526684329242e-01 6.268233537861224169e-01
5.681464171552484954e-01 5.507703316523033799e-01 6.042047585070620119e-01
5.999449571245042412e-01 5.549830888051161537e-01 5.316830782932261412e-01
6.243215715806240684e-01 5.773920776802708987e-01 5.490419075649239922e-01
5.657405830773893918e-01 5.843443979755691409e-01 6.285815492287298856e-01
5.890941314314664945e-01 5.800902164018010287e-01 5.890248616441827734e-01
5.718246184631096130e-01 5.512413517079505221e-01 5.460999363679398533e-01
6.117211030683358253e-01 6.277306157151333332e-01 6.465891079831840305e-01
5.617713524978927842e-01 5.441225475971263048e-01 6.150283949538964956e-01
6.304984703882937636e-01 5.858871237393020737e-01 5.394983956604347819e-01
5.637651692795296876e-01 5.980457898047819576e-01 6.025000000000000355e-01
6.059535881273377944e-01 5.618641848132361893e-01 5.294621577411918745e-01
6.289080519714401740e-01 5.836463823040244359e-01 5.397500097990342027e-01
6.056150456820513783e-01 6.117089496823114869e-01 5.643675777259197224e-01
6.234533431496620537e-01 6.004211960292713535e-01 5.464886088393307029e-01
5.428639607579195392e-01 5.832942022539009397e-01 6.047507413495524231e-01
5.764266091983669682e-01 5.428127703655315495e-01 5.343945008650238249e-01
5.985136761576580477e-01 5.633286078309005518e-01 5.516562533291670123e-01
5.693660162097524680e-01 5.763678897952762004e-01 5.765583837257499678e-01
5.676655146036275745e-01 5.755942820624490031e-01 5.723286245331128397e-01
5.744330691428194413e-01 5.832668811830119537e-01 5.633693700637303348e-01
5.653680803661620402e-01 5.742800884172638565e-01 5.720843532038546453e-01
6.212529936468643710e-01 5.626116658754796163e-01 5.374228422382575365e-01
6.253828981017167665e-01 5.689176764039507450e-01 5.231171488154737759e-01
5.980468162774988938e-01 6.282695859232881874e-01 6.745077283123621648e-01
5.965564639627196630e-01 6.261800942264578174e-01 6.765963485379211662e-01
5.952069207436546661e-01 6.249414270165338792e-01 6.778965649659490778e-01
6.251173141955724821e-01 5.706199892841800070e-01 5.211797747441385686e-01
5.946926490602222337e-01 6.250173870762463224e-01 6.780807340728922661e-01
6.289506586029591784e-01 5.746004566811072634e-01 5.084273130380784211e-01
5.938092204513054639e-01 6.248998129232814502e-01 6.781599872546064667e-01
5.964567460979299796e-01 6.278387238584739460e-01 6.738292178312804692e-01
5.744336909452048001e-01 5.228673606107282490e-01 5.575299914923663724e-01
5.794665663870222083e-01 6.066674451136452317e-01 6.025000000000000355e-01
5.724666960629278822e-01 5.226486637931354595e-01 5.573925967141816207e-01
5.782723497872191976e-01 6.060870564211405798e-01 6.025000000000000355e-01
5.704861037461037565e-01 5.220638380253727062e-01 5.575273874205188829e-01
5.770146297992124751e-01 6.054202133845888456e-01 6.025000000000000355e-01
5.684335823508994689e-01 5.212406404869803778e-01 5.581598138602701376e-01
5.740310792560686659e-01 6.037484326805910850e-01 6.025000000000000355e-01
5.873500281205402684e-01 6.183188570049962252e-01 6.820802475533659370e-01
5.834493640910404233e-01 6.154191428753601478e-01 6.854251804629210021e-01
5.735192112497865535e-01 5.653497434672107858e-01 5.516313734833885318e-01
5.774880924230960666e-01 5.837209112989851789e-01 6.007637579157765195e-01
5.607294931054851439e-01 5.489610817333704373e-01 5.390500141025318381e-01
6.500082070722419392e-01 6.630065363889029451e-01 5.749372905256405764e-01
5.851199853786862581e-01 5.454206344476750790e-01 5.552717764263603861e-01
5.767215781969220467e-01 5.397223240917439213e-01 5.606778972182026033e-01
5.370308443931391951e-01 5.943786121732720362e-01 6.165621454138366930e-01
5.744475798944602696e-01 5.477666647545719192e-01 5.078559632317179995e-01
5.994343857921535790e-01 6.424493266686984727e-01 6.036031678906952358e-01
6.586884062749985835e-01 6.409380167008310591e-01 5.258270461893178593e-01
6.201818755621024692e-01 5.642330010892541159e-01 5.477616386862556030e-01
6.159095405473705709e-01 5.616577602829903038e-01 5.498749765649885157e-01
6.079034314276281492e-01 5.533475189279194462e-01 5.615909936475728115e-01
6.093694015493937854e-01 5.562112313530094276e-01 5.570382776145045289e-01
6.089761030982456802e-01 5.563543550779680436e-01 5.566406704963738905e-01
6.026610784958209566e-01 5.517604792526780155e-01 5.611658678310269543e-01
6.018464190553297621e-01 5.510078487869116692e-01 5.626267302204733811e-01
6.135920001371240051e-01 5.630955064386732323e-01 5.478640674323451698e-01
6.546452445917897434e-01 6.217862509735108123e-01 5.183674934505051457e-01
5.900608325883669458e-01 6.122156295084741906e-01 5.600000000000000533e-01
5.820706197666295489e-01 5.634411432643756656e-01 6.059515008952055526e-01
5.814538517208379664e-01 5.620257557371000079e-01 6.074533475951884309e-01
6.518704152628466142e-01 6.333546789883400807e-01 4.925587048553292102e-01
5.763945006750946787e-01 6.514119840332439626e-01 6.254217489423062881e-01
6.474981765267362466e-01 6.288258150075438646e-01 4.961099205389054578e-01
5.915596839154051434e-01 5.396515668371744123e-01 5.235531834543472041e-01
6.043570155897557417e-01 5.522501271741162565e-01 5.031985140754483554e-01
7.323351154558822573e-01 7.184966893807047672e-01 4.925552048290882112e-01
7.301130050203545885e-01 7.162225371876740354e-01 4.933604877059634131e-01
