5.625929254897789056e-01 5.857364232876564047e-01 6.075082494525818610e-01
5.582546438889417484e-01 5.802126515807044527e-01 6.129485691929275060e-01
5.488896871148526424e-01 5.649955101776485966e-01 6.294595075447150245e-01
5.443929557224779225e-01 5.557540851750450983e-01 6.410046767571816462e-01
5.431745960949433405e-01 5.543016916447430775e-01 6.418549973746769943e-01
5.758762374812324003e-01 5.871655628904859370e-01 5.952892235365129237e-01
5.726441481962187829e-01 5.833641274945581268e-01 5.967289908050693592e-01
5.718810850941127288e-01 5.822788631134542259e-01 6.007004153580008943e-01
5.708970186956937587e-01 5.808373297477803510e-01 5.983366972736995359e-01
5.617925665152710968e-01 5.693202982196154949e-01 6.132654174054301688e-01
5.692252646920479275e-01 5.777639434800636575e-01 6.063923978273956239e-01
5.688398391054027003e-01 5.776484814832036907e-01 6.025045229330616703e-01
5.681512943761375389e-01 5.767959801516366891e-01 6.030648675331437003e-01
5.695146158273202142e-01 5.784237103344144204e-01 6.021522297086107089e-01
5.728943220832818373e-01 5.820489798571192308e-01 5.978271425990798749e-01
5.726610026633494055e-01 5.815539755570945379e-01 5.985485297077145495e-01
5.696656509316495587e-01 5.779951043063067395e-01 6.025638019207311125e-01
5.692032038116983106e-01 5.749463039948731202e-01 6.030374173345747213e-01
5.651056684409064834e-01 5.696831647709030833e-01 6.105210652963278806e-01
5.697550479099232623e-01 5.840145830136344030e-01 5.528268123631310260e-01
5.648048641401859360e-01 5.728641964603037318e-01 5.665357626294678095e-01
5.525547924886443640e-01 5.486780363286936080e-01 5.902734789415846617e-01
5.520978455004292851e-01 5.504880125424356230e-01 5.884125117335518018e-01
5.468202678299406427e-01 5.415106893556476120e-01 5.955338761484056942e-01
5.472088032668923629e-01 5.407909040313485516e-01 5.967661516126429033e-01
5.467788197962138996e-01 5.378286621503867160e-01 5.993012614973475261e-01
5.474385316960986847e-01 5.381208305311511175e-01 5.983922999005398813e-01
5.445828550212440389e-01 5.348983583817600307e-01 6.018450019150827224e-01
5.386693253081200616e-01 5.286790076438423469e-01 6.089844653285364506e-01
5.510453153984099517e-01 5.416749916752535698e-01 5.886548466906946775e-01
5.505335788714604828e-01 5.409949466740263668e-01 5.887245501360958144e-01
5.514909122985328649e-01 5.408487425682885208e-01 5.838221919665332882e-01
5.548249481812925765e-01 5.449908329291612841e-01 5.827567363803484168e-01
5.559148694157522996e-01 5.468196295226636083e-01 5.796638215859329923e-01
5.555460222985433294e-01 5.468600932843654672e-01 5.785209185373638707e-01
5.525038278046685569e-01 5.417103401410313657e-01 5.797934621887039786e-01
5.387601439463995945e-01 5.287718915928230068e-01 6.082837859586243123e-01
5.451277847378955821e-01 5.349832453482172845e-01 6.005058656875855716e-01
6.093576184929819783e-01 6.530166989689577539e-01 6.227563798560786790e-01
6.056165964266749802e-01 6.468417671873355479e-01 6.258480864790887388e-01
6.074903371286874965e-01 6.457653353360973680e-01 6.212397796334321320e-01
5.964613444649270457e-01 6.296305070336081222e-01 6.443327120492035043e-01
6.010973104786984100e-01 6.304983573911893124e-01 6.402329414232261762e-01
6.258335180313868706e-01 6.566910314251140912e-01 6.045322778288709786e-01
6.265706910138102437e-01 6.589248465622291606e-01 6.019559133791861916e-01
6.178918148840619740e-01 6.510533811152697803e-01 6.139884016830488012e-01
6.173183175716732141e-01 6.466930693801703489e-01 6.133336242734298560e-01
6.238188248217710896e-01 6.551419070879731521e-01 6.029869709264631394e-01
6.234034669344046264e-01 6.536267823095689433e-01 6.068338430172356412e-01
6.249902925675004939e-01 6.562522216261711394e-01 6.037585837107593001e-01
6.331213421531345364e-01 6.642595350885553973e-01 5.927046337164152412e-01
5.547543822639254829e-01 5.898948562870413026e-01 5.696109528451595017e-01
5.506904548904649754e-01 5.786629609607829572e-01 5.795656706709364503e-01
5.379622453199104370e-01 5.541092086496083313e-01 6.005168201458147559e-01
5.419406391796242062e-01 5.551274857907593230e-01 5.999243679166091914e-01
5.408431682445392630e-01 5.517006180998713649e-01 6.040013656873661763e-01
5.431258832737474451e-01 5.539564239645318189e-01 6.001918934662733296e-01
5.911261966385364941e-01 6.302242169902179114e-01 6.015214433989845011e-01
5.964288068227331374e-01 6.197790608359217135e-01 6.024286977248289876e-01
6.021428299400201078e-01 6.245553443708238284e-01 5.918335491386239600e-01
6.118994883214916580e-01 6.374910976445911093e-01 5.796256634977630107e-01
5.762552127978141092e-01 5.925394242123620536e-01 6.119245603406709977e-01
5.632432288633467676e-01 5.731953689605902014e-01 5.714151233671953545e-01
5.582518123819895095e-01 5.948190686821372974e-01 5.606565558474028155e-01
5.708614537284357748e-01 5.829129372011927490e-01 5.629848194801190253e-01
5.621414431721920568e-01 5.694895425843600201e-01 6.052763983677780235e-01
5.677134498815600283e-01 6.067719691191334475e-01 5.780102285553768704e-01
5.465857823623021527e-01 5.640631268391181896e-01 6.177035700105385496e-01
5.629503238636462958e-01 5.963380913387812399e-01 5.839787115780137317e-01
5.613719809570699715e-01 5.884635808151126302e-01 5.853826486915051364e-01
5.543702731819324381e-01 5.705730666171917598e-01 6.068139781080562623e-01
5.605466696460370546e-01 5.685878616996440371e-01 6.020402529251843715e-01
6.020713043950467469e-01 6.196824613995726150e-01 6.078200627504717346e-01
6.144425577493972668e-01 6.575240204422050372e-01 6.070027869491800843e-01
6.233821098112689585e-01 6.487666002558024614e-01 5.978547661871556063e-01
5.568812836810409506e-01 5.672548391409443225e-01 5.727925786882355208e-01
5.485332612813826891e-01 5.587689190475038092e-01 5.961408183492129531e-01
5.434517970795941233e-01 5.661834949654291904e-01 6.115213279883532360e-01
5.651871530856540371e-01 5.751201443735319829e-01 5.935850621049651998e-01
5.595136550618140525e-01 5.887365287133159431e-01 5.862473161963668300e-01
5.762578767753749887e-01 6.076724452569755019e-01 5.745379091905730151e-01
5.518753678920561567e-01 5.647149100141373168e-01 6.275916224395639009e-01
5.936234676290591539e-01 6.179187230526335117e-01 6.397969554408899917e-01
5.940277976429644280e-01 6.218162928150686719e-01 6.440380425213636517e-01
6.016377466776128280e-01 6.367359293471380743e-01 6.278538076475503882e-01
5.521119170691890510e-01 5.886466023220215948e-01 5.860194896521776498e-01
5.612432031157728041e-01 5.986526202267997698e-01 5.768241275987199268e-01
5.581193272925779603e-01 5.579924779330857065e-01 5.777008879519407447e-01
5.531237123263232913e-01 5.437761245775702967e-01 5.750764311636706871e-01
5.299120508472140445e-01 5.407883523980689944e-01 6.153930519530458332e-01
5.317688351944501735e-01 5.431464371935958990e-01 6.139116933457771097e-01
5.498291850769631006e-01 5.636797175254850689e-01 6.028661972786933942e-01
5.456442692425153007e-01 5.580780031977174982e-01 6.192675309766597636e-01
5.393231697159427407e-01 5.514292907580422565e-01 6.304903378099449007e-01
5.669538345229961918e-01 5.781811186046356132e-01 5.608657801726703029e-01
5.354259479737704108e-01 5.828398243182426608e-01 6.234555683300039286e-01
5.389100804228419417e-01 5.289959312126838453e-01 6.083719961702819257e-01
5.450307401874444624e-01 5.351496023183849315e-01 6.012283223229500928e-01
5.805881673513663133e-01 5.860746851589903050e-01 6.266105026820661950e-01
6.023474674017523789e-01 5.935835858693355727e-01 6.032041114148979366e-01
5.977043224852777170e-01 5.932032358140472139e-01 6.102721052432766857e-01
5.980788268790730999e-01 5.932450492331245995e-01 6.092085085417477952e-01
5.982433759452392419e-01 5.939077341070811977e-01 6.084828342707722104e-01
5.960514297080712343e-01 5.906817607178039831e-01 6.136578338060152404e-01
5.956194927779941972e-01 5.895830151795564689e-01 6.134962770010101707e-01
6.014960248151541844e-01 5.969653660322229438e-01 6.014208448461457746e-01
5.980350250612025409e-01 5.931050639894652754e-01 6.093323707881138640e-01
5.957737648555028187e-01 5.894464269305651483e-01 6.137957177844006740e-01
5.864456065638469218e-01 5.773003761965633807e-01 6.262549437450317669e-01
5.985747150137844530e-01 5.712394827388255214e-01 5.819538409888119768e-01
5.972819860966436245e-01 5.676546979757065570e-01 5.851146127829847110e-01
5.932821365368255995e-01 5.616641010480852847e-01 5.903333850045997533e-01
6.100880656011968828e-01 5.789931339607863325e-01 5.565468595365343774e-01
6.077963680121826195e-01 5.774475062593722452e-01 5.567320727043155726e-01
6.150260380303927965e-01 5.864892763305420420e-01 5.438556123974449541e-01
5.931520639321817834e-01 5.618733928777126518e-01 5.886075728998361178e-01
6.332143500356183230e-01 6.455393306720964564e-01 6.474710992738491599e-01
6.349569558935540536e-01 6.432205099588655939e-01 6.456427823749694150e-01
6.821170510725924618e-01 6.853639704238208008e-01 5.922311222939710129e-01
6.944078773172940311e-01 6.990953058845907897e-01 5.754696471895903720e-01
6.832717081397493564e-01 6.847577552319726868e-01 5.911891650837601819e-01
5.707983780408367736e-01 5.858202750304074558e-01 5.852017401963820475e-01
5.694578854332389417e-01 5.750721113629970738e-01 5.998642298868787082e-01
5.788680728441067957e-01 5.718305785484967263e-01 5.978661405828178399e-01
6.021341446669337127e-01 5.950987637920780449e-01 5.558280130533035379e-01
6.134114676059619908e-01 6.076775277211370341e-01 5.339080800195206145e-01
6.302120875521265431e-01 6.266741225765866119e-01 6.114870004301135031e-01
6.526404834722514536e-01 6.517737876961696708e-01 5.867289491506422205e-01
5.919019996077845569e-01 5.759098771073992706e-01 5.659599888936255319e-01
5.620950100497706936e-01 5.825220102001353872e-01 6.168468900312018555e-01
5.833328548727301222e-01 5.977168681616060741e-01 5.867981298272597623e-01
5.748475672865080988e-01 5.801050659553873556e-01 6.080749912540264202e-01
6.030270762122476036e-01 5.987063847092790603e-01 5.744516850447731748e-01
6.270634776935077870e-01 6.462426795982748606e-01 6.276513082166834678e-01
6.412020943465842615e-01 6.529413580839636966e-01 6.151399833849122700e-01
6.010773095542428779e-01 5.922034976875600876e-01 5.751020267638432548e-01
5.627250000374363070e-01 5.572622329915968287e-01 6.470829820635888296e-01
5.932771253827613389e-01 6.022025332219590465e-01 5.882263461999972520e-01
5.912214487636047178e-01 5.825272406853277962e-01 6.116631451061836922e-01
6.140628619784727071e-01 6.233550791915482003e-01 6.400394859301209438e-01
6.389534090697784885e-01 6.543226122742881179e-01 6.295456703603004023e-01
5.716738455251159090e-01 5.906199943780822137e-01 6.100891664124470370e-01
5.924280778537600600e-01 5.813985734378087633e-01 6.204016483837793139e-01
5.825785562944627571e-01 5.767326001197349283e-01 6.097897060036280292e-01
5.703790411835900631e-01 6.006241181959448561e-01 6.310208899992590936e-01
5.928069903008672537e-01 5.621203582269373999e-01 5.886983819455058331e-01
6.141226004358970592e-01 6.742021508752121806e-01 6.197656249999998757e-01
5.411550772826695388e-01 5.901909740041212382e-01 5.884002662240900294e-01
5.226428444449803257e-01 5.609788537496404048e-01 6.221330585533858537e-01
5.206947608792715787e-01 5.425263148356771481e-01 6.348733086234538137e-01
5.361312177252213207e-01 5.689186437302734545e-01 6.041892450145877058e-01
5.397881262366711619e-01 5.739458899490306187e-01 5.990572072257416281e-01
5.296807483404006867e-01 5.569663042375387896e-01 6.186492043762609194e-01
5.366636692696882260e-01 5.645812196875632516e-01 6.055854083329009763e-01
5.387882336091039948e-01 5.668639238752850584e-01 6.035556338182838099e-01
5.382354684121752886e-01 5.644196725214475352e-01 6.045676458880258064e-01
5.382481485543995081e-01 5.648850050161275949e-01 6.036393521094963743e-01
5.361912981003880141e-01 5.623504825728227186e-01 6.100817338022724856e-01
5.300597848683901159e-01 5.561866922077927100e-01 6.148303054021462266e-01
5.536919857505914200e-01 5.808963864647603836e-01 5.861977952651146184e-01
5.466248861896046973e-01 5.724582640371382869e-01 5.945714573566737160e-01
5.360142165473341658e-01 5.595709357781336601e-01 6.106201890069136162e-01
5.543590162865410509e-01 5.794485535407557508e-01 5.828427799489207528e-01
5.575321906745938083e-01 5.838900154575510371e-01 5.751571019308205912e-01
5.588712535849537089e-01 5.864881381470332666e-01 5.740365614633593516e-01
5.615134623012754123e-01 5.896158078427228277e-01 5.711307831415216585e-01
5.611781978132337478e-01 5.860293573727864969e-01 5.713329358235161859e-01
5.279602242937795342e-01 5.296354748558049774e-01 5.743640308275089756e-01
5.222604419106666729e-01 5.259794029949037553e-01 6.034054173122298526e-01
5.257248304286870066e-01 5.302817043640293271e-01 5.974532728666767101e-01
5.223446038641520461e-01 5.255969327836813587e-01 5.977949866497526132e-01
5.193735066675744250e-01 5.212133227256450230e-01 6.034779650859528610e-01
5.196303329245434144e-01 5.208706872497594897e-01 6.040728674840947221e-01
5.235006900241888639e-01 5.250395469710122942e-01 5.989969413204943027e-01
5.206928049886732079e-01 5.202169790558461848e-01 6.033460282590642487e-01
5.233103336213618118e-01 5.231492062749558691e-01 5.995613447893081149e-01
5.235297638346072535e-01 5.234282304049896473e-01 5.988095808571778367e-01
5.211496520063348958e-01 5.207993483815430702e-01 6.014242389068248373e-01
5.222093292407731235e-01 5.200387658105267707e-01 6.038365711046526085e-01
5.223148311374439245e-01 5.204765674013129839e-01 6.026190064106606847e-01
5.200613618377097902e-01 5.172162577626379099e-01 6.067385710309389779e-01
5.148899689067415464e-01 5.102982607494754852e-01 6.154971242894116124e-01
5.229988551520721174e-01 5.213503186501960984e-01 5.975506527495986209e-01
5.725463920174289623e-01 6.463989491874148063e-01 6.226401773342442603e-01
5.665612299727644796e-01 6.251328190130068796e-01 6.430831076669039081e-01
5.606734944050322245e-01 6.151525415891575532e-01 6.514143417391782265e-01
5.716258728025006564e-01 6.271879126023989226e-01 6.326317031539429037e-01
5.691911735541632655e-01 6.230173985579754437e-01 6.375043781737792514e-01
5.724719374045628140e-01 6.271191958373092401e-01 6.279055086064702085e-01
5.677681852588724043e-01 6.200854140811370430e-01 6.398638059017965896e-01
5.730686960759965309e-01 6.213252150942005780e-01 6.326480723489070757e-01
5.757737608118561612e-01 6.211814009292855321e-01 6.300376358694383949e-01
5.712683388717850752e-01 6.146778992159671606e-01 6.407558607243307724e-01
5.735235116689871848e-01 6.145577124975931671e-01 6.376191334472938177e-01
5.713126419924181576e-01 6.111869076129102796e-01 6.441155143815379125e-01
5.820926089727072039e-01 6.224069334536380671e-01 6.313662621930246077e-01
6.047688826996551192e-01 6.473486746104563094e-01 5.949983576380442063e-01
5.125829118543975271e-01 5.512847245907018801e-01 5.953638680713638776e-01
5.198120161464099276e-01 5.569144803985359715e-01 5.892467732491556420e-01
5.248875955366787416e-01 5.498387706616207904e-01 5.878016712722964332e-01
5.441665656601388790e-01 5.704148761648827337e-01 5.468166284618477535e-01
5.421273614692361242e-01 5.656498721625015103e-01 5.554114932471008181e-01
5.161630359458402317e-01 5.447253411264312284e-01 5.944684326521765261e-01
5.475037778955325063e-01 5.733242621013275864e-01 5.470725186292054731e-01
5.493842862395081905e-01 5.752666063196035795e-01 5.341103057046898694e-01
5.794091294131124004e-01 6.125080915431376782e-01 5.853033357781215473e-01
5.418698028359386631e-01 5.896545173109339899e-01 6.301812947595654135e-01
5.576014471176178322e-01 6.074314519811274682e-01 6.079205474951775434e-01
5.602632706803376550e-01 6.092905369328769360e-01 6.053070303079641779e-01
5.623931874737136960e-01 6.008843599520793388e-01 6.056216694563988368e-01
5.214267488071263612e-01 5.474544302910206994e-01 5.870738891334473797e-01
5.296179267328648965e-01 5.467666906541649441e-01 5.599050205313581552e-01
5.367369637155482431e-01 5.559671528719020150e-01 5.424640422044239019e-01
5.312813903330894094e-01 5.718373722333341957e-01 5.801029302372733287e-01
5.521002223898360262e-01 5.755765662737772903e-01 5.552734559657991342e-01
5.338301430183572949e-01 5.569359306971165546e-01 5.836983620524675009e-01
5.522612424049769819e-01 5.764920767504382315e-01 5.554696187788814576e-01
5.610087815287939650e-01 5.863461091341983789e-01 5.954906816661533764e-01
5.530073830012764979e-01 5.964259910842926171e-01 5.962457954592109699e-01
5.811229035210156990e-01 6.159566408697132456e-01 6.090171325924539358e-01
6.048875696181090778e-01 6.430310593158394816e-01 5.711761301226969678e-01
5.331707925448139207e-01 5.707027386393518364e-01 5.711854015793980111e-01
5.502316818629050532e-01 5.744446851984392755e-01 5.500617397161166044e-01
5.609723831171702368e-01 5.871892601834637349e-01 5.382864433653311576e-01
5.373843415980460447e-01 5.717639285086520973e-01 5.893965824143471144e-01
5.587999861373488253e-01 5.826107532431372693e-01 5.605139092819486635e-01
5.510256177937293831e-01 5.822086052651821442e-01 5.718505598789392907e-01
5.524643614126254487e-01 5.788781346203077938e-01 5.764337078080754573e-01
5.420385326136988313e-01 5.664779363914349553e-01 5.933772784969506553e-01
5.325438424085021660e-01 6.087006544908288852e-01 5.969868643013414022e-01
5.587738984990794355e-01 5.897163954569233368e-01 6.543710125130921540e-01
5.441170548105294102e-01 5.693395033646564407e-01 5.552805444691157888e-01
5.328993484062596320e-01 5.533106052637586370e-01 5.872368442448503423e-01
5.263913156414448125e-01 5.824819225767838837e-01 5.945318166240523006e-01
5.404537992466612595e-01 5.695692854401960270e-01 5.840718218229651315e-01
5.673185707854152549e-01 5.880303542068235911e-01 5.459570191636579084e-01
5.575356683894177046e-01 5.812812218979273027e-01 5.643134350694010148e-01
5.437721565631199461e-01 5.688580664852850299e-01 5.979749204017396069e-01
5.424697193840192222e-01 5.882133714442938643e-01 5.937745244170220538e-01
5.708102949301570028e-01 6.191799706895533273e-01 6.307046671593004028e-01
5.151583384073793459e-01 5.850554004519544771e-01 6.021548713187296897e-01
5.292844701470539315e-01 5.542227316718768559e-01 6.230051338066870947e-01
5.310538638770960773e-01 5.546311892343196437e-01 6.340467150314723632e-01
5.796556999243207553e-01 6.293859744835705872e-01 6.137134017920284901e-01
5.707854094262578837e-01 6.184192981491811736e-01 6.313290308438347376e-01
5.125079469336729643e-01 5.504188618453820236e-01 6.002734426933862277e-01
5.178247061738396884e-01 5.583956787631511043e-01 5.895770467096878020e-01
5.217458844155515862e-01 5.573004487209717306e-01 6.065229600974119117e-01
5.320668278993410105e-01 5.741010891746894940e-01 5.878476020839771277e-01
5.336920064288662724e-01 5.762504231285529022e-01 5.830806696906952746e-01
5.228662536332633337e-01 5.217994486312730329e-01 5.973430808383719537e-01
5.119516497180756076e-01 5.323292975167012164e-01 6.062365702367917830e-01
5.274735638216496714e-01 5.500947583926488749e-01 5.775518578687139915e-01
5.295743510572960000e-01 5.537470820093213231e-01 5.756526027051050987e-01
5.250346871243767310e-01 5.467930620954419840e-01 5.856415475980132346e-01
5.333851529986836093e-01 5.542213625983654079e-01 5.958434625661883643e-01
5.466927622439663459e-01 5.678962186607301454e-01 5.736977799620580631e-01
5.448494830253518550e-01 5.683718443601708525e-01 5.831092721214640173e-01
5.334566844560991727e-01 5.559930575329909974e-01 6.009811876546901077e-01
5.981630101988320014e-01 6.040414707171950504e-01 5.849762854218252262e-01
5.969245712700244066e-01 6.014002646140087505e-01 5.920727313847348183e-01
6.024612773961308676e-01 5.995194063569305731e-01 5.802086865180883235e-01
6.108313266606169023e-01 6.071593498456143712e-01 5.833675768110915261e-01
5.701919404118412915e-01 5.518397521868277922e-01 5.890880918423909707e-01
5.526643595864759728e-01 5.430627013800227720e-01 5.629303205721113423e-01
6.502214908844060615e-01 6.700679744617787925e-01 5.916963185357732025e-01
6.558138252703693549e-01 6.709336953500120160e-01 5.919519205612475687e-01
5.893623869593148656e-01 5.950710461423043274e-01 5.387716050026633008e-01
5.646713439773399790e-01 5.940983887028628008e-01 5.876836295349558981e-01
5.617551692604240143e-01 5.837985422430989058e-01 5.935678721352083409e-01
6.147685707296048907e-01 6.427398690182684060e-01 6.168973236783592551e-01
5.571139460379934683e-01 5.880286678150806745e-01 6.070407205158876440e-01
5.685614020943364766e-01 5.710673620209096857e-01 6.110217576162055853e-01
5.849349791941007570e-01 5.846273640069480360e-01 5.845352203330347329e-01
5.577288409640596134e-01 5.989601117409295572e-01 5.972136549231100711e-01
5.653986552567221713e-01 6.022640398032474973e-01 5.872277058179765641e-01
5.656385111232835605e-01 5.995095919180538635e-01 5.903682518671482526e-01
5.503187932163285945e-01 5.680952753308192715e-01 6.127768613711511714e-01
5.544683588821248676e-01 5.692411226627780430e-01 6.153823617208170615e-01
5.470905720719330123e-01 5.591059738446324534e-01 6.256153840154357049e-01
5.675363642160424771e-01 6.022802462832173021e-01 5.869906156120188179e-01
5.506937790013531897e-01 5.746902063301838615e-01 6.170562012261806561e-01
5.626989324237429146e-01 5.730190628455862356e-01 6.042234706605199568e-01
5.420928349544738012e-01 5.539531409408546825e-01 5.901237193079565957e-01
5.496222111939106370e-01 5.506020664465449688e-01 5.816410832898385452e-01
5.459277274975580241e-01 5.438545535510282969e-01 5.857012226893901774e-01
5.426921977870341474e-01 5.379400574448667260e-01 5.921766272995939717e-01
5.869133046548701271e-01 6.517350879443897238e-01 6.246465978342905512e-01
5.853944869665017592e-01 6.482597739356633637e-01 6.267824546670434094e-01
5.803588019797893960e-01 6.340204160807021427e-01 6.400100939754571616e-01
5.794312759935831281e-01 6.310705462379541109e-01 6.446886743452963087e-01
5.789818018873835737e-01 6.222766343017441804e-01 6.460676169087093967e-01
5.751154539754166350e-01 6.158683894434542339e-01 6.527438337256992185e-01
5.737088900029250205e-01 6.214119231391257436e-01 6.503885461384050215e-01
5.740796450405821760e-01 6.217450052516816372e-01 6.471672319675023655e-01
5.782847870238495558e-01 6.226821094073310414e-01 6.458584514525985698e-01
5.744814206419450731e-01 6.173318043771695018e-01 6.517886152638175945e-01
5.375527886234257036e-01 5.726885657542636343e-01 5.678058588819523411e-01
5.319815378643638626e-01 5.622463891248011825e-01 5.807547399389940690e-01
5.399688071872297268e-01 5.625618914117249680e-01 5.693219959548131426e-01
5.475317384444210456e-01 5.668906093466071772e-01 5.681850283536236113e-01
5.467139403351095606e-01 5.616754391625178311e-01 5.678584315199249888e-01
5.444297290543932411e-01 5.598835646719640957e-01 5.754520510471614614e-01
5.492330352912380143e-01 5.657030857189492279e-01 5.609431983270669608e-01
5.671387906590632522e-01 6.207755496259443895e-01 6.137572870447475237e-01
5.628000033022066972e-01 6.073817045659719582e-01 6.210301042409384076e-01
5.754391794676200211e-01 6.156006482468081575e-01 6.061951928877242768e-01
5.704476657206966062e-01 6.174498745607210903e-01 6.112480580452291923e-01
5.369693608760607306e-01 5.492950467448927121e-01 5.678945096143560578e-01
5.625209064659427716e-01 5.803244923974912872e-01 5.611481712073719264e-01
5.467043588056863523e-01 5.853171474779050865e-01 5.729064296199798401e-01
5.515077772804779510e-01 5.860788777500038904e-01 5.691393289518570375e-01
5.486684477345796784e-01 5.724569492015462169e-01 5.816388441921892527e-01
5.561717560416281625e-01 5.785975598017648602e-01 5.717338270110915444e-01
5.383217080669455701e-01 5.912018473493141357e-01 6.526882052975708781e-01
5.631196320673462763e-01 6.016693343168958430e-01 6.557555941569089830e-01
5.374596235952083800e-01 5.610121265991760975e-01 5.927080633558536871e-01
5.581220855101002298e-01 5.765154199408746294e-01 5.602626945590405416e-01
5.554399967953383976e-01 5.716556805049406442e-01 5.636922752292319316e-01
5.347489465746684267e-01 5.539947733486645376e-01 6.281510022000050819e-01
5.674128246054658264e-01 5.774378671431035226e-01 5.744986721540797925e-01
5.598092561460855654e-01 5.676995638149452406e-01 5.833265160541648564e-01
5.969589613145223073e-01 6.088138516901807629e-01 5.561593888238244299e-01
5.565879963914748263e-01 6.034710693644308455e-01 5.988803796032931004e-01
5.454025200946158725e-01 5.765012339375523709e-01 6.003239626558187769e-01
5.554606322788185890e-01 5.735544096954640070e-01 5.889324697072579884e-01
5.728998556766167205e-01 5.840645913167812342e-01 5.580678380308942144e-01
5.459457480289280351e-01 5.608359360683267125e-01 6.227153877015885186e-01
5.594844391444029341e-01 5.655254675801978381e-01 5.980862571305747277e-01
5.696121157582449968e-01 6.034282565746849070e-01 5.796038062518225065e-01
5.549779178655692702e-01 5.674142457429542930e-01 6.080086128061860107e-01
5.523388339320614016e-01 5.665187611033528636e-01 6.134915605026746155e-01
5.969563745824094658e-01 5.935439941663877006e-01 5.935042311334404186e-01
6.698605638601640155e-01 6.752985744637752807e-01 5.954273838921690931e-01
6.731389482657522683e-01 6.772673340866425251e-01 5.893344171627147299e-01
5.952435548550144562e-01 5.877395296912166778e-01 5.509965546621935495e-01
5.708507398484121698e-01 5.814297012147179311e-01 5.799442125104522505e-01
5.890151334272899497e-01 5.921408800845598952e-01 5.536639782375450958e-01
5.723029356231983389e-01 5.649631300895747721e-01 5.829745180631890067e-01
5.817295666328626824e-01 5.876640051598741588e-01 5.858501459372427167e-01
5.787517693887767045e-01 5.733621314196953866e-01 5.982864024073361042e-01
5.902582979939698937e-01 5.813500026799526266e-01 5.769899744628870231e-01
6.027600829019140738e-01 5.931861770615235452e-01 5.521806436277947316e-01
5.906594326776350989e-01 5.790465447791763864e-01 5.945463035630635940e-01
5.611702190785133881e-01 5.921582671242403562e-01 6.256787202355347244e-01
5.717803681378749170e-01 5.774561427200142205e-01 5.935021627203777017e-01
5.827281795010715859e-01 5.879231979174813771e-01 5.858645201520996659e-01
5.928650265463709657e-01 5.985988557293580037e-01 5.682245215738490618e-01
5.824336962705543019e-01 5.909532449137728793e-01 5.759081271811906655e-01
5.595352780688142014e-01 5.447181698382022041e-01 5.721634548035090528e-01
5.848588902295003278e-01 5.907830468463883822e-01 5.417787065538293145e-01
5.764179985230919456e-01 5.805800453413612061e-01 5.493830853616415988e-01
5.727147869522617452e-01 6.513631457672286462e-01 6.275000000000000577e-01
5.293273258636683742e-01 5.802093095077736074e-01 6.371120570861152910e-01
5.824208209802863578e-01 5.855514813800126728e-01 5.726984354926805132e-01
5.762004148093123890e-01 5.834079508086503774e-01 5.624298519387308515e-01
5.389738257306851965e-01 5.524151401282038076e-01 6.399082507200152259e-01
5.555854815638350264e-01 5.757956914087651867e-01 6.098384501888655107e-01
5.483905742089213442e-01 5.643128232698546576e-01 6.234583423842107175e-01
5.550538541595202435e-01 5.691754088579438209e-01 5.786002723416643345e-01
5.539330239717917825e-01 5.540387693408214131e-01 5.806454075521372271e-01
5.495682683709104399e-01 5.456897007757856022e-01 5.815356435138042679e-01
5.891096680723016954e-01 6.563865220883042806e-01 6.239995732793565120e-01
5.870904862622280396e-01 6.483740364244119370e-01 6.302403126894507990e-01
5.806262505981150124e-01 6.351101917870277669e-01 6.412200046471130399e-01
5.872487934046459745e-01 6.315693892188665171e-01 6.352938997950439148e-01
5.705559379562404887e-01 6.100695114578871259e-01 6.633373662895755141e-01
5.801964603485488814e-01 6.187293517875432913e-01 6.533857105337068649e-01
6.017247851969268480e-01 6.436889541889999622e-01 6.167503702309533598e-01
5.439834650207190370e-01 5.614996857885454773e-01 5.762657316828179166e-01
5.662237743825875302e-01 6.196935824115525904e-01 6.133261959394920027e-01
5.886968992724520566e-01 6.290707183148498416e-01 5.878827702877869044e-01
5.435155821115718044e-01 5.672447436483075700e-01 5.958686047312821144e-01
5.371393964908296459e-01 5.945791534344173623e-01 6.523795500869730146e-01
5.525555961123915782e-01 5.857979026068932393e-01 6.243611784047926605e-01
5.856393239306287857e-01 6.078911233823145466e-01 5.851307303477909505e-01
5.347607652049791715e-01 5.526003692422781777e-01 6.069948319041884588e-01
5.409484369605229714e-01 5.605386548823835247e-01 6.201022789305877803e-01
5.568938794844929818e-01 5.961376341609705420e-01 6.040843099878976385e-01
5.607860728037021847e-01 6.035524208361091603e-01 6.148901349404890526e-01
5.452078752555531427e-01 5.964563627442855953e-01 5.909061492550058414e-01
5.396052691635644383e-01 5.462617646355641954e-01 5.796238415832419832e-01
5.666515735661747932e-01 6.224014143192747595e-01 6.468022318290964634e-01
5.385294538660075903e-01 5.643529886659763850e-01 5.579672948418452627e-01
5.846944239337471538e-01 6.326959686787124726e-01 5.745470040039888371e-01
5.173491504432377042e-01 5.574043510738936336e-01 6.097133994290346859e-01
5.573754237490233798e-01 5.880317673136563617e-01 5.552838374894715212e-01
5.326146328077687730e-01 5.973310387818594469e-01 6.854139778214809464e-01
5.349045069082275505e-01 5.598276946099656204e-01 5.826439560599654399e-01
5.323281219909514750e-01 5.549097872874759751e-01 6.145521054251604776e-01
5.595728332821875428e-01 5.889363452657015996e-01 5.701004549177459690e-01
5.444080163822568874e-01 5.879040291942617680e-01 6.016105056872576018e-01
5.487844773845984570e-01 5.928887280974587393e-01 6.483504021910434512e-01
5.521593231168453464e-01 5.972000040016638422e-01 6.696703530008406569e-01
5.327240480139873169e-01 5.655886259846424347e-01 5.715674632424794233e-01
5.352576383618943279e-01 5.644215558198051319e-01 5.848482764657970678e-01
5.710752588924625783e-01 5.515138517888558134e-01 5.603666794949183627e-01
6.604270344527352066e-01 6.794514681000802803e-01 6.117802819738165088e-01
6.242566206394286610e-01 6.791714454847758153e-01 6.049999999999999822e-01
5.775673853494305288e-01 5.877277473594257895e-01 5.787780312273380634e-01
5.880675430416518745e-01 5.890642119075324423e-01 5.739760023549119738e-01
6.114705886688764913e-01 6.308239240988561258e-01 6.235611889877880065e-01
6.470711407725849851e-01 6.468920696039565099e-01 5.901388204031919882e-01
6.454326588864220948e-01 6.385893547552464744e-01 5.958111991392113227e-01
5.740400151500563153e-01 5.568359471873411959e-01 5.963349308170874385e-01
5.839056970170971583e-01 5.816508822130255218e-01 6.015205765828218754e-01
5.961570600643032458e-01 5.942999222077284260e-01 6.277363112092669839e-01
6.097189331708965376e-01 5.988457305034158296e-01 6.137397164016722417e-01
6.445738854285872899e-01 6.506710020648504011e-01 6.090989101926400640e-01
6.782333359957913865e-01 6.774016729273958370e-01 5.720524971885487808e-01
6.076941387503178582e-01 6.709835387560237896e-01 6.218749999999999556e-01
5.572947784244397518e-01 5.928330478298431405e-01 6.427939462847738206e-01
6.097585967304557375e-01 5.944465870783987027e-01 5.591293930767838871e-01
6.022455502285651852e-01 5.884942370174353066e-01 5.715971223740270446e-01
5.744977409986078420e-01 5.555257310328025611e-01 5.569069210215029653e-01
6.286205892898794056e-01 6.500180725323732034e-01 6.362820256760655102e-01
6.638627761838463703e-01 6.738109889609712466e-01 5.931632860872834145e-01
5.436559946684598188e-01 5.599928327432124320e-01 6.080935688041940734e-01
5.671253311558079879e-01 5.749527404661671781e-01 5.871489839469347105e-01
5.588033460449384204e-01 5.485563358214603502e-01 5.998031649359711892e-01
5.629088446900516463e-01 5.674874136546792514e-01 6.142424839958796623e-01
5.648315179301670597e-01 5.935520392541441259e-01 6.191091816067675335e-01
5.699971938083573386e-01 5.584422931376094024e-01 5.792960953690216019e-01
5.588351113179556018e-01 5.432508621023057760e-01 5.721194301484088252e-01
6.682706005527558890e-01 6.912638268998477775e-01 5.687602893565899542e-01
6.630964140509479909e-01 6.833226648048087437e-01 5.730832432990410341e-01
5.758283975085657369e-01 5.781588921133288261e-01 5.644441569458134023e-01
6.370164301537220020e-01 6.489311889683649914e-01 5.703300893216309841e-01
5.846675306255694204e-01 5.921411572717342198e-01 5.625623955163562284e-01
5.748568977223048604e-01 6.523461272314440285e-01 6.387500000000000400e-01
5.265525606192361652e-01 5.761520512178006648e-01 6.508182975875036469e-01
5.745867660676842181e-01 5.771433601588610296e-01 5.953559248105538826e-01
5.901867491716079606e-01 5.919912697911362542e-01 5.884460430821226717e-01
5.800419570175765482e-01 5.862227400468060790e-01 5.882124009043843138e-01
5.828002327465924282e-01 5.880776579110240654e-01 5.890270948246369986e-01
5.748849277237481070e-01 5.603059583733777105e-01 5.615568800700151408e-01
6.596168281507927000e-01 6.861625519043974553e-01 5.702296415254296535e-01
6.441011011384967233e-01 6.681505877657083481e-01 5.895495550009148822e-01
6.416118834674866545e-01 6.653062597407193302e-01 5.901288486724572957e-01
5.663197942790636485e-01 5.702972448496358426e-01 5.726315513358481990e-01
6.202063012327506675e-01 6.320326840010197511e-01 5.831165074195949760e-01
5.636175610326572549e-01 5.709645478638940563e-01 5.835660908118546208e-01
5.616529221706932917e-01 6.447139886282733379e-01 6.387500000000000400e-01
5.342674372416300610e-01 5.885477211541267906e-01 6.287407984142865391e-01
5.764732566533170566e-01 5.807467414374061221e-01 5.852387638842460049e-01
5.789660998897674382e-01 5.849526185352377228e-01 5.840148434051852799e-01
5.239360345605692526e-01 5.786501749470721601e-01 6.527532750644148285e-01
5.481174693138733955e-01 5.912856437391315056e-01 6.065421518094639142e-01
5.538168833222221199e-01 5.733820762557283457e-01 6.091615959534933955e-01
5.517036829704323742e-01 5.641611495124871922e-01 5.800626716247584413e-01
5.704355997106177467e-01 6.051958801070403959e-01 6.699182089491456660e-01
6.006128692247540979e-01 6.607846749665939878e-01 6.135751537488020046e-01
5.827440270336697870e-01 6.311868090112642271e-01 5.988206566556716348e-01
5.660495581972501133e-01 6.089681481050160938e-01 6.010835036606291260e-01
5.384636450255134710e-01 5.532224313817702965e-01 5.945347817929105272e-01
5.460078355420781016e-01 5.910309301195443288e-01 6.138957622005538628e-01
5.308785145508254644e-01 5.432185039797130521e-01 6.524193185029808495e-01
5.455609240083102440e-01 5.859291573961681321e-01 6.094157849248257319e-01
5.446065947695558629e-01 5.628731420803888552e-01 6.165444010077374415e-01
5.411467876331876870e-01 5.509105142311512271e-01 5.949837833157334277e-01
5.604015388831968814e-01 5.969537037746617258e-01 6.794285639808866906e-01
5.863435955000340094e-01 6.504757755342442938e-01 6.212497688319300604e-01
5.635882516518904151e-01 6.099048416799636163e-01 6.208608446306801421e-01
5.332362835707701310e-01 5.906131300119670247e-01 6.545011296105851528e-01
5.668724669810101258e-01 6.007213058892031388e-01 5.936028249356675168e-01
5.850525059954198026e-01 6.060574338808262240e-01 5.839321966033759193e-01
5.384134492131382732e-01 5.506446701579170711e-01 5.917099369269184228e-01
5.558165691629090022e-01 5.764211712164311052e-01 6.147686502045627277e-01
5.728842279167186691e-01 6.017224829408748255e-01 6.062651187137167996e-01
5.460479918693530443e-01 5.797095811106632857e-01 6.042739313615079766e-01
5.414878302567970314e-01 5.555241178153940140e-01 6.266870454127029255e-01
6.002089328160788995e-01 6.409110970326405976e-01 6.078311140647524313e-01
5.864388559586443117e-01 6.533297042879167016e-01 6.143865904006888812e-01
5.904266517822016613e-01 6.488611809345663506e-01 6.139331690402244357e-01
5.926392346311576409e-01 6.490837537802499613e-01 6.128326004889090850e-01
5.923594103268642330e-01 6.444473318070794710e-01 6.134634114985821896e-01
5.503234093204396604e-01 5.688195626531005189e-01 5.558321298200621374e-01
5.747728138857201019e-01 6.224865917752878675e-01 5.952512237552094465e-01
5.657028416249909597e-01 5.836929264629496794e-01 5.415706408831535423e-01
5.498415114900171430e-01 5.691929694786591609e-01 5.950063426975173986e-01
5.612639522938962511e-01 5.846770434848126419e-01 5.765492632025457365e-01
5.287239644116981108e-01 5.364277419519321022e-01 5.576924198021279144e-01
5.222012777817834905e-01 5.358930224606783810e-01 5.522507818822929293e-01
5.712515109510161171e-01 6.395485445875126462e-01 6.268543898489034039e-01
5.901629195274773476e-01 6.465706763765436405e-01 6.039361980821013054e-01
5.487706180868011652e-01 5.741061468395020073e-01 5.393431384829783237e-01
6.015821624904773568e-01 6.386179427759828275e-01 5.598165769380873957e-01
5.643491743030868424e-01 5.863812457463113414e-01 5.394112376865639602e-01
5.718474968655156143e-01 5.643667969937923301e-01 6.042975575593637627e-01
6.161796464492993453e-01 6.192530001152870556e-01 6.294781249161359726e-01
6.496626598963083365e-01 6.433367949525937712e-01 5.896481366874459784e-01
5.878175888090471091e-01 6.107575704462614441e-01 5.899149262450333886e-01
5.782762485056204271e-01 5.498562461961583603e-01 5.878117474961612743e-01
5.859642935351364601e-01 5.826306776795846520e-01 5.708463004128775387e-01
6.282965449890960397e-01 6.354527174264573697e-01 6.027349668097803370e-01
6.497987406130529831e-01 6.490105507550155695e-01 5.829643843778966605e-01
5.824778341126253256e-01 5.710287691141515687e-01 5.790246869458175460e-01
6.161653785712714049e-01 6.754261796527295525e-01 6.106250000000000844e-01
5.638987326542602707e-01 5.664421167880404617e-01 6.379695445419718558e-01
6.341904790332506536e-01 6.622003286088701257e-01 6.289621122715647328e-01
5.604698110299026759e-01 5.576539769502181221e-01 6.062939697228976188e-01
5.529915073486814103e-01 5.581984447100059032e-01 6.504037064939386381e-01
6.192808334184531915e-01 6.517291211096266634e-01 6.349074660774223222e-01
5.478243452577932215e-01 5.504274619996891715e-01 6.105492773011146346e-01
5.291825229613883463e-01 5.232680660447271981e-01 6.003397749795158500e-01
5.593042373687788782e-01 5.568441018028992273e-01 5.942816686752221411e-01
6.018825354772294745e-01 6.678125340058012060e-01 6.106250000000003064e-01
5.661863178059912682e-01 5.740173092618501283e-01 6.262608605313159105e-01
5.709317708191630203e-01 5.731947423398918717e-01 5.683275397195204359e-01
5.832541882212951556e-01 5.881544380474307276e-01 5.755192403118581934e-01
5.672971157496121686e-01 6.480926234065227387e-01 6.443750000000000311e-01
5.801289319566809155e-01 6.150359243392520270e-01 5.748213475323898924e-01
5.607893692726961810e-01 5.406102189577361994e-01 5.920707423574831374e-01
6.332035514696878753e-01 6.538104193117885155e-01 6.139673302288018997e-01
6.501634135537042170e-01 6.719030868166642190e-01 5.912632006056575129e-01
5.680725287874630602e-01 5.692489322417130237e-01 5.960316726935380727e-01
5.620656872485392253e-01 5.667815470054718974e-01 6.217759591635864114e-01
5.750104919431673345e-01 5.746631391004078937e-01 6.027215040817042180e-01
6.377331632990537180e-01 6.614988031388180367e-01 5.945523447449205801e-01
5.730448499850570032e-01 5.760495725700011116e-01 5.811474860978749213e-01
5.623913209395500212e-01 6.010066508171060251e-01 5.942184878022376271e-01
5.844448072682435491e-01 6.164470958699136416e-01 6.097390570357029693e-01
5.571702641582023663e-01 5.953684557821226075e-01 5.995184068966533664e-01
5.611567954329113039e-01 6.355734207641291489e-01 6.664745982264166368e-01
5.740849567141399490e-01 6.111502068524244935e-01 6.140525449298886995e-01
5.546069200697267831e-01 5.921760122944507154e-01 6.010037319220573604e-01
5.727345037875044564e-01 6.115865629826827687e-01 6.103807287192575259e-01
5.650200826775423346e-01 6.068181766944034106e-01 5.958996326600041193e-01
5.631548612667856002e-01 5.976324405748634216e-01 5.900298157896134432e-01
5.658251843305287521e-01 6.401162361635802656e-01 6.548579612120809523e-01
5.710432714939238652e-01 6.052047007491982988e-01 6.135716483897973861e-01
5.694208949831582878e-01 6.077997085658117804e-01 5.948897049590572417e-01
5.283083200325653372e-01 6.010527951037554217e-01 6.491836168581388566e-01
5.315562880242118426e-01 5.549329445190134269e-01 6.352637159823266710e-01
5.978451745915125404e-01 6.547878290868591744e-01 6.048186734520278884e-01
5.904528202690203509e-01 6.313587971779595076e-01 6.288785044553786285e-01
5.299684002182850628e-01 5.586555263524995985e-01 6.264346213115730144e-01
5.480423769299891390e-01 5.656915795224796151e-01 5.555390775443279638e-01
5.455341909070636763e-01 5.537775585766193664e-01 5.675542634156002242e-01
5.694307783577008397e-01 6.087308441574866835e-01 6.559877175030029983e-01
5.797304388253804452e-01 6.307650991524649253e-01 6.317215886425523452e-01
5.861786837208062817e-01 6.424376628600144690e-01 6.177596783878349651e-01
5.909471410759894461e-01 6.328061609656169262e-01 6.215511172368779480e-01
5.136411228072000901e-01 5.496567200802048303e-01 6.004495743175114475e-01
5.262447101108218561e-01 5.422589525258512122e-01 5.791703454467719281e-01
5.341800406765265796e-01 5.596381198100300880e-01 5.919367081311552869e-01
5.489077118975785874e-01 5.669920856635805029e-01 5.983202129875455633e-01
5.530661614093302925e-01 5.716122686620080939e-01 5.931498760326169295e-01
5.300797896932862852e-01 5.415822410348366533e-01 5.495887042033589243e-01
6.054038477980857591e-01 6.545177309891252460e-01 5.906567442391204015e-01
6.088930509638375010e-01 6.521536785301634831e-01 5.826361182797096250e-01
5.015555355861727183e-01 6.033940511228675918e-01 7.239941184772649141e-01
5.747440764567497418e-01 6.006076582022706889e-01 6.120535936464934768e-01
5.426539079633838636e-01 5.628741680113509283e-01 6.045492316882074002e-01
5.235116684518131835e-01 5.344144446501971624e-01 5.543573454046635263e-01
6.208032562759456807e-01 6.664829428500728126e-01 5.656668427408970690e-01
5.750877010006405499e-01 5.728319594279781546e-01 6.329194371713858791e-01
5.944192815711206723e-01 5.673868018137270264e-01 5.514065689204302734e-01
6.903483335294853251e-01 6.925065941592963847e-01 5.758450565830832701e-01
6.023424318802911293e-01 5.876338106403136141e-01 5.600557061611176612e-01
5.697981861284209248e-01 5.694851389297740374e-01 6.338648133200333046e-01
5.990052102691310054e-01 5.853782530698148356e-01 5.517311362939937291e-01
6.300888941018781830e-01 6.824696354355836991e-01 5.825000000000001288e-01
5.855145045918370705e-01 6.587884065446822923e-01 6.275000000000002798e-01
5.456488977393687545e-01 5.294328136729866685e-01 5.916483167628412421e-01
5.590145906047349067e-01 5.504335114701347509e-01 5.786065324069624705e-01
5.704700796484917236e-01 5.637091279568016144e-01 5.887636597178128595e-01
5.676092669607505359e-01 5.622891230641874349e-01 6.112781988413362733e-01
5.556903906789767422e-01 5.354830080822308158e-01 6.066292766282189719e-01
5.576377277133228727e-01 5.376212844817273018e-01 6.004558327298481490e-01
5.854643223655016104e-01 5.891296220001958073e-01 5.859658760726340621e-01
5.895308825722541668e-01 5.943763747475786507e-01 5.690722606966689412e-01
5.617664361769196812e-01 5.726401831787739649e-01 6.138040442727875634e-01
5.608309766126241547e-01 5.458820085355108320e-01 5.735211581756882726e-01
6.456599834320362330e-01 6.690673532856862282e-01 5.896125670638138194e-01
5.892722393596369068e-01 6.428008758001122480e-01 6.318494575078724695e-01
5.830921495084229189e-01 6.381184740556602453e-01 6.407702674956733402e-01
5.597435768394714017e-01 5.854115194790996402e-01 6.160509384860157756e-01
5.695683822199512081e-01 5.968489497739305483e-01 5.998077924641074254e-01
5.799200829895402309e-01 6.323945542019718813e-01 6.400928120099071972e-01
5.799446194512214436e-01 6.295806126388781010e-01 6.424578503660476336e-01
6.003299667360373348e-01 6.112757568086738535e-01 5.415015297915993786e-01
5.296267069382729620e-01 6.440805194806495937e-01 6.936512600862433375e-01
5.448954233033754813e-01 6.449953776354363510e-01 6.689318727130293407e-01
5.848408927596527862e-01 6.329205218114026810e-01 6.315953638318358987e-01
5.369065472125890137e-01 5.980621577235548658e-01 6.666814072888389564e-01
5.884491370394223653e-01 6.415710111586074849e-01 6.200656046642043506e-01
5.397252634701750207e-01 5.484013331057502327e-01 5.768651048193946806e-01
5.293732813089058187e-01 5.502637810809491992e-01 5.867071494963425060e-01
5.367187929960152148e-01 5.465274474134228511e-01 5.776162188278799459e-01
5.250047976586240672e-01 5.472759582581371296e-01 5.872371169420502746e-01
5.374402712968039397e-01 5.463153957323957366e-01 5.769901271838498991e-01
5.371291906134441074e-01 5.431374473168184558e-01 5.582625862504206893e-01
6.192743912373677162e-01 6.654085713642384770e-01 5.706442475398219027e-01
5.276645187114192836e-01 5.500922355676378661e-01 5.804188267963182879e-01
5.318326686272529802e-01 7.054354393497179743e-01 7.364443575283836640e-01
4.958279820940111882e-01 5.987492146710947649e-01 7.204464023091273761e-01
5.031376596918389899e-01 6.094679150648247834e-01 7.279520570632174170e-01
5.314744767674262071e-01 5.464159141738474945e-01 5.852072670127005383e-01
6.271286134869104023e-01 6.760689122619839564e-01 5.598611501645940347e-01
5.203541529296781265e-01 5.416492553157656875e-01 5.949194356936109429e-01
5.821066778826580190e-01 6.240339788975628466e-01 5.831806145862696855e-01
5.833143253149555285e-01 6.400748918081992089e-01 6.088238451428643616e-01
6.193209890095486836e-01 6.656064086117942091e-01 5.672305329073138447e-01
5.671597760656474918e-01 6.063543391264617499e-01 6.043954825980198953e-01
5.996492726304032406e-01 5.890717422936398995e-01 5.971996781912636276e-01
5.902922272492102662e-01 5.809468828154166209e-01 6.110710582530041179e-01
6.172229838906672095e-01 6.760814006331679060e-01 5.937500000000001110e-01
5.966310528719470652e-01 6.652570054903794716e-01 6.162500000000001865e-01
5.798448281196201259e-01 6.555516380325902004e-01 6.387500000000000400e-01
5.673980094421675613e-01 5.570237691182161610e-01 5.691726163045006670e-01
5.681576032133011100e-01 5.598038248961798580e-01 5.723393807902604769e-01
5.778085414599414271e-01 5.753340227885699321e-01 5.923275521213420269e-01
5.706235567688010546e-01 5.650839615441495267e-01 6.131956503595309416e-01
5.705978988863456003e-01 5.727177319219837193e-01 6.047450199867575593e-01
5.735845037608618968e-01 5.754928252952105083e-01 6.017758320880979284e-01
5.912172336851184706e-01 6.240163768411792766e-01 6.278965117305101984e-01
5.945563865808199955e-01 6.278397924540183306e-01 6.199647856589464157e-01
5.260558742998369119e-01 5.890155484288686072e-01 6.225854873013642043e-01
5.282833545229118632e-01 5.490576672188504093e-01 6.310948532435642910e-01
5.325750246120523057e-01 5.497876622646942213e-01 5.828379214233968542e-01
5.202073837617389174e-01 6.213598570298501933e-01 6.964957845759794930e-01
5.264362354577230008e-01 5.472382438690643891e-01 6.331110224323562852e-01
5.343349641596402133e-01 5.512823521952830985e-01 5.790542310770023793e-01
5.958639461563828288e-01 6.525268238787039765e-01 5.978823423690762251e-01
6.203304294533129593e-01 6.663244494260380790e-01 5.667890798451435952e-01
5.285270995056070564e-01 5.491274635491956158e-01 6.345541631779376690e-01
5.703426668093836138e-01 6.256638107211500710e-01 6.392360096978910722e-01
5.237914126625138334e-01 5.476446903751683859e-01 6.348463488133148092e-01
5.673028520945341269e-01 6.233777262321915646e-01 6.392295571528946452e-01
5.330252528552748004e-01 5.774035234199316191e-01 6.624049547433420448e-01
5.262709382891527232e-01 5.252854943794440512e-01 6.036113462252263862e-01
5.571188432442698568e-01 6.387953276588221874e-01 6.520741354689375546e-01
5.750215688132447323e-01 6.158850206484699497e-01 6.367956465888214845e-01
5.246566184287501100e-01 5.242762862547203362e-01 5.986865523205188167e-01
5.917106336632522723e-01 6.383725588991916444e-01 6.109418067122940332e-01
5.281455500176223117e-01 5.287001394507823138e-01 5.944229692980985691e-01
5.840107445914298756e-01 6.282889050716947699e-01 6.254636666058679406e-01
5.272558013685688660e-01 5.276851004227445241e-01 5.954250176465128996e-01
5.814578656284412617e-01 6.255878323276217179e-01 6.280185375190617814e-01
5.840497471145786879e-01 6.287221744212856400e-01 6.251151389600546615e-01
5.874216994307417394e-01 6.337678428501686279e-01 6.164790033994036467e-01
5.815210466171781833e-01 6.290150429865739579e-01 6.188930524577471726e-01
5.725608015749494850e-01 6.157582329815809441e-01 6.381821292761005182e-01
6.181236905857071529e-01 6.762953820724144638e-01 6.309007887384233682e-01
6.138661020347802033e-01 6.710616561191887763e-01 6.356405824864825860e-01
5.612192657208283642e-01 6.219665322806559038e-01 6.444174491866627719e-01
5.676718013606661950e-01 5.945078374813016486e-01 6.063101446242850079e-01
6.117335805702476259e-01 6.234207455046580915e-01 5.497588420733917625e-01
6.152820462389330114e-01 6.734843570423558745e-01 6.318325375137618938e-01
5.550345662983795503e-01 6.359621812964357801e-01 6.568673061635209587e-01
5.817521374415141056e-01 6.149200831025222191e-01 5.837106932316653563e-01
5.404514282069319275e-01 5.836087255993038792e-01 6.550076962483667442e-01
5.399999761741690607e-01 5.827084111484606144e-01 6.564907612700141559e-01
5.444388003233192608e-01 5.883196328738961034e-01 6.448299631348449745e-01
5.423483901323578049e-01 5.864485372399028673e-01 6.466264644115599092e-01
5.306469186505330393e-01 5.766500499306195238e-01 6.617216732846826766e-01
6.548990755122368057e-01 6.949801983416048490e-01 5.600000000000000533e-01
5.571714105121442495e-01 5.550009748889809247e-01 5.831665702391497508e-01
5.323591871328086089e-01 5.787751198828505750e-01 6.599751171303631647e-01
5.405577057784249906e-01 6.347037745246083551e-01 7.361842478360083319e-01
6.321866091156578271e-01 6.423617143199933377e-01 5.767267241832263469e-01
5.833017490176712894e-01 6.060458722714995305e-01 5.475111802715384446e-01
5.122131565620892113e-01 6.226896464744777759e-01 7.177254605460455794e-01
5.777674438678896962e-01 6.542567356272184220e-01 6.500000000000000222e-01
5.626540826059358569e-01 5.445920171081389816e-01 5.641586983218347395e-01
6.690709226482002281e-01 6.761458678495827490e-01 5.833083610238342098e-01
5.741955935219730245e-01 6.521390925192327437e-01 6.500000000000000222e-01
5.470281155040215282e-01 5.336649939839296364e-01 5.699422988992333128e-01
6.481071479639686217e-01 6.604436622782281496e-01 5.937800841948928099e-01
5.740478992056271546e-01 6.520686961480320898e-01 6.500000000000000222e-01
5.471894916049758750e-01 5.333032412799274535e-01 5.706549144718607858e-01
6.465296688530643987e-01 6.586209982658548512e-01 5.961661809135004875e-01
5.742999943096330773e-01 6.521428956313127800e-01 6.500000000000000222e-01
5.392945686604632138e-01 5.259996226114710405e-01 5.842557356439878058e-01
6.389301870743168132e-01 6.526255582722024773e-01 6.055510603004283787e-01
5.749638732295445642e-01 6.523787660259001697e-01 6.500000000000000222e-01
5.430638313117918115e-01 5.311385921348354966e-01 5.797969191234799702e-01
6.456437860587633804e-01 6.596561015378794579e-01 5.993686236024193814e-01
5.805798715585810399e-01 6.154257175359745258e-01 6.339872806344777345e-01
5.834838775198381011e-01 6.180853594614397206e-01 6.259027392999321204e-01
5.886790773380077280e-01 5.836168014787602720e-01 5.984669866956108253e-01
6.012816215175388335e-01 5.974655453018948847e-01 5.868462352911474333e-01
5.982202380763617100e-01 5.957184280476158778e-01 5.825331342514841193e-01
5.932800356808534126e-01 5.903670323400902475e-01 5.885014241315960071e-01
5.923879766705182348e-01 5.895263742026241038e-01 5.896241261377273002e-01
5.965238238787793357e-01 5.937681882524181720e-01 5.848653108328112360e-01
5.912092345570214569e-01 5.886835772727968541e-01 6.009611984468228307e-01
5.897304882471418042e-01 5.873981511741470651e-01 6.021771845814588575e-01
5.855509129114045974e-01 5.823744103663651694e-01 6.074092963359104536e-01
5.982828429917880220e-01 5.935307742545425924e-01 5.988425501742107304e-01
