5.715769675351496382e-01 6.234447886077107981e-01 6.399999999999999023e-01
5.728502895426108577e-01 6.202157157297989443e-01 6.399999999999999023e-01
5.661518408663985813e-01 6.075596976669200844e-01 6.399999999999999023e-01
5.646455843778024342e-01 6.022637137594878398e-01 6.399999999999997913e-01
5.584003447302989809e-01 5.942193491942600048e-01 6.399999999999997913e-01
5.570833750072352597e-01 5.891691921171653412e-01 6.399999999999997913e-01
5.494374595595534760e-01 5.767463136650923250e-01 6.359620700535489890e-01
5.529886564320525277e-01 5.793792530561032716e-01 6.326178753375218955e-01
5.519385389527379226e-01 5.773309916461584201e-01 6.332748506944694267e-01
5.792196086999692461e-01 6.032519607667101713e-01 6.105411649706258270e-01
5.496991001731539317e-01 5.755338112865546751e-01 6.296994507791228157e-01
5.478160101777730384e-01 5.744369543315863691e-01 6.274711606275944487e-01
5.544753282874083089e-01 5.713686287826784671e-01 6.390361528426056204e-01
5.448845156678968626e-01 5.644487463398728533e-01 6.393508847586960586e-01
5.478236257878972282e-01 5.697329174181997580e-01 6.300837003517201218e-01
5.507484347966524751e-01 5.726223270333693494e-01 6.262137338164339706e-01
5.732327889177029068e-01 5.927856219457571241e-01 6.095878664212922571e-01
5.800841947753425654e-01 5.958017952821528240e-01 6.092639730997682079e-01
5.792878465065633975e-01 5.952516902342239735e-01 5.956381666499783734e-01
5.460084290192332990e-01 5.649312296697190927e-01 6.299950732300142464e-01
5.688039968149676273e-01 5.910490653505360292e-01 6.017068522263451236e-01
5.878272849720422855e-01 5.970448792843536800e-01 5.827635808499025405e-01
5.853345261303652958e-01 5.936189170657487635e-01 5.920589303912056067e-01
5.788972086826789099e-01 5.887066725947470713e-01 5.851680492727520111e-01
5.598089919298759876e-01 5.626998066534394383e-01 6.354578343837761212e-01
5.850066372527080727e-01 5.933482591315297761e-01 5.853149326733632085e-01
5.717205600521148012e-01 5.747005005011069922e-01 6.118190737157468417e-01
6.225345411444876964e-01 6.142861124908500781e-01 5.822317051089120898e-01
6.044321966694128356e-01 6.024795998684269183e-01 5.610535044174025376e-01
6.040161790940110631e-01 5.998478422366219087e-01 5.897978297568891026e-01
5.591488851669040860e-01 5.543114989061572739e-01 6.339817732596140232e-01
5.633792723740345121e-01 5.576345803993678629e-01 6.266515668978438480e-01
5.640933316403746733e-01 5.574511344861643458e-01 6.246865430338660596e-01
5.631455370749400835e-01 5.542675769490326143e-01 6.312306718499312019e-01
5.763689571426632297e-01 5.644468356013578880e-01 6.185551232995980531e-01
5.767742522571642771e-01 5.662814725876683664e-01 6.139348769677885898e-01
5.951309287696593397e-01 5.982812397521939385e-01 5.819764977320489585e-01
5.953707352350586790e-01 5.957734759188491047e-01 5.825181190097371564e-01
5.976439673734144087e-01 6.001564779079648915e-01 5.720034726483763654e-01
5.930264611480297043e-01 5.887198567564324581e-01 5.844115189582119729e-01
5.934598182164447788e-01 5.933243540946206984e-01 5.714173284221952809e-01
5.935537772377921240e-01 5.828246433159054440e-01 5.868493441190907323e-01
5.804384760022678336e-01 5.727960282045728713e-01 5.881171504497972879e-01
5.850176971160158113e-01 5.726953749981005259e-01 5.884619195108292677e-01
5.912439055435670943e-01 5.738943429172627120e-01 5.877602798804650863e-01
5.799023938816951773e-01 5.663253182358797266e-01 5.861632546623063433e-01
5.782730491096358394e-01 5.706081770293593980e-01 5.581133865146249429e-01
5.859863280066881508e-01 5.723077667045726180e-01 5.613573908010065505e-01
5.765420357941855034e-01 5.593126919016879750e-01 5.844559261421817808e-01
5.753350659305157544e-01 5.565958840689075871e-01 5.840262965275384577e-01
5.774674746608066123e-01 5.640316875945055042e-01 5.582756063453708784e-01
5.505093966050080834e-01 6.249890117366196929e-01 6.999999999999999556e-01
5.410647773441088493e-01 6.113576599281929091e-01 6.999999999999999556e-01
5.601476688044371155e-01 6.229823402719516512e-01 6.791234147793550058e-01
5.652818374141717062e-01 6.353200452812290955e-01 6.600514391416755222e-01
5.599433842725938248e-01 6.269819549717299267e-01 6.718044404315617335e-01
5.419633131994991970e-01 6.029567259664219137e-01 6.942967204860006625e-01
5.495062828418781908e-01 6.014576426049607072e-01 6.931596299933387995e-01
5.719138409664783484e-01 6.269316280677872388e-01 6.436219846103694575e-01
5.916973040741457801e-01 6.420355812465408096e-01 6.430155530259995533e-01
5.838653477077376808e-01 6.342079837585435920e-01 6.385257049567392151e-01
5.548148748750587611e-01 5.990011381140700752e-01 6.867936618153828165e-01
5.527260080301246159e-01 5.930737529035166045e-01 6.914325489205853659e-01
5.824354951763913713e-01 6.272411209085019257e-01 6.345969191042669655e-01
5.879534391512351021e-01 6.298205806778662819e-01 6.270584975240900416e-01
5.562484420141904362e-01 5.951215296845256963e-01 6.630932988673613471e-01
5.888094533156020827e-01 6.216738971867354913e-01 6.371373349196411962e-01
5.939673645712353345e-01 6.160022092019793449e-01 6.601152347159257028e-01
5.790165044714665754e-01 6.168114009971019662e-01 6.348357751191038290e-01
5.873124496980537401e-01 6.133112290114408616e-01 6.363439026091093353e-01
5.698689874798474886e-01 5.879408577697371463e-01 6.740502872413067781e-01
5.514188345206572084e-01 5.716874335981451116e-01 6.784288591974583227e-01
5.926802459723519156e-01 6.099606356619542424e-01 6.200968574144957168e-01
5.942591425360437274e-01 5.991210852819635058e-01 6.554340105706321085e-01
5.758339969434050909e-01 5.879220228314687713e-01 6.510065171225061231e-01
6.384346899331193592e-01 6.391849080481366574e-01 6.090031550841724650e-01
7.199326860289333441e-01 7.069794270780287437e-01 5.359017120562632464e-01
6.475018330202588768e-01 6.474254048451018040e-01 5.866815119049422211e-01
6.266077950058845936e-01 6.224262733829400984e-01 6.175258589638874529e-01
6.116788004642217391e-01 6.144179036542282146e-01 6.202542784137810017e-01
6.451428348959715731e-01 6.444778287595855915e-01 5.684674222441645774e-01
5.754341486301465247e-01 5.900009174024545278e-01 6.108447634250517844e-01
5.666943918760339871e-01 5.793534730149556555e-01 6.117221620780302072e-01
5.617410580650081808e-01 5.668067023346379241e-01 6.122674631512405874e-01
5.559701358398085880e-01 5.595444897259715944e-01 6.104909039499414325e-01
5.681208281383980374e-01 5.712784220800337653e-01 5.849235539059581823e-01
5.948078394802025493e-01 5.929170777197803055e-01 5.620517099236916891e-01
5.545801328596937640e-01 6.122837889427261704e-01 6.676346944607201017e-01
5.489432057844571000e-01 5.989610745910634027e-01 6.705066545010512913e-01
5.614952640637744796e-01 6.073296363410582988e-01 6.502993076085904489e-01
5.723901051651492100e-01 6.170140844182107065e-01 6.178595511440270194e-01
5.608754507582556226e-01 5.990737165652524343e-01 6.466616561664914054e-01
5.712572430541941193e-01 6.041808946806924707e-01 6.369742653410888078e-01
5.877733500400563749e-01 6.232297465172669249e-01 5.877950254430934773e-01
5.945536831771359720e-01 6.118246566741927239e-01 6.077199435154649887e-01
5.532855658419374434e-01 5.695014656607912951e-01 6.638620389889899887e-01
5.810438784790619149e-01 6.010039442786050401e-01 6.204681396507127911e-01
6.001515347626147356e-01 6.054761873260681160e-01 6.256727631373097953e-01
5.943782834019835093e-01 6.020215927383842924e-01 6.019100907147787449e-01
6.120361931944199307e-01 6.114845670636684938e-01 5.989939982722802814e-01
5.987813880706616132e-01 5.959375178745460744e-01 6.012339276556133427e-01
5.824040758100583748e-01 5.918586126827936056e-01 5.916815605201561912e-01
5.650566913851493567e-01 5.608997037978267208e-01 5.976521991595014072e-01
5.576301356731597769e-01 5.532602963588877376e-01 5.849231232323524043e-01
5.756861786373517198e-01 6.107700090090222300e-01 6.249999999999997780e-01
5.632771713624857846e-01 5.836936816018563068e-01 6.181287523447498433e-01
5.622057764013690395e-01 5.689596380325333547e-01 6.270655979017514259e-01
5.669152301843418673e-01 5.664084051246436324e-01 6.127671606099459600e-01
5.795924786998509770e-01 5.731901267036463299e-01 5.872420378446815414e-01
5.518033250736522621e-01 5.937470923078596030e-01 6.516076430594683888e-01
5.667399873272931377e-01 5.949693648999152540e-01 6.427649684658094387e-01
5.868336540735524798e-01 6.177495749503636446e-01 5.708556754535210054e-01
5.728410258545010292e-01 5.953103022549401935e-01 6.091579144892003139e-01
6.083388941679981343e-01 6.029311511489037212e-01 5.943458473096712158e-01
5.960349431642322227e-01 5.831524609674334503e-01 6.118921655480895616e-01
5.419861714310827416e-01 5.983687665960915059e-01 6.864266328918380289e-01
5.465584108349121895e-01 5.828806600412543837e-01 6.881404488201815495e-01
5.645567040394857683e-01 6.152876249296623801e-01 6.532049603948816285e-01
5.866881951179500065e-01 6.203457784761297056e-01 6.306088166358582159e-01
6.255520514185497483e-01 6.466944453155514250e-01 6.154365993261319279e-01
5.745258858697555038e-01 5.916593810581404211e-01 6.363193560483237921e-01
5.614145891892186047e-01 5.615935272930128175e-01 6.822335975321190960e-01
6.550702380553461435e-01 6.251633644765504094e-01 6.327259341810180793e-01
5.823839733199470681e-01 5.646048357259259021e-01 5.890123989016641248e-01
5.663249582528822046e-01 5.606837533253641315e-01 5.877962734881279072e-01
5.730625430258762254e-01 5.950046265320330097e-01 6.098432038036167846e-01
5.803305764022919089e-01 5.740450065723993189e-01 5.849483374405088920e-01
5.580756861181381812e-01 5.856927534259182000e-01 6.248432038036166869e-01
6.107666243908247417e-01 6.032454642964359959e-01 5.598180046190102122e-01
5.651736396956142938e-01 6.125961940110493664e-01 6.477019744919834121e-01
5.526609402948061689e-01 5.896090795286244024e-01 6.390899485516874368e-01
5.692558484578866818e-01 5.836867301565390465e-01 6.256346196195204934e-01
6.371587501337864223e-01 6.209438928812521796e-01 5.827870886148571739e-01
5.511225282878664533e-01 5.752539677493719861e-01 6.421978519528231955e-01
5.827415524862178398e-01 5.843706563121968678e-01 6.134958816673555804e-01
5.447201581916402136e-01 5.974816791576127439e-01 6.837045602532325628e-01
5.805915719781661322e-01 6.168187211575899553e-01 6.239162009739246395e-01
5.946556930247917094e-01 6.104882734395524757e-01 6.149448852542386268e-01
5.935272336086081513e-01 5.917216149738335762e-01 6.284523384122937539e-01
5.958673729502330652e-01 6.295991204055029211e-01 6.281697860027182223e-01
5.940028723329220384e-01 6.181803297622369131e-01 6.159126301450297269e-01
6.196655425622940028e-01 6.133477090144257016e-01 6.033405215497685825e-01
5.638322358212298768e-01 5.510958331199785620e-01 5.912499999999998312e-01
5.532036819599264188e-01 5.453023190707825263e-01 5.987499999999998934e-01
5.861165043699583244e-01 5.798837698767267401e-01 5.485684816498074268e-01
5.467610843139165677e-01 5.485914380720684491e-01 6.016905459906966014e-01
5.818286841308963897e-01 5.833061871388264263e-01 5.800947204444404370e-01
5.519354830528147016e-01 5.503483330891774106e-01 6.198626472720552005e-01
5.588325990312856817e-01 5.676344334754590548e-01 6.240357321244154321e-01
5.800181786432300202e-01 5.834385475594168202e-01 5.912663223462490958e-01
5.502585292199144718e-01 5.667833404349881254e-01 6.261039079273426067e-01
5.658431381821396045e-01 6.042495321054763835e-01 6.443132976404287726e-01
5.484536284400272077e-01 5.628588767801351311e-01 6.371032929930766642e-01
5.576871467444832753e-01 6.026021560303300717e-01 6.456408771539718927e-01
5.756611097630905949e-01 5.922291439994900042e-01 5.898778875069632388e-01
6.113080440955345196e-01 6.066842497705942083e-01 5.897907556957935338e-01
5.573571115942517196e-01 5.719280244654352252e-01 6.409574099992639828e-01
6.143673016159896250e-01 6.077251895694828487e-01 5.946808934008565029e-01
6.069487202490568833e-01 6.208847503409025137e-01 5.956244825699774648e-01
6.093772689745007298e-01 6.048315403293696990e-01 5.906890804258231320e-01
5.863487395007174197e-01 6.246055337338104474e-01 5.962609400329024201e-01
5.646472105162277932e-01 5.737212192785837717e-01 6.586534803563723894e-01
6.148283020972997726e-01 6.081817092292733928e-01 5.883586433963448048e-01
5.897242914043649975e-01 6.232039543494714007e-01 6.296880340172701374e-01
5.871603335995043693e-01 5.982749511319217506e-01 6.425880424345746800e-01
6.392286588562645644e-01 6.290929039604147288e-01 5.922317072760163725e-01
5.752819366347936558e-01 6.938306885791503120e-01 6.962499999999999245e-01
6.375573555366091938e-01 6.281552928488889354e-01 6.031674412146459385e-01
5.528804564379088404e-01 5.799766556593994871e-01 6.395461400590185530e-01
5.715441591662603349e-01 6.256640431817475090e-01 6.456249999999998934e-01
5.793111590075532558e-01 6.145474164710766907e-01 5.748249488143745145e-01
5.702075963310513362e-01 6.248443438796431604e-01 6.493749999999999245e-01
5.612364038159087798e-01 5.944606459663306364e-01 6.184897398027646709e-01
5.669523502510247503e-01 6.228970539301279530e-01 6.531249999999999556e-01
5.537962229271737868e-01 5.885690647860726266e-01 6.327510880389761727e-01
5.525597739623354654e-01 5.819508647942857049e-01 6.516299419958646588e-01
5.756076185353943275e-01 6.078334405859451284e-01 6.063912556871458026e-01
5.645090568278370302e-01 5.930986504489343947e-01 6.421211228625048895e-01
5.947748001746930857e-01 6.278252962884705024e-01 5.967589102319968974e-01
5.519743365596170293e-01 6.234563059273371399e-01 6.780259099844943016e-01
5.575449536913843485e-01 5.524190864132696444e-01 6.325692758327152720e-01
5.882746435825223497e-01 5.875934858346487655e-01 5.764999945991546859e-01
6.103686813984221526e-01 6.000694516823923408e-01 5.895827259928454467e-01
6.071049560015899793e-01 5.967785454513719889e-01 5.855150001488278466e-01
6.029564797461481884e-01 5.953384063118835057e-01 5.990758088434756656e-01
6.101213839026025099e-01 6.050545421404598390e-01 5.677163831185219056e-01
6.098510786203654721e-01 6.434963629022846243e-01 6.398473874697288011e-01
6.049434336852996807e-01 6.321807872511144843e-01 6.398742204420841961e-01
5.969985038722351867e-01 6.185135688109734131e-01 6.401056548286490067e-01
5.908536327383127063e-01 6.061253618311207569e-01 6.401807871512439352e-01
5.858507332902593845e-01 5.963706876749002017e-01 6.422301856401383402e-01
5.828355796681976564e-01 5.916237234241884524e-01 6.420947016510638594e-01
5.848860993868627567e-01 5.900861598110340722e-01 6.427361310047589038e-01
5.913009503106975151e-01 5.964533460017475974e-01 6.325483972290961709e-01
5.820793343033074940e-01 5.825066460000276614e-01 6.449564066447859290e-01
5.818966310283070209e-01 5.868800424719258224e-01 6.317580282722776719e-01
5.879056705029021002e-01 5.796148397185849621e-01 6.471158385338282582e-01
6.070387201419026324e-01 6.021499320959022850e-01 6.068911593690096140e-01
5.900900057152395073e-01 5.752760471714066792e-01 6.487367104253034533e-01
5.854974268802647375e-01 5.717294763224904930e-01 6.456034847239341401e-01
6.219225351154844539e-01 6.061915518584526374e-01 6.133790968351544581e-01
6.262760758878012091e-01 6.004376605286914081e-01 6.080689877855500747e-01
6.135968089352881183e-01 5.983350789803856262e-01 5.989128075056472378e-01
5.951966222921375449e-01 5.782194462967993331e-01 6.256233071337746754e-01
5.949094483111069254e-01 5.699635888279518392e-01 6.355837382039157823e-01
6.001646967571567792e-01 5.791269311994122759e-01 6.077026023107519048e-01
6.351855144714879664e-01 6.208118412813719011e-01 5.831674463080462889e-01
6.334214170208513073e-01 6.159962460325206779e-01 5.805456841191297679e-01
6.316060087131425416e-01 6.124452479506725666e-01 5.763574446662198536e-01
6.441299796375916653e-01 6.099244651559199148e-01 5.838376853663553856e-01
6.363711835239009851e-01 5.999870087640433169e-01 5.863769112370857961e-01
6.097218194965933202e-01 5.852671469692367623e-01 5.800873357147804388e-01
6.191132272933582703e-01 5.954901388702000808e-01 5.589685024798896062e-01
6.111629043081362456e-01 5.785166656702135368e-01 5.720564688676990084e-01
5.979043873695645273e-01 6.439462905333581677e-01 6.797103087222974294e-01
5.687459485936490200e-01 6.203643571893613373e-01 6.936027007653802201e-01
5.876631504695954966e-01 6.363090767456576202e-01 6.753467449281166379e-01
5.944678728309087390e-01 6.347449246602284711e-01 6.771808537023557006e-01
6.268064882363777457e-01 6.588099827574113165e-01 6.297455337392763308e-01
5.977951123184507276e-01 6.284077678568769088e-01 6.756134167033100990e-01
6.045900644436852378e-01 6.365333529263341727e-01 6.540669307119366671e-01
6.127586976539354247e-01 6.364695256646637489e-01 6.372341053343264505e-01
6.159001610445036246e-01 6.287384329004218619e-01 6.548777289717679917e-01
6.021740683361642699e-01 6.172268917190377735e-01 6.373637886227700999e-01
6.860115579095409366e-01 6.662073911472453647e-01 6.402007086138109537e-01
5.985870575736379484e-01 5.972023237689807473e-01 6.716774443876525336e-01
6.202458606282641451e-01 6.246110131717390601e-01 6.009390276165307299e-01
7.600756597117133140e-01 7.088662049523684061e-01 5.876355391916612270e-01
6.046601696572508899e-01 6.031578658571369322e-01 6.479183247503681464e-01
6.177893036969784868e-01 6.101098533623450226e-01 6.374962712848122326e-01
6.067587428237548597e-01 6.045029325547283117e-01 6.096419103259611560e-01
6.086601978429868609e-01 5.945814378491578456e-01 6.110104770463437029e-01
6.022336147587799005e-01 5.809099122670045023e-01 6.132449716420631525e-01
6.260291021738492168e-01 5.877951725534882321e-01 5.998546026786524266e-01
5.780042034905292780e-01 6.119606879801966492e-01 6.613899860468487324e-01
6.108115021046254256e-01 6.354386480024675210e-01 6.288353992852154795e-01
5.993501154879701254e-01 6.138208423363833433e-01 6.274992575720831356e-01
5.774434419151648346e-01 5.821685522672546131e-01 6.586420045085303876e-01
6.024268428235214357e-01 5.782332519864396003e-01 6.790677446971105091e-01
6.504916045939954650e-01 6.367487437377973292e-01 5.977383914074900773e-01
6.231914256393742413e-01 6.076016303768987381e-01 5.925875843385892683e-01
6.033200681818416955e-01 5.827234792489054405e-01 5.861362040348854219e-01
6.135605104207817462e-01 6.056491874744363013e-01 6.132111338972364711e-01
6.143025097494381193e-01 6.005311936970287867e-01 5.746737532342751642e-01
6.022200900174141669e-01 6.343765833095604822e-01 6.537417302620442960e-01
5.934493783560650382e-01 6.113702237612438362e-01 6.494331883166638564e-01
6.194113644906841243e-01 6.141835537453641525e-01 6.199822573605930920e-01
6.517596207184688240e-01 6.306058024121672378e-01 5.633874205246847122e-01
5.728659270917815238e-01 5.933635201225703204e-01 6.979374710715100516e-01
6.680946353624170886e-01 6.512952083216621002e-01 6.385157881977128191e-01
7.511828004357550270e-01 6.917916079065340451e-01 6.109465742863290361e-01
6.198878502023965620e-01 5.923722492829595065e-01 5.950456671027608557e-01
6.478200109940934759e-01 6.695956762178374433e-01 6.024999999999998135e-01
6.089970591607297701e-01 5.863807778811354066e-01 6.104208311605994197e-01
6.094563787795634902e-01 6.135268970263809685e-01 6.068690642953531444e-01
6.053658315275176616e-01 5.880175014437176717e-01 6.057720848441059402e-01
5.903624174260806434e-01 6.031777003230749390e-01 6.291163546512058558e-01
6.164987166103104155e-01 5.953178060445227793e-01 6.269960172406863208e-01
5.952894349535715612e-01 6.222512015850928391e-01 6.443879537830511373e-01
6.007782061086968106e-01 5.819930476602652725e-01 6.508414685388269616e-01
5.894328368594794476e-01 6.156851621549488396e-01 6.666542607996946979e-01
5.844654176657461120e-01 5.772061178865091069e-01 6.623021081238942287e-01
5.803250988094983409e-01 6.109585618121613493e-01 6.759784223080287369e-01
6.166390492366983223e-01 6.023354506120413010e-01 6.430807066524323323e-01
6.082413606461256617e-01 6.239961603246424460e-01 6.393932239537837292e-01
5.759642941837819219e-01 6.147470227798523812e-01 6.834559572171161612e-01
5.937244214432289002e-01 5.897185149548422878e-01 6.717266280903242404e-01
6.365822290283291718e-01 6.632223316530221346e-01 6.137499999999997957e-01
6.331352960271888763e-01 6.614063187130455601e-01 6.212499999999998579e-01
6.253544606764283031e-01 6.570479798975054075e-01 6.287499999999999201e-01
6.179089936230085511e-01 6.527571769093724052e-01 6.362499999999997602e-01
6.138764510948448994e-01 6.504741323802241126e-01 6.437499999999999334e-01
5.837430489223174312e-01 6.005313881134559661e-01 6.375486572065429680e-01
6.061597162071290512e-01 6.460784588923387251e-01 6.512499999999998845e-01
5.925109427383767891e-01 6.117217860499164495e-01 6.274365993443338230e-01
5.980933858435086847e-01 6.414058092357453056e-01 6.587499999999999467e-01
5.816704288462690720e-01 5.926288781075523815e-01 6.629034504924072868e-01
5.975829416507756342e-01 6.411057785113309926e-01 6.662499999999998979e-01
6.377761078181631849e-01 6.439698506691371449e-01 6.051784810143735482e-01
5.916932556259733023e-01 6.376657004578630827e-01 6.737499999999998490e-01
6.037696226093871577e-01 6.246461120994577509e-01 6.171604592746513518e-01
5.880490918472356388e-01 6.355311414830038252e-01 6.812499999999999112e-01
6.081301455919483345e-01 6.250850458032001233e-01 6.465602681123574502e-01
5.763088262076232482e-01 6.285902938287376562e-01 6.887499999999998623e-01
5.721223962995667378e-01 6.260281637091853479e-01 6.962499999999999245e-01
5.872950892804680301e-01 5.637752531299584646e-01 6.087929541553495083e-01
6.332052714209903677e-01 6.087590576482981852e-01 5.650972749924622063e-01
6.298040155693918063e-01 6.064133921074587041e-01 5.697670948681450298e-01
5.863226811298163366e-01 5.629166934649563192e-01 6.182369190049228358e-01
6.204363461516746447e-01 5.976114300669322921e-01 5.701101064069843405e-01
5.908566247522831771e-01 5.696521276293722291e-01 6.179204354714029623e-01
6.320824581790125407e-01 6.145561624212930729e-01 5.526977785477704685e-01
5.887514410975647206e-01 5.758684995548145613e-01 6.097557864119207416e-01
6.339418796272555667e-01 6.141737397357827088e-01 5.601745349067586144e-01
6.111825610695771349e-01 5.911246045645055514e-01 6.032433335341532699e-01
6.538805248525959568e-01 6.284440308176738599e-01 5.525272768883637831e-01
6.358037144348838154e-01 6.164658292568654385e-01 5.725185648728967625e-01
6.294178039853631779e-01 6.048413255853045678e-01 6.162536714471903432e-01
5.939034661559381423e-01 5.682753041406660710e-01 6.524160830303575853e-01
6.097096671325428208e-01 5.822540464581805741e-01 6.369117829493782246e-01
6.249465000551143179e-01 5.963238301875476433e-01 6.252209598416835767e-01
5.939764695381501980e-01 5.730354958323182757e-01 6.548063726572530552e-01
6.302734272802260618e-01 6.048811233535837939e-01 6.366263685489575996e-01
6.281414078428311232e-01 6.027825836898328404e-01 6.186174997419178201e-01
6.292409675987523654e-01 6.046383728681616887e-01 6.183366893731497838e-01
6.532029150036993137e-01 6.245511159858849748e-01 6.050915438387939327e-01
6.656709685614753402e-01 6.410817645710434887e-01 6.000667847137233224e-01
6.415601441833826968e-01 6.172072899536500401e-01 6.360066879490408054e-01
6.381678521025599959e-01 6.157504563746853954e-01 6.254496560105246017e-01
5.524121740988581220e-01 6.260171524631557016e-01 6.399999999999999023e-01
5.492818502966320127e-01 6.161790315734796408e-01 6.399999999999999023e-01
5.391709684584635731e-01 6.014071154744778935e-01 6.400992952300270655e-01
5.397610823691111337e-01 5.844799185034803557e-01 6.399226854647341867e-01
5.298170381888154257e-01 5.703805156032986101e-01 6.385503336945921316e-01
5.254010047074894052e-01 5.665870652395788021e-01 6.293289978421143793e-01
5.306676346683245615e-01 5.666284553268537971e-01 6.292024256100263724e-01
5.623652021029907910e-01 5.927755481268034421e-01 5.908031087854765939e-01
5.259666842000950693e-01 5.630328629904449711e-01 6.182992423647559743e-01
5.353118254830828704e-01 5.603913429338891472e-01 6.311857964300029433e-01
5.308890285658263153e-01 5.602534288076419511e-01 6.251678118214037960e-01
5.279844128252166868e-01 5.475337837288332121e-01 6.429748538868342855e-01
5.316615146676508807e-01 5.462620931406385605e-01 6.485646087083871691e-01
5.590472739013484516e-01 5.663270711181163097e-01 6.236508992004222707e-01
5.295575573971422756e-01 5.503158733296917848e-01 6.186075535052875107e-01
5.500316909293456735e-01 5.567097360132515771e-01 6.325216731313701990e-01
6.115799185970807184e-01 6.152711061288068661e-01 5.641988453720294672e-01
5.687041837308572934e-01 5.820929856524137413e-01 5.813118262522878332e-01
5.937412967994728508e-01 5.934251134139011397e-01 5.873333674425387230e-01
5.665645524375300113e-01 5.724736376874298704e-01 5.984456382489163895e-01
5.766424490348193155e-01 5.843752687091950948e-01 5.654223469618739895e-01
5.723536518207290591e-01 5.922554174003825667e-01 5.755313620127839869e-01
5.557637616313595430e-01 5.728411301840516945e-01 5.842845916112515692e-01
5.607639233862709016e-01 5.729930139293089031e-01 5.795499303935032209e-01
5.730842030243770147e-01 5.716264601364791087e-01 5.871408713631138809e-01
5.676177512424668281e-01 5.717538291334262057e-01 5.590228160232646459e-01
5.808236775794656248e-01 5.857390633383108280e-01 5.501678114504474637e-01
5.497657662954016367e-01 5.472717579457998527e-01 5.883773005615640095e-01
5.634438830491698136e-01 5.545258232682697130e-01 5.825586558362949585e-01
5.158749849574963964e-01 6.064699319038732162e-01 6.959813525848511651e-01
5.292044425437856248e-01 6.137845102842388600e-01 6.864672534165039419e-01
5.273200750267548198e-01 6.123806774166711264e-01 6.764728445431179571e-01
5.303774468490832783e-01 6.208736862397511436e-01 6.444483934209102038e-01
5.699696227587376374e-01 6.455401770770072822e-01 6.293634035801649595e-01
5.272304241656280421e-01 5.918322449567354759e-01 6.992261728037867385e-01
5.272558996787286567e-01 5.831526289547706021e-01 6.980624269933142223e-01
6.090674532702470279e-01 6.609330778123454486e-01 6.049609202565945365e-01
5.627652415537536257e-01 6.203624627153755400e-01 6.381631956510047665e-01
5.557400811973540744e-01 6.128594134647269431e-01 6.243893109448516165e-01
5.431554667128970504e-01 5.853671685789458845e-01 6.716958221785362948e-01
5.970135395985937121e-01 6.322557822046491749e-01 6.115797380840406472e-01
5.324744760612897254e-01 5.703616896765515420e-01 6.697577497731828089e-01
6.559414636660380049e-01 6.547025749055749300e-01 6.252560690166519830e-01
5.329464817445115354e-01 5.661966709559633770e-01 6.533180309232851091e-01
6.184476948361266047e-01 6.503324287387893810e-01 5.580268868462765486e-01
7.732635736987706343e-01 7.457067067227208801e-01 5.364713235191138629e-01
5.654008565547992138e-01 5.971238897448378768e-01 6.013133346151375846e-01
6.251438959824662245e-01 6.316518590408981559e-01 5.967676589044126345e-01
5.330389471809552360e-01 5.630868636163226526e-01 6.098071669704685505e-01
5.401935602488411314e-01 5.611091124538329922e-01 5.969857902590867127e-01
5.630013200622057123e-01 5.860990829792812606e-01 5.544037277253665019e-01
6.091595067182086209e-01 5.919669204255315620e-01 5.538035507969472082e-01
5.258784595081844593e-01 6.067109833255815987e-01 6.664943166105258276e-01
5.448369231007252900e-01 5.966583786765650155e-01 6.452162387936011267e-01
5.564009454934941701e-01 5.968255651605558487e-01 6.378216952355753033e-01
5.329200841324230886e-01 5.757632638892882238e-01 6.279095482526007022e-01
5.254422784014828318e-01 5.565346827841044508e-01 6.461868762378166764e-01
5.833685286609248122e-01 6.025994266570174895e-01 5.971694313837666579e-01
5.820665748898190550e-01 6.037062080227069139e-01 5.841792607411264715e-01
5.444747523197026595e-01 5.678355277669940859e-01 5.820466158944523904e-01
5.716866921208988428e-01 5.850914713509105525e-01 5.484516446081932894e-01
5.452041477987613627e-01 5.734177758050162943e-01 5.985231437707375646e-01
5.536379203104447866e-01 5.704321701553699553e-01 5.696346341696282289e-01
5.351164730171730222e-01 5.930039599745300372e-01 6.585347928206175538e-01
5.257320891130162765e-01 5.727296995953223835e-01 6.480353654387840390e-01
5.499544111744981700e-01 5.731888982929419507e-01 6.237471652008153011e-01
5.794598388056593219e-01 5.846240456146768460e-01 5.893226376283320356e-01
5.163575197275223072e-01 5.766103462681606562e-01 7.013502899292815007e-01
5.277626833538227036e-01 5.732151335433957051e-01 6.817532977360603041e-01
6.356910075135072669e-01 6.377968776056177624e-01 6.250208988539665000e-01
7.748375823955113706e-01 7.277039009387689106e-01 5.605225794545513063e-01
5.568606017242129225e-01 5.823075330487297308e-01 5.873796751756199530e-01
5.520935803316322499e-01 5.579630038814312742e-01 5.938062284515851497e-01
5.448920268716895832e-01 5.788236069999341815e-01 5.905159259699853669e-01
5.404942361290396846e-01 5.615718385942540802e-01 5.747709630509229006e-01
5.404808420774416255e-01 5.721589250592489240e-01 6.190905742906681608e-01
5.368944124638876936e-01 5.522478453037238388e-01 6.116329953377430684e-01
5.612892291687414659e-01 6.007561944573027723e-01 5.742099410102957657e-01
5.884293074802702250e-01 5.827079339920941958e-01 6.167832275683271526e-01
5.280206813118543119e-01 5.808362420502890533e-01 6.499922522551517812e-01
5.594608632003854609e-01 5.814613188751297512e-01 6.145830645197702946e-01
5.217676767307120045e-01 5.731683599662069639e-01 6.736792781665335017e-01
5.354977278195371948e-01 5.648923207952268877e-01 6.250959895311112291e-01
5.152879976789288552e-01 5.679148745628048722e-01 6.922173604361785415e-01
5.628195650330336530e-01 5.812532791656827014e-01 6.284763160553642480e-01
5.396225963154501759e-01 6.034993122356475670e-01 6.657300934633805234e-01
5.439900743721318710e-01 5.747709908177915938e-01 6.527647738220418994e-01
5.816115602556382047e-01 6.314711108332287104e-01 5.912499999999998312e-01
5.771758636244339602e-01 6.289080294315816388e-01 5.987499999999998934e-01
5.700188028332783263e-01 6.246167046497559383e-01 6.062499999999999556e-01
5.610992060269798243e-01 6.192959036513989712e-01 6.137499999999997957e-01
5.571886897931076499e-01 6.169100132583551499e-01 6.212499999999998579e-01
5.559254104006381425e-01 6.161273592687289691e-01 6.287499999999999201e-01
5.459224150374222262e-01 6.100311663608259938e-01 6.362499999999997602e-01
5.473706066237050694e-01 6.108058831747680273e-01 6.435852395770444989e-01
5.871613646452084057e-01 6.198601616006724768e-01 5.922923771687134131e-01
5.415341196615072183e-01 6.072536832586465927e-01 6.511142084426189136e-01
5.231160441140098039e-01 5.683856563501851200e-01 6.406156657011661260e-01
5.276136955884327406e-01 5.985830947866612739e-01 6.588640649082000422e-01
5.172463938278377693e-01 5.566119880416422472e-01 6.651100156352304227e-01
5.289084720648278282e-01 5.994465578728646049e-01 6.664451777318086689e-01
5.767285470440630668e-01 6.132392283944386735e-01 6.161513109027694224e-01
5.213044844911745024e-01 5.946009001634837698e-01 6.743203245409994384e-01
5.403989490439327081e-01 5.958596212325811825e-01 6.019643885012833096e-01
5.161992415516398758e-01 5.912597695739034709e-01 6.822258886590437665e-01
5.461334668480949395e-01 5.951583772819237783e-01 6.314406480313322634e-01
5.575054561972021538e-01 6.016108741098804558e-01 6.437075707386070711e-01
5.293256645336785748e-01 6.310060428383649223e-01 7.015017384817052726e-01
5.677833063284679627e-01 6.130240028848814582e-01 6.168102683504961270e-01
5.351611406937708537e-01 5.361870430407258414e-01 5.845476964984741564e-01
5.388983437307870439e-01 5.402527672849306573e-01 5.844061900489807559e-01
5.363758696856226749e-01 5.391153644237767217e-01 5.864641912008312641e-01
5.719636504711187452e-01 5.767543534344982126e-01 5.238219250988465081e-01
5.571036049226381071e-01 5.570818825643699679e-01 5.695039598682898330e-01
5.461967608772297922e-01 5.472579232017423800e-01 5.847348497958924085e-01
5.810373416913598987e-01 5.813934934268251142e-01 5.580796151721432174e-01
5.467500789057744282e-01 5.457746741730524764e-01 5.969422871141976117e-01
5.692143827798588074e-01 5.700244656520551123e-01 5.844212919953302166e-01
5.423084270077765945e-01 5.417834203736078269e-01 6.128540781293034811e-01
5.645394025665358972e-01 5.706848756844172810e-01 5.769114921932771978e-01
5.818383487897480499e-01 5.824046792752974877e-01 5.742945148499961627e-01
5.933375037426927845e-01 5.893744421352451468e-01 5.733529788493942903e-01
5.608026732242026302e-01 5.644439597624705263e-01 5.673333413581305162e-01
6.221333457444900850e-01 6.024925636097153703e-01 5.534973407913136301e-01
5.892641158147905456e-01 5.954398538561107568e-01 5.682367308359014269e-01
6.016404709167006981e-01 6.096431458338844589e-01 5.468694045604374221e-01
5.679963323887218252e-01 5.694079040258523960e-01 6.049944362557824196e-01
5.526835893906137942e-01 5.602084952648267446e-01 6.155059997436471697e-01
5.825583661801698732e-01 5.947091462096090186e-01 5.648865296148670723e-01
5.839573222714273815e-01 5.959643438527046921e-01 5.735039000873136672e-01
5.746015110765525513e-01 5.894853600241181102e-01 5.835968795935223552e-01
5.695744421650560385e-01 5.856947045636720084e-01 5.814006258551601691e-01
5.630431594687450580e-01 5.749766596085708059e-01 6.010379465274511279e-01
5.811560430122023613e-01 5.839390853485042499e-01 5.948188622228450795e-01
6.044773210024634302e-01 6.147583767642410546e-01 5.882261405446562730e-01
6.083751206191135852e-01 6.176085598480384187e-01 5.901297545969832470e-01
5.892212296177707920e-01 6.012423711685641603e-01 6.055613290285228878e-01
5.724317115373617204e-01 5.864214083640304498e-01 6.198515099528842942e-01
5.423644549296975370e-01 6.688250249012948068e-01 7.073333649848904114e-01
5.909513490267712665e-01 6.049372855869096233e-01 6.102460869868746585e-01
5.308893722146583727e-01 6.120824361417238624e-01 6.720718050605005711e-01
5.253269694979280091e-01 6.015310654848019523e-01 6.871427031691682563e-01
5.890541785803670161e-01 6.267027689609625529e-01 6.408221184881893739e-01
5.741775855605963930e-01 5.999704627770756638e-01 6.413763628512499926e-01
5.897895834306783325e-01 6.115206621557057742e-01 6.124895712286775318e-01
5.806565567931554206e-01 5.918729182324071747e-01 6.248792672711369622e-01
5.688809464488455703e-01 5.800843728478290995e-01 6.258525136754979901e-01
5.964782072170181637e-01 6.014433144711466284e-01 5.971128060561519124e-01
5.703464901902119966e-01 5.723578561084355920e-01 6.300387722953084690e-01
5.661487951494974524e-01 5.707363922372238330e-01 6.193373241322519540e-01
5.721956867019841741e-01 5.634597334201223440e-01 6.323351811067179362e-01
6.116913448919136798e-01 5.965083299998744648e-01 5.831934787771948514e-01
6.102643949403045998e-01 6.058469904366832193e-01 5.816613703278785685e-01
6.178103146346642927e-01 5.993099905017176265e-01 5.832267966174320417e-01
6.172677320193813433e-01 5.952194105074758435e-01 5.735552704037509830e-01
5.951353055158621341e-01 5.709807782704727774e-01 5.776065469245609263e-01
5.870659642403399658e-01 6.473903834416253611e-01 6.393126274407614495e-01
5.706668011411520913e-01 6.128629323961198860e-01 6.927050477465329648e-01
5.927746054851856794e-01 6.369318471851415087e-01 6.356247048849550385e-01
5.849791358275515663e-01 6.151351405516611859e-01 6.634561519696234866e-01
6.078873010644301189e-01 6.318644191981631630e-01 6.239670439249873635e-01
6.151257136246790491e-01 6.214140720021856801e-01 6.368406386310728751e-01
6.321138778376665934e-01 6.431474140428588004e-01 5.943140388227886595e-01
6.139535767460546634e-01 6.127798937730124518e-01 6.332234659292377277e-01
5.922877394947559937e-01 5.960595892573032906e-01 5.929425564193966380e-01
5.845426438073816344e-01 5.726299531613938676e-01 5.926989210556530274e-01
5.731361534442380723e-01 6.220024644796207092e-01 6.479207227983662110e-01
5.774228139216202038e-01 6.051348387018830044e-01 6.551187807038747479e-01
5.869490627978600772e-01 6.017137434880124314e-01 6.323149084497905470e-01
5.863672179133260220e-01 5.891206574366080195e-01 6.216159831434175942e-01
5.952190322439883108e-01 5.796268635378710732e-01 5.995853568698450431e-01
5.961259286272747593e-01 6.218138745365029418e-01 6.241240998011434726e-01
5.766200151398681584e-01 5.781383947544430635e-01 6.097473303505396292e-01
5.796622239585346170e-01 6.179569552300316904e-01 6.277326759996351146e-01
6.041645533614127261e-01 6.124808773287496733e-01 5.739988213237011694e-01
5.650864906995713977e-01 6.098591982702767922e-01 6.631338362537362308e-01
5.945199175457196450e-01 6.097365858956200757e-01 6.328062172616483183e-01
6.075334597778880852e-01 5.887032791980186808e-01 5.470231305495997232e-01
6.126267282917758905e-01 6.496598422547568141e-01 6.174999999999998268e-01
5.897584141452617557e-01 5.983996948169176822e-01 6.188141180691169030e-01
5.976382634416785855e-01 6.409011260125341281e-01 6.324999999999998401e-01
5.753013036199019492e-01 5.939097267671873404e-01 6.252636983857886577e-01
5.891885573137085608e-01 6.360456114143007156e-01 6.474999999999998535e-01
5.946448360492762042e-01 6.113561967239997674e-01 6.101883443878055591e-01
5.803024574810564662e-01 6.308638997912350277e-01 6.624999999999998668e-01
6.053051356460812382e-01 6.187481478312570893e-01 6.391197903617289455e-01
5.620802030123985826e-01 6.199114255403936902e-01 6.774999999999998801e-01
6.158890200939116655e-01 6.383679900838842292e-01 6.096499668048395160e-01
5.983723005672316742e-01 6.262735214911085979e-01 6.423222041899667722e-01
5.712997019477888960e-01 5.546683876275591007e-01 6.094463648289474289e-01
5.960148351206533412e-01 5.883296427633700754e-01 5.773752450491771437e-01
6.157355525487073766e-01 6.052808971998857590e-01 5.399093677851471984e-01
6.610817412208178645e-01 6.423336613872812073e-01 5.326924610592760345e-01
6.578200661411879313e-01 6.380255104061063331e-01 5.524309631211005156e-01
5.929567962845303519e-01 5.819345687919132981e-01 6.058079542574490439e-01
6.188739473036946048e-01 6.078867250927555421e-01 5.863857725845513791e-01
6.397110029594093028e-01 6.228941239935095187e-01 5.813527012009297446e-01
6.417353982442992599e-01 6.334576950497721182e-01 5.793451954321116038e-01
6.455047473825004101e-01 6.322327169229920996e-01 5.959142891137233500e-01
5.576454621843154325e-01 6.087354800165556412e-01 6.400666028183148448e-01
5.429803725977164763e-01 5.830573229487971965e-01 6.404869514699682576e-01
5.366818937454129745e-01 5.702126399451915573e-01 6.369155449468935082e-01
5.426685935604914635e-01 5.653192768804899959e-01 6.435646382812536537e-01
5.475380285421674875e-01 5.675284743397210896e-01 6.276680384599726548e-01
5.517564360054707517e-01 5.661150505760297325e-01 6.245606826645168086e-01
5.587502578882139748e-01 5.632169559850030982e-01 6.306317079853122065e-01
5.734697956015335496e-01 5.831473842430452414e-01 5.874698127281855475e-01
5.554814820685547438e-01 5.484915100510887598e-01 6.452499785046136305e-01
5.363388127179562481e-01 5.375909978199118200e-01 6.372611126500298262e-01
5.777357272690932799e-01 5.886237402093198456e-01 5.820050589393594986e-01
5.870383931785905229e-01 5.902840108201129476e-01 5.574870623971429628e-01
5.788628950038803289e-01 5.701893928412051782e-01 5.797292007926411195e-01
5.665732373145011547e-01 5.567887611253453661e-01 5.810008182339623239e-01
5.383518764972304860e-01 6.236440582355969875e-01 6.636459003967466463e-01
5.389509613188310233e-01 6.124294247389229229e-01 6.610984336205298906e-01
5.521058657589706931e-01 6.123646731214408279e-01 6.732044320853007857e-01
5.706332602538204402e-01 6.221132246632669061e-01 6.544478462070564273e-01
5.461870222706675104e-01 5.866096606851358697e-01 6.819183061769015231e-01
5.552314538801070842e-01 6.034675277930207082e-01 6.382578404752279333e-01
6.107000603176191422e-01 6.356721107857559172e-01 6.032318348359144711e-01
5.726660975789690244e-01 5.913996451020233636e-01 6.422811374797445794e-01
5.614984631246601188e-01 5.840074565137416407e-01 6.324333672551141206e-01
5.555384373839815648e-01 5.762967521445439001e-01 5.891861289640054622e-01
5.959222796509190401e-01 5.904031349131615425e-01 5.545989775139765765e-01
5.365058605600188102e-01 5.923332583141163177e-01 6.773972584579298628e-01
5.388584203367697834e-01 5.782724957688900602e-01 6.722731225027160917e-01
5.527179062087475003e-01 5.838860431534388384e-01 6.438165799191633010e-01
5.734106249005088696e-01 5.954887582047830863e-01 5.768374558192858048e-01
5.800771967054868528e-01 6.117844729426650252e-01 5.954353302773520706e-01
5.642803887996550305e-01 5.735077510821966484e-01 5.639707074590352143e-01
5.653007641271684536e-01 6.034143135461975671e-01 6.263402835132176882e-01
5.904325220994859347e-01 6.063733731502465307e-01 5.658584377346180805e-01
5.467744070075604146e-01 5.937117055938738730e-01 6.469401193655006654e-01
5.722434280386710093e-01 5.950673875964902493e-01 5.948900933292535775e-01
5.495330217027167841e-01 6.465834474193445924e-01 6.856458491820545120e-01
5.314596141690752784e-01 5.855789082882605356e-01 6.790954845942502871e-01
5.399555678030353301e-01 5.611798736189675951e-01 6.639431070498440501e-01
6.015224744248621747e-01 6.430898239350082424e-01 5.874999999999998002e-01
5.882478871153496991e-01 6.354672356293904478e-01 6.024999999999998135e-01
5.748087320169221748e-01 6.275324886682889236e-01 6.174999999999998268e-01
5.624008223167169529e-01 6.200437559096708684e-01 6.324999999999998401e-01
5.572369821088245523e-01 6.171436702900413573e-01 6.471529445227504063e-01
5.771647134312187788e-01 6.157792296153563605e-01 5.781556221418837627e-01
5.475049618732431567e-01 6.112126476436187117e-01 6.622574608026771115e-01
5.522411073761072098e-01 5.794845915282227367e-01 6.559868836738952380e-01
5.511319010916557737e-01 5.885778459391410866e-01 6.494741705790059161e-01
5.570503998886997543e-01 6.839641080649887517e-01 6.923936651453126423e-01
5.468319539582544575e-01 5.874842927925065794e-01 6.665878423444342449e-01
5.558035442702349282e-01 5.533344809544958887e-01 5.674531138185696655e-01
5.995473235189729966e-01 5.964902107873616410e-01 4.997317083857575337e-01
5.597040065437243195e-01 5.537033987927422185e-01 5.730049051720860209e-01
5.822141436799542769e-01 5.835215215509161890e-01 5.194634543211172906e-01
5.954327568710325869e-01 5.912144436481558962e-01 5.546595460924548249e-01
5.512275952905002496e-01 5.489895376132217786e-01 6.051973326045934076e-01
5.744150369185774263e-01 5.775241038071317057e-01 5.836392597966990614e-01
5.640659570451820315e-01 5.645647618773732557e-01 5.819221350603347442e-01
6.102054343543032999e-01 5.976243173490347615e-01 5.663544435855499826e-01
6.002813347865270099e-01 5.958328826952632440e-01 5.890144495245904777e-01
6.036955169260058707e-01 6.062133904926960692e-01 5.715126987567581418e-01
6.379390197777434768e-01 6.360142527061962703e-01 5.671601979081497547e-01
5.283818085009230892e-01 5.981777147822381346e-01 6.973169926892393011e-01
6.028381539480669460e-01 6.188780074228843464e-01 6.096237438735037095e-01
5.737894940883272454e-01 5.751467949209372321e-01 6.433657386563864655e-01
5.728185640340246465e-01 5.699069883210960974e-01 6.352624451283370721e-01
6.574184218429166560e-01 6.306124410787877776e-01 5.831096864970619631e-01
6.204714969463704932e-01 6.078935177234854326e-01 5.748958777940049725e-01
6.046136492330784762e-01 5.783342351440630136e-01 5.819793129996643222e-01
5.840287011228394443e-01 6.325644746600916912e-01 6.717737566509844882e-01
5.867610433383445567e-01 6.106453032430223526e-01 6.836028303557788455e-01
6.785621001322612589e-01 6.772449926757171390e-01 6.151992355093887088e-01
7.777334587148694300e-01 7.340585144274546225e-01 5.520378868649845616e-01
6.031223509612722022e-01 5.838315388337362855e-01 6.140449644027404785e-01
5.825212099331895654e-01 6.206674722277877310e-01 6.471246711504379245e-01
5.631030175498454859e-01 5.686987954567115366e-01 6.664976864945401092e-01
6.188310706452677667e-01 6.531977413264581367e-01 6.249999999999997780e-01
5.940668844928739256e-01 6.390074258654454553e-01 6.549999999999999156e-01
5.920730610289528517e-01 6.095772277141615625e-01 6.223511122636021797e-01
5.702466465935336348e-01 6.248767932038987727e-01 6.849999999999999423e-01
5.721569879112801127e-01 5.975240402922525895e-01 6.631854446406361125e-01
5.955082552591228762e-01 5.675708516288709982e-01 6.071686703089363979e-01
6.451850082716237278e-01 6.193184930999171556e-01 5.713259954122754669e-01
6.411995117049404946e-01 6.192367157637463926e-01 5.595638189118257166e-01
5.894406751346341622e-01 5.614264520174452322e-01 6.617537731907668919e-01
6.064345575425000856e-01 5.786365189963199596e-01 6.548087151187422794e-01
6.602054172186044845e-01 6.423097368430157328e-01 5.872179746228530783e-01
5.632045569144452646e-01 5.876965256709324459e-01 6.192026184146921519e-01
5.653700781307025025e-01 5.739870801136259804e-01 6.306960244740655863e-01
5.952991335770967396e-01 5.994893505014500246e-01 5.944265203436237543e-01
5.822817060498488573e-01 5.696878274584615820e-01 6.101961749367215138e-01
6.106874626594189781e-01 6.093215242639156148e-01 5.566473404295182448e-01
6.065480022432279128e-01 5.854755985843875798e-01 5.597118119177034723e-01
5.557508244610822601e-01 6.089950495002109943e-01 6.895411623614484675e-01
5.904094380329860670e-01 6.235474228655764062e-01 6.659385245104931794e-01
5.975923633245873168e-01 6.225300897817660495e-01 6.309889211953283450e-01
6.496263976241205551e-01 6.496247176694138759e-01 5.730733860631124221e-01
5.647676866101694060e-01 5.656551484392512430e-01 6.110670659613779421e-01
5.576116732937663745e-01 6.044263806971543751e-01 6.541242796249491231e-01
5.512257939789976247e-01 5.688436781465036063e-01 6.522366115533861919e-01
5.990310005929868620e-01 6.417493596840985193e-01 6.249999999999997780e-01
5.782099276459218284e-01 6.295569451811668937e-01 6.549999999999999156e-01
5.586188287701832067e-01 5.862303985276706708e-01 6.401871842157054182e-01
5.486283624810199822e-01 6.116548993418928770e-01 6.849999999999999423e-01
5.521679350714981949e-01 5.893978169932245770e-01 6.580882605040451194e-01
6.089095635354724312e-01 5.885264704155344084e-01 5.857230044256382939e-01
5.921199620770161154e-01 5.686289877831434136e-01 6.143668985427477303e-01
6.068628050216104963e-01 5.854621154300214680e-01 5.913280883749360006e-01
6.155951549877756168e-01 5.881790003679078227e-01 6.146615700890275535e-01
6.239068857986647121e-01 6.093655594823026433e-01 6.063134099182242442e-01
6.412874527198446639e-01 6.265101203899022808e-01 6.014944121566800916e-01
5.552167154489165979e-01 5.985341835099584618e-01 6.401102721984870403e-01
5.448911429748179991e-01 5.784072333491971918e-01 6.244845408982445667e-01
5.781773343159248846e-01 6.023333708629965422e-01 5.632677422409961832e-01
5.758291110974202986e-01 5.871052055537011594e-01 5.836566337590198827e-01
5.863927768967158727e-01 5.917150106402666587e-01 5.773070315231940697e-01
5.910846097263759980e-01 6.009865664021196707e-01 5.795024893863374160e-01
5.938420422193073644e-01 5.978227077966926650e-01 5.694142316818863181e-01
5.877695457677293289e-01 5.763306576790101499e-01 5.603123686472015752e-01
5.296265188460450579e-01 5.941799789439856649e-01 6.930080727998984003e-01
5.712184760659112515e-01 6.162616397462993278e-01 6.427244693799983866e-01
5.701070891720165790e-01 6.070332163426213068e-01 6.311793251607364930e-01
6.407795721752520546e-01 6.491726744671277860e-01 5.784556183979107091e-01
5.860962313830304637e-01 5.980358018191671565e-01 5.396783508929577922e-01
5.461701640911613698e-01 5.905028891402627211e-01 6.757552964632721482e-01
5.611651736087551745e-01 5.851836551549415288e-01 6.247346724899274228e-01
5.997516003597258560e-01 6.421104672856592366e-01 5.949999999999997513e-01
5.799726878557303067e-01 5.924872217910672756e-01 5.991111004015855501e-01
5.823949893073814277e-01 6.319318133210738431e-01 6.249999999999997780e-01
5.562746252618171461e-01 6.167349046595388407e-01 6.543424497320367017e-01
5.415588451512125534e-01 5.765258702665713164e-01 6.411757931579455949e-01
5.358844281976422597e-01 6.048636987067502746e-01 6.826196156357645650e-01
5.702528458785068866e-01 6.059283626286637858e-01 6.424754466022117860e-01
5.667581639538066263e-01 5.550677209655321409e-01 5.806911157629990328e-01
5.467779988950045578e-01 5.390120851008195491e-01 6.043410066215992860e-01
5.516945017925961592e-01 5.492716197620238772e-01 6.057745424600533557e-01
5.702626249600407649e-01 5.774700227651996531e-01 5.718658248677281897e-01
5.869475887991685292e-01 5.903598977164112860e-01 5.734825787081656578e-01
6.058594706690970666e-01 6.062453354246728487e-01 5.618108540485116098e-01
6.183038665753332053e-01 6.102132736783705269e-01 5.978003062531759282e-01
6.542197522653915298e-01 6.414513167864699383e-01 5.779625493824347426e-01
5.627968195060291112e-01 6.368839903121592538e-01 6.399999999999999023e-01
5.402512395409975188e-01 5.868868800578392886e-01 6.358144982496567454e-01
5.292807674214178304e-01 5.754652604285481754e-01 6.294498167953950230e-01
5.375531273773759278e-01 5.738913182874736396e-01 6.249929949737855761e-01
5.483546308308828721e-01 5.747300595354685182e-01 6.093446862655282903e-01
5.593209348952608018e-01 5.863520878057851826e-01 5.695893465512432696e-01
6.123058695157839182e-01 6.119600411706910270e-01 5.713108256464554113e-01
5.830385614368959191e-01 6.026426430239839593e-01 5.835846798720427664e-01
5.602151390117325880e-01 5.700630925973080299e-01 5.834813279526955831e-01
5.815878783062262691e-01 5.805282386573090703e-01 5.350462067734160776e-01
5.226780492606051265e-01 5.810546247942740550e-01 7.154432157314815077e-01
5.365916372851364802e-01 5.788894809251348139e-01 7.004816616156914755e-01
6.752903678012276423e-01 6.910727528289275501e-01 5.912735426039862352e-01
7.283035329954758996e-01 7.096363892913308824e-01 5.584072494244941565e-01
5.649351868009350186e-01 6.014855300278312278e-01 6.126641382684082648e-01
5.699890475030228165e-01 5.833998211633887321e-01 5.594146952845621135e-01
5.415981603204829131e-01 6.412772592687761009e-01 6.707069975911076343e-01
5.336999826838397798e-01 5.812554005351230346e-01 6.704785531033894408e-01
5.979497734582304158e-01 6.192213043703796993e-01 5.752607330715748812e-01
5.835812772924835468e-01 6.325940939684706610e-01 5.949999999999997513e-01
5.652962269020348485e-01 5.876557425997089856e-01 5.858481671513997568e-01
5.620275233384742775e-01 6.197748174770855156e-01 6.249999999999997780e-01
5.385754193339862272e-01 5.715657961103375317e-01 6.244454032509748620e-01
5.386145651406635260e-01 6.055986188369619772e-01 6.552524004307270777e-01
5.402442131651201684e-01 5.823950498993384350e-01 6.176042959470990912e-01
5.267783872528386535e-01 5.964758853240892389e-01 6.908091719239772832e-01
5.541084567267481331e-01 6.021252670016890018e-01 6.067693235943976138e-01
5.556052520277926510e-01 5.597549643715560297e-01 5.503473389841337937e-01
6.015937660782497698e-01 6.017839946785388250e-01 5.195582177252354716e-01
5.862471587080418933e-01 5.846177492765867179e-01 5.518327119469179642e-01
5.923344174612485968e-01 5.908808042442750263e-01 5.458042532010736192e-01
5.526990883897785478e-01 5.673028976177496574e-01 5.926905045386392512e-01
6.221133205184639081e-01 6.300972269519993230e-01 5.442445420047633542e-01
6.174388705626379092e-01 6.211438999566816221e-01 5.716395428720471017e-01
5.925322249710494038e-01 6.102471035318408621e-01 5.837412121107294904e-01
5.819542252858292963e-01 5.822401705549897777e-01 6.444143348495929846e-01
6.288796514124235237e-01 6.055188293250386433e-01 5.902418484162275103e-01
6.499002072013535525e-01 6.518953931735580465e-01 5.765156401291779975e-01
6.274203136055820362e-01 5.951657873505766805e-01 5.862508766955156769e-01
6.083011286473607448e-01 6.489796074069644760e-01 6.560451367298441028e-01
5.992134356530677275e-01 5.995941187991041810e-01 6.595104577965844594e-01
6.366844002711617989e-01 6.631354505431616975e-01 6.099999999999998757e-01
6.146881864029729581e-01 6.123210557799703135e-01 6.102168335324723580e-01
5.871988006818577022e-01 6.349434464869860850e-01 6.699999999999999289e-01
5.756145763318771813e-01 5.979647170810544754e-01 6.568721109950094172e-01
5.932115779581068615e-01 5.596327524326387692e-01 6.010108093402375395e-01
6.361468280966342537e-01 6.002305556275265852e-01 5.796082600619624214e-01
5.975878890616423966e-01 5.770853592451792302e-01 6.266908681841385498e-01
6.316608182376368674e-01 6.177739270403035388e-01 5.806433684503080617e-01
5.761417557876414852e-01 5.935482562657274919e-01 6.415960232819646336e-01
5.991887244599207740e-01 6.117186094464899249e-01 6.020751763674627721e-01
6.094306765239816404e-01 5.972567359517703123e-01 5.869760589339090284e-01
6.120733724474922699e-01 5.864214406852552575e-01 5.914177919577678910e-01
6.334377080313629005e-01 6.274616021925805143e-01 6.155638178480099532e-01
5.877802731510241019e-01 6.330557389214153119e-01 6.565614931803565035e-01
6.354951139258114834e-01 6.384634216137160534e-01 6.281010359492701367e-01
5.761009832124417418e-01 6.283955733078110395e-01 6.699999999999999289e-01
5.830865033758102500e-01 6.081635370901452564e-01 6.330569942059391941e-01
6.014258924907124326e-01 5.925107930649299304e-01 5.522351601216979322e-01
6.200170193815914832e-01 6.059281373895987199e-01 5.836345644241569541e-01
6.286439068430251798e-01 6.099968500138370775e-01 6.065697302492247811e-01
6.048428271374525211e-01 6.239068962543705688e-01 5.605210292666072958e-01
6.075614662847328429e-01 6.064890241639703250e-01 5.556710802841057228e-01
6.120823680010890611e-01 5.953161154804378352e-01 5.750191140462332928e-01
5.911097044050084293e-01 7.029425828145217103e-01 6.999999999999999556e-01
5.692687413240546945e-01 6.121669939070917277e-01 6.839639675549460396e-01
6.225318901184857534e-01 6.417596510458205561e-01 5.872817584156404536e-01
6.140926407197848658e-01 6.505028241922670151e-01 6.099999999999998757e-01
5.681501120668823734e-01 6.236931411801265313e-01 6.699999999999999289e-01
5.906441663557011612e-01 6.223320210806400077e-01 6.026442485333282084e-01
5.792004471493548134e-01 5.618622573067617587e-01 5.800785717216823123e-01
5.803677736249464036e-01 5.717342905629033689e-01 5.904158064260118799e-01
6.337654934567376053e-01 6.196388534591568131e-01 5.565547297702917451e-01
6.409807566098539855e-01 6.332572056851513143e-01 5.885222217283905266e-01
6.278950260206708212e-01 6.360490288575830764e-01 5.590664267160614376e-01
6.491802212698077890e-01 6.310927596486601843e-01 5.524980324754303895e-01
5.917179348451490073e-01 5.861413588639120542e-01 5.589191366522553439e-01
5.465131379239618337e-01 5.957449279179374280e-01 6.967477264598497255e-01
6.004178137856784891e-01 6.115667547051008013e-01 6.349674282460652242e-01
6.045572485306929256e-01 6.448988731282833120e-01 6.099999999999998757e-01
5.820439466999602907e-01 6.006260757425295749e-01 5.975249120122958502e-01
5.559050719531171136e-01 6.161736929832875020e-01 6.699999999999999289e-01
5.765156381521163720e-01 6.145666762762183044e-01 6.115951204699590082e-01
6.037209859739596229e-01 5.935427802601818126e-01 5.398704350638879879e-01
6.186100614270166886e-01 6.059901615108336248e-01 5.393280005352094619e-01
5.907531187949561780e-01 5.755291063138835428e-01 6.172043524119010804e-01
6.378579496356964196e-01 6.338004030719528448e-01 5.671308605923219837e-01
5.514672522069488103e-01 5.824605238286132414e-01 6.324961789653644750e-01
5.539648475573388797e-01 5.750347044191481682e-01 6.301532429498877264e-01
5.756271808611288510e-01 5.679424974684547101e-01 6.230593823872652148e-01
5.740393177313225515e-01 5.629183054670165998e-01 5.647694941543086600e-01
5.804573403505217666e-01 5.716582188423877664e-01 5.877822957839466955e-01
5.415541693755924202e-01 6.028578601798725289e-01 6.703897927175568316e-01
6.046117975967013614e-01 6.197168702582243061e-01 6.024487834910505768e-01
5.958617857696755227e-01 6.398893369412683718e-01 6.099999999999998757e-01
5.509806602812431509e-01 6.133387552008702226e-01 6.701232677824207062e-01
5.558762012584417267e-01 5.994209269087275027e-01 6.337974449011150035e-01
5.626342415006371223e-01 5.561330850139915016e-01 5.705128514720614330e-01
5.958434191016683812e-01 6.025541381966157406e-01 5.765771195941080673e-01
5.885287368451914691e-01 5.783931937819217772e-01 6.404832060378466974e-01
5.812082116147753164e-01 6.649235226763345885e-01 6.399999999999999023e-01
5.396540787570458519e-01 5.727218928267397979e-01 6.407076807920744077e-01
5.513166761875130106e-01 5.759696841518189281e-01 6.173306723713731792e-01
5.923378733683084540e-01 5.960498393863389310e-01 5.550388937245516185e-01
5.600292414525243068e-01 5.487987786299147741e-01 5.811033522971600362e-01
5.841110561658078293e-01 5.815688351126970801e-01 5.614555528156457420e-01
5.511414644029335452e-01 6.645286760652470148e-01 6.952308039427136377e-01
5.311399749860459263e-01 6.202834531180253519e-01 6.903559289479278549e-01
5.739692932146660542e-01 6.345228023340736545e-01 6.215330578738021972e-01
6.537079144550765886e-01 6.687536786140944045e-01 5.614078069197862009e-01
5.875692290930143447e-01 6.351037231689894424e-01 6.099999999999998757e-01
5.578153854233495190e-01 5.855999112072198809e-01 6.593604536460995202e-01
5.890012259915833326e-01 5.844439093033122479e-01 5.446102290503880283e-01
6.352198713777617023e-01 6.267435339502739344e-01 5.620779146657588488e-01
5.704941743397897724e-01 6.920079566387182801e-01 6.868841207034191987e-01
6.308575195398135049e-01 6.191516452305603213e-01 5.979578579301471075e-01
5.404030229967681231e-01 6.079300555032081110e-01 6.739340026183320287e-01
5.419015765170371868e-01 6.102980519752341237e-01 6.837359946546390788e-01
5.613291954744679124e-01 5.773630962856208804e-01 6.231201752077989431e-01
5.956503339148365717e-01 5.963293943249150519e-01 5.644180171330660523e-01
5.737292430451790270e-01 5.702642782514000253e-01 5.679606065524758218e-01
5.300275003116489136e-01 5.806686756318928389e-01 7.029027104113521052e-01
6.662081020819796695e-01 6.730779533673644233e-01 5.783761092288033367e-01
5.792435388682013464e-01 6.300478531312470043e-01 6.099999999999998757e-01
5.549178675695455309e-01 5.766080194328968567e-01 6.161633862682378560e-01
5.542309676160246390e-01 5.816902954168392537e-01 6.595798597019555398e-01
5.978486150119495246e-01 5.941392951989146187e-01 5.037294668706585599e-01
5.419545382778636622e-01 5.463321059233070542e-01 6.081345370861644950e-01
6.045369278103829291e-01 6.107832916679774016e-01 5.470156265151715491e-01
6.033929826468766855e-01 6.068592849496634578e-01 5.914724671880919882e-01
5.656862727672054003e-01 6.563092700513148969e-01 6.399999999999999023e-01
5.426262393081755508e-01 5.988197172437879079e-01 6.412918375615024313e-01
5.306215756857066701e-01 5.781667716668580370e-01 6.323668123665278085e-01
5.820956813069413371e-01 6.082604083807915396e-01 5.731551935601733039e-01
5.677528753834070185e-01 5.673890438480998499e-01 6.094583921370182455e-01
5.830632391142893667e-01 6.107792831871812211e-01 5.861784421515934262e-01
5.575963041712439505e-01 5.594361725730333523e-01 5.758812662598922216e-01
5.384505522380580445e-01 6.562128345756925718e-01 6.955121944707607362e-01
5.214590152196956208e-01 6.132733076371190695e-01 6.910188828711787412e-01
5.365129060503994740e-01 5.952253810504211096e-01 6.609978157055983461e-01
6.299905157333877126e-01 6.461715203153638454e-01 5.801629342047345261e-01
5.698666678774428895e-01 6.244596736959071581e-01 6.099999999999998757e-01
5.506265927590869858e-01 5.778564580932122885e-01 6.100983579509706711e-01
5.406112002940443029e-01 5.832856946324518344e-01 6.390121571088162034e-01
5.484658739286550899e-01 5.491447713209181014e-01 5.658336253416108574e-01
5.353011923084787238e-01 5.395436963156221566e-01 6.097750434834851019e-01
5.745723456844840094e-01 6.946095515492191064e-01 6.526093938955113138e-01
5.976259124767221431e-01 6.117373263133085715e-01 5.529170440237995976e-01
5.540560697366376797e-01 6.852214751726759534e-01 6.777374091710338666e-01
5.601097446018341586e-01 5.731146817547072558e-01 6.239265282786652378e-01
5.428048744135778314e-01 6.082319578437006546e-01 6.471679209343972339e-01
5.352297101227878606e-01 6.037230559745736524e-01 6.612587598584476201e-01
5.230671920229150729e-01 5.990923400497176754e-01 6.701590622373179151e-01
5.304230271414345221e-01 6.153314915210403857e-01 6.581415817844104010e-01
5.824628576713365424e-01 5.943552982200934753e-01 6.465795361419299780e-01
5.798344012790108692e-01 5.729606351831835198e-01 6.486989259663198393e-01
6.707141656084902870e-01 6.819273648473636040e-01 5.799999999999998490e-01
5.676590332582581722e-01 6.231449053125115434e-01 6.999999999999999556e-01
5.835283775939865691e-01 5.557102316635869066e-01 6.180927614217439636e-01
6.414798695078268720e-01 6.208612256711518729e-01 5.900635357681187632e-01
5.816658361617899065e-01 5.927613824390498554e-01 6.481902900229792319e-01
5.725884168776184113e-01 5.674905600392976535e-01 6.501260795913315071e-01
6.645427093112610262e-01 6.786407977517192602e-01 5.799999999999998490e-01
5.687300735604583490e-01 6.238665178808444622e-01 6.999999999999999556e-01
5.859066256660419025e-01 5.555085552735654630e-01 6.195978387492697692e-01
6.423873977684271264e-01 6.216193463308761213e-01 6.037896777241968937e-01
5.672505486030412492e-01 5.703011742465489142e-01 6.393311315477977486e-01
5.947207445065847420e-01 6.178081360938031397e-01 6.557923142177588538e-01
6.246653043704404329e-01 6.062830222310902073e-01 6.092542701234866520e-01
6.022394524262406623e-01 6.062722046320832003e-01 6.072756137988578606e-01
5.917120899341138385e-01 6.193175420806666942e-01 6.650642259749058871e-01
6.212274585105581615e-01 6.115171797945617715e-01 5.953716817277260320e-01
5.649254724883241430e-01 5.875252505060046815e-01 6.361714413487027375e-01
5.652657045869800001e-01 5.776664004581878453e-01 6.185255046640621979e-01
6.472033443718974155e-01 6.691932512355271978e-01 5.799999999999998490e-01
5.484389225698121928e-01 6.115151542528003414e-01 6.999999999999999556e-01
6.128406747049275349e-01 6.344735967932724208e-01 6.388269766875496192e-01
5.759138317692401587e-01 5.642835979681262160e-01 5.898391794026544011e-01
6.471766146364529293e-01 6.333612398447696634e-01 5.734205376100695029e-01
5.690610238646391927e-01 5.899662700514868297e-01 6.335867943934244684e-01
5.646234065577155903e-01 5.772052829257968698e-01 6.159153320110306584e-01
6.362398218828391183e-01 6.629549484572625495e-01 5.799999999999998490e-01
5.472070835747426809e-01 6.108693642939238000e-01 6.999999999999999556e-01
6.080854904433259378e-01 6.391463938665218336e-01 6.331974573129548478e-01
5.694217838998578696e-01 5.605345944739669184e-01 5.878100900423934849e-01
6.271310014627378138e-01 6.179085534428947479e-01 5.822267045585657330e-01
5.715905150315225836e-01 6.084130411787225245e-01 6.397057527119903719e-01
5.745614763518096524e-01 5.833715873906055727e-01 6.138343349160046980e-01
6.336398802375238226e-01 6.615524192697832540e-01 5.799999999999998490e-01
6.049000096761700807e-01 6.084687180407433171e-01 5.809527520051773752e-01
5.495233133131449677e-01 6.122382945616503536e-01 6.999999999999999556e-01
6.089118534213675549e-01 6.272831261489044685e-01 6.421055409158136218e-01
5.635028112010984636e-01 5.578212143589118543e-01 5.895991777917297672e-01
6.312583670157854154e-01 6.153854994041096926e-01 5.798612749662661603e-01
5.609646408889201741e-01 6.019395984621829232e-01 6.400913393041746113e-01
6.142175465996272399e-01 6.266621274355527182e-01 5.542327404065473528e-01
6.282534087848512527e-01 6.583796890291475634e-01 5.799999999999998490e-01
5.989362050488371558e-01 6.042699882919694288e-01 5.842908562618911450e-01
5.547429904255780642e-01 6.251102692220137369e-01 6.599791975115469889e-01
5.665628206937387557e-01 5.926370945794231515e-01 6.903013392047641084e-01
5.807667619007486071e-01 5.718866216825533311e-01 5.728375864978889620e-01
6.598294049521402638e-01 6.437895148506649345e-01 5.582865402120898990e-01
5.771894874955834087e-01 5.820837787250352502e-01 5.704435640598137791e-01
5.414075439072432161e-01 5.618041058037362978e-01 6.298696205144114213e-01
5.353572378064701542e-01 6.038884996342049893e-01 6.992893352704366849e-01
5.602458725432230002e-01 5.933100628839795831e-01 6.765799801135811142e-01
5.998969044763005076e-01 5.943170698323452239e-01 5.539746702435921488e-01
5.501141092355698037e-01 5.487257888312756515e-01 6.313849575878780485e-01
5.599463678891514196e-01 5.687434270392812685e-01 6.358166265779638948e-01
5.379879586826947779e-01 6.067759305568135586e-01 6.946876233015863988e-01
5.874848194462718443e-01 6.284239378852267688e-01 6.291230451836966608e-01
6.010081359346176599e-01 5.930384506871655415e-01 5.585219407030057592e-01
6.064119121841728965e-01 7.136081723420650835e-01 6.399999999999999023e-01
5.840855175104512353e-01 5.779766979113599712e-01 6.092295218057461881e-01
5.551478756231257305e-01 5.700774040131535436e-01 6.200915733245337957e-01
5.503340749643310659e-01 6.491255028130775706e-01 6.925632194541773146e-01
5.956083672014939046e-01 6.338868086475162311e-01 6.172641174210939941e-01
5.775634439483178229e-01 5.758961542925488120e-01 5.518678620531849432e-01
5.491896952089392325e-01 6.144603340158911742e-01 6.635121211612100556e-01
6.104181384918065945e-01 6.067449262104281926e-01 5.880905233791400288e-01
5.596394940687673403e-01 5.468126422264687481e-01 6.378701514900577685e-01
5.759615939006794694e-01 5.963249374728576413e-01 5.685309423467546086e-01
5.401127339074914824e-01 6.385795341825651894e-01 7.050121912458283679e-01
5.777864975462728703e-01 6.204593327771479316e-01 6.280703579792885627e-01
5.911862790584483385e-01 5.849503898255089540e-01 5.355393057947870350e-01
5.380343914360923296e-01 6.049818986468156190e-01 6.716483477216925735e-01
6.251358174055217098e-01 6.227989095897146221e-01 5.751693866625731122e-01
5.499568309462421478e-01 5.940151760169302131e-01 6.410174267905501821e-01
6.021908440510440608e-01 6.131839569330188588e-01 5.569111023559849549e-01
6.034186465916332454e-01 6.441822101994516547e-01 5.799999999999998490e-01
5.861582244477572257e-01 5.951559976972737864e-01 5.841701111934729518e-01
5.429417282381148180e-01 6.182001498449478660e-01 6.626041748587102598e-01
5.346216162160792873e-01 5.735057911930865338e-01 6.805825031261013569e-01
6.102808946219084874e-01 5.986225491564896029e-01 5.280868293504596966e-01
6.433087270837618554e-01 6.425966154558084842e-01 5.433606383751117264e-01
5.479773363145593601e-01 5.967623256310328195e-01 6.258058565684916363e-01
5.886570830838729895e-01 5.973837763973733894e-01 5.873812415886492388e-01
6.023377316282519933e-01 6.437129838540033289e-01 5.799999999999998490e-01
5.854869499333690275e-01 6.028108032703050068e-01 5.527021091610693215e-01
5.382555830621200688e-01 6.155716678906943962e-01 6.766534585526964296e-01
5.442003475464504136e-01 5.860960381392096297e-01 6.607084476398462636e-01
6.353403956262070329e-01 6.170676803817560785e-01 5.248556934224593018e-01
6.601933137589074407e-01 6.610556188940053257e-01 5.269506878684055984e-01
5.884880475604525873e-01 7.017681635963661790e-01 6.399999999999999023e-01
5.283007872164010577e-01 5.729024640516792166e-01 6.266941157160705878e-01
5.630020086345757235e-01 5.908604396282890470e-01 5.920972722434794111e-01
5.975462737869159380e-01 6.409479869924540330e-01 5.799999999999998490e-01
5.275292957751234191e-01 6.302799386686392946e-01 7.057477664523040817e-01
5.641432980003291409e-01 6.026529182698601161e-01 6.436244286567152084e-01
5.493939598326273988e-01 5.443523328855133236e-01 5.918859578967263779e-01
5.302738083001752312e-01 5.993265592242857931e-01 6.737584944552564847e-01
5.581310637449441447e-01 5.619219839907942937e-01 6.291993455870966701e-01
5.820066198073767794e-01 6.977109071937235285e-01 6.399999999999999023e-01
5.414118956562746776e-01 5.820673947097450007e-01 6.162961779022364528e-01
5.928709926861432944e-01 6.107433662765500149e-01 5.607176767990095234e-01
5.911326706842088274e-01 6.370478862860124991e-01 5.799999999999998490e-01
5.269277497770923357e-01 6.286654512960949681e-01 7.080662354048924412e-01
5.643242526225500377e-01 6.023077203230364773e-01 6.582096385300205688e-01
5.641235594480252802e-01 5.556003940128397822e-01 5.812191343828798651e-01
5.202749026796673615e-01 5.925931781573504642e-01 6.748172187609088324e-01
6.019019591274709091e-01 6.102441159982570085e-01 5.540844638712956183e-01
6.124542729370519023e-01 6.496802294512415976e-01 6.399999999999999023e-01
6.011898108843206634e-01 5.657085872268164950e-01 5.892350544484000752e-01
6.715402893264734718e-01 6.486509358855490071e-01 6.128155497521239337e-01
6.091320239421685878e-01 6.478429554882076946e-01 6.399999999999999023e-01
6.103995723073245561e-01 5.679864281906258361e-01 5.920183138654770971e-01
6.038569653102043855e-01 5.905741312776261465e-01 6.522750902178331422e-01
6.077700250807318572e-01 6.470434437534872130e-01 6.399999999999999023e-01
6.066919316768693005e-01 5.651114127149550193e-01 5.935663757616282954e-01
6.105058433570746956e-01 5.904735854243092774e-01 6.572864385910346385e-01
6.045699101565684686e-01 6.451771911711328134e-01 6.399999999999999023e-01
6.022734620633036773e-01 5.628098432451991151e-01 5.950166633820082041e-01
6.687828051408331032e-01 6.429677983105975825e-01 6.114099519738338540e-01
5.942650083741880529e-01 6.390944123123318832e-01 6.399999999999999023e-01
5.875228082525012496e-01 5.551864371299453094e-01 5.988905827190452724e-01
6.474703065162770166e-01 6.314218466542671493e-01 6.090880619320562239e-01
5.889079188233254936e-01 6.359783465971236005e-01 6.399999999999999023e-01
5.922434155529472388e-01 5.665059549528591587e-01 5.702498807152521776e-01
6.792666928286787975e-01 6.698839313803115481e-01 5.617578878457563096e-01
5.884020195095991390e-01 6.356900510841649865e-01 6.399999999999999023e-01
5.866982564187175342e-01 5.647263058050580042e-01 5.771571717836389004e-01
5.972805972265087249e-01 5.962038915803805628e-01 6.370371675730266414e-01
5.846393974024806095e-01 6.334066113224864347e-01 6.399999999999999023e-01
5.839587624604454241e-01 5.633734105794440117e-01 5.635290684610760881e-01
6.746150462774791468e-01 6.581996849503408686e-01 5.817911633247419001e-01
5.832643220704648579e-01 6.325802539676206315e-01 6.399999999999999023e-01
5.739337694680297641e-01 5.503844601322914754e-01 5.902148419125909928e-01
6.789937298707132696e-01 6.592678541387810842e-01 5.938171090254387163e-01
5.796485982464864017e-01 6.304356657539137432e-01 6.399999999999999023e-01
5.771833051400303560e-01 5.538805289271717669e-01 5.855592739595539831e-01
6.512414471181398046e-01 6.487141964549163475e-01 5.871128679418915475e-01
5.775868502739880395e-01 6.292332059446453796e-01 6.399999999999999023e-01
5.787863349835853377e-01 5.549412878552968387e-01 5.845969945048843375e-01
6.139312161204079077e-01 6.214951300845303894e-01 6.002162729258347929e-01
5.767945464653789767e-01 6.287503574882402635e-01 6.399999999999999023e-01
5.759880804886334804e-01 5.536934109263906834e-01 5.855025836546141615e-01
6.253701064631596029e-01 6.229088012303884980e-01 6.078621721980782544e-01
6.165942174531453546e-01 6.100213321402027100e-01 6.255472838021953752e-01
6.175468100258556525e-01 6.215251560709678103e-01 6.085824425181372010e-01
5.867317132023275317e-01 5.917819372502090003e-01 6.365516795931291938e-01
6.186319716057233631e-01 6.333751925918689185e-01 5.781612979562193999e-01
5.653998655020499031e-01 6.219160712137867808e-01 6.399999999999999023e-01
5.619985527705306794e-01 6.896106728838914401e-01 6.905929104697134946e-01
6.639765589905602949e-01 6.773215631686830829e-01 5.360757266782759656e-01
6.087253583422000958e-01 6.218739162253557051e-01 5.739560342891614209e-01
5.625578708038987408e-01 6.201941136907083152e-01 6.399999999999999023e-01
5.596100721299699376e-01 6.832091619936879745e-01 7.048803445706781634e-01
5.723668695162456022e-01 5.814123489745326445e-01 6.425021469647815842e-01
5.611704507961572386e-01 6.193128412127246740e-01 6.399999999999999023e-01
5.578069548345696571e-01 6.858622368033971961e-01 6.894700902838997170e-01
6.352507133177585086e-01 6.414816272365789773e-01 5.824147052329495811e-01
5.543095888981411923e-01 6.151280342802700751e-01 6.399999999999999023e-01
5.427854150796507238e-01 5.731048947617631839e-01 6.428187214827452145e-01
5.632737421706951464e-01 5.481320576782560128e-01 5.852193826991080039e-01
5.675522555954426451e-01 5.777738838386754505e-01 6.379293784484365570e-01
5.586796560736640993e-01 6.177894940822830083e-01 6.399999999999999023e-01
5.360239904488173224e-01 5.733333164280984828e-01 6.339305725202680764e-01
5.594682600494311764e-01 5.524403144100775709e-01 5.718353647947282958e-01
6.229458551669928568e-01 6.429375180779910437e-01 5.700319052430422584e-01
5.527702819100380749e-01 6.141779153831352644e-01 6.399999999999999023e-01
5.610714927165690868e-01 6.045430510965330573e-01 5.916698084845819494e-01
5.555892385436331793e-01 5.540756064545160342e-01 5.520704154875821779e-01
6.274827840156743664e-01 6.478003018109526057e-01 5.591820709841258674e-01
5.510289109761086213e-01 6.131330787983326758e-01 6.399999999999999023e-01
5.386386025386014076e-01 5.783252995219692050e-01 6.195379054473552083e-01
5.545387965043417910e-01 5.476128829780695373e-01 5.680552304275945374e-01
5.707635016952883333e-01 5.958394045767426705e-01 5.835280351020639689e-01
5.539309466061315135e-01 6.149665915373502267e-01 6.399999999999999023e-01
5.534084190715831131e-01 5.485647392218059304e-01 5.752922080542570704e-01
5.496722059074774513e-01 6.757458232340856075e-01 7.075473524577119422e-01
5.803478561844344075e-01 6.001466453690225133e-01 6.223718284278401125e-01
5.495129275013286296e-01 6.122429298444778123e-01 6.399999999999999023e-01
5.538596348646793732e-01 5.466735198223640069e-01 5.672289642163302892e-01
5.477991765331005070e-01 6.744856258301806795e-01 7.078170192093575785e-01
6.078093775269333143e-01 6.178714800667257645e-01 5.991260921494148128e-01
5.427991460643667443e-01 6.081187115269387489e-01 6.399999999999999023e-01
5.486180019317741241e-01 5.412072426143738069e-01 5.772107057171138589e-01
5.448235907628392605e-01 6.756915792801738707e-01 7.001139539439551474e-01
5.692942175767685686e-01 5.858245154841310587e-01 6.080611141738134773e-01
5.385686890825014395e-01 6.054636794666617972e-01 6.399999999999999023e-01
5.476091062370032070e-01 5.454821426666367490e-01 5.652651503616960005e-01
5.419267967770013961e-01 6.720517321315649939e-01 6.969667908525409850e-01
6.064780598766892350e-01 6.185427914489877166e-01 5.997722944061403272e-01
6.162367111209179349e-01 5.978828983928915486e-01 5.768215029588767973e-01
5.954500039848602544e-01 5.675814055172082595e-01 6.354675145606658582e-01
5.884436482989269246e-01 5.636873862717652894e-01 6.361857312963573596e-01
6.204434619678096396e-01 5.993417388241197852e-01 5.782570807689157988e-01
5.885917182324431618e-01 5.655464693411145216e-01 6.329511842155671753e-01
5.840532192744216644e-01 5.628127835745241336e-01 6.337016255567682332e-01
5.869872399987483558e-01 5.653191277896438827e-01 6.319400236741918864e-01
6.185392418408487414e-01 6.027834046833948634e-01 5.626410946168685090e-01
5.818850953559844275e-01 5.669202210412481735e-01 6.205592697183712758e-01
5.892978805367479200e-01 5.736887518016660081e-01 6.091481611384426120e-01
6.502331116583984771e-01 6.343882689659141594e-01 5.457110788721297734e-01
6.105994759865844834e-01 5.876588879565813883e-01 5.961991058463153026e-01
6.183461081069719922e-01 6.081467738145739377e-01 5.508039151735086847e-01
5.831671435842236129e-01 5.726632620251972394e-01 6.034652656778747293e-01
6.019291476495500781e-01 5.817983490130104185e-01 5.978613092513049843e-01
6.265218126545517574e-01 6.075539400049696503e-01 5.564827378684754633e-01
5.792483109499489968e-01 5.585453974324632309e-01 6.354756219798793904e-01
5.968483098101577955e-01 5.897473808807651707e-01 5.732642452789866727e-01
6.006632179178310604e-01 5.923613719060569771e-01 5.629687114838803907e-01
5.800972547502754040e-01 5.626190386390870213e-01 6.236746595548163796e-01
5.761345795107737366e-01 5.609014805386881575e-01 6.216198609732925817e-01
6.031255721841903839e-01 5.941578706005958832e-01 5.721095455210238878e-01
6.076927654980053273e-01 5.978842113671525293e-01 5.555320720868347495e-01
5.627457172043994760e-01 5.514004864031176734e-01 6.369576393093338007e-01
5.415271333883868721e-01 6.131884835505776454e-01 6.823920934294036567e-01
5.484718464284348283e-01 6.194457854598992563e-01 6.757603782725176700e-01
5.554322636425810256e-01 6.288504529032319379e-01 6.672962786402818480e-01
5.420477474179838939e-01 6.188174167190331199e-01 6.617046008718894257e-01
5.436776879956637387e-01 6.126505777529532848e-01 6.853017047749330182e-01
5.442358287402158101e-01 6.137123242250552835e-01 6.818010267745358011e-01
5.771220162032610901e-01 5.729378328808063525e-01 6.042575583814293605e-01
5.963544374193842090e-01 5.905656533642962280e-01 5.690528128460461410e-01
5.891778636256488344e-01 5.923502829294204908e-01 5.748080738423775315e-01
5.457778572294622599e-01 5.530257592387901600e-01 6.113329939298752791e-01
5.570293209186210071e-01 5.594856329929532857e-01 6.065096025688968551e-01
6.049488526736346294e-01 6.029516743306866378e-01 5.658742123600304375e-01
5.936848091668767147e-01 5.922431432087433834e-01 5.567618274050842864e-01
5.741153431904448823e-01 5.790472199394420816e-01 5.652248598120285239e-01
5.461981963658180117e-01 5.541877073459344771e-01 6.106147661152474537e-01
5.743220980882870474e-01 5.811428540194087944e-01 5.700278227857520363e-01
5.856694798255006607e-01 5.874928662567913129e-01 5.790991666403892957e-01
5.364065024779360868e-01 6.155123199076796281e-01 6.560284206042388266e-01
6.017718720642659669e-01 6.004042284004059704e-01 5.484709681109298796e-01
5.331693515054150012e-01 6.059881783823268808e-01 6.865891205182486079e-01
5.477420090135649566e-01 5.496055937893549181e-01 6.140092408066810670e-01
5.564354008495550064e-01 5.536665062062665621e-01 6.097758214745925276e-01
5.934562435403023528e-01 5.901039400568286464e-01 5.758272689694061697e-01
5.256555139864702575e-01 6.030798570344111376e-01 6.809752493846470411e-01
5.453402985829054472e-01 5.403329554032432203e-01 6.287410481022581710e-01
5.500571243675418387e-01 6.308066612000681195e-01 6.433422091355907035e-01
