[[ 0.735     0.76      0.225   ]
 [ 0.735     0.76      0.15    ]
 [ 0.735     0.76      0.3     ]
 [ 0.735     0.76      0.1875  ]
 [ 0.735     0.76      0.2625  ]
 [ 0.735     0.76      0.16875 ]
 [ 0.735     0.76      0.20625 ]
 [ 0.735     0.76      0.24375 ]
 [ 0.735     0.76      0.28125 ]
 [ 0.735     0.76      0.159375]
 [ 0.735     0.76      0.178125]
 [ 0.735     0.76      0.196875]
 [ 0.735     0.76      0.215625]
 [ 0.735     0.76      0.234375]
 [ 0.735     0.76      0.253125]
 [ 0.735     0.76      0.271875]
 [ 0.735     0.76      0.290625]
 [ 0.735     0.71      0.225   ]
 [ 0.735     0.71      0.15    ]
 [ 0.735     0.71      0.3     ]
 [ 0.735     0.71      0.1875  ]
 [ 0.735     0.71      0.2625  ]
 [ 0.735     0.71      0.16875 ]
 [ 0.735     0.71      0.20625 ]
 [ 0.735     0.71      0.24375 ]
 [ 0.735     0.71      0.28125 ]
 [ 0.735     0.81      0.225   ]
 [ 0.735     0.81      0.15    ]
 [ 0.735     0.81      0.3     ]
 [ 0.735     0.81      0.1875  ]
 [ 0.735     0.81      0.2625  ]
 [ 0.735     0.81      0.16875 ]
 [ 0.735     0.81      0.20625 ]
 [ 0.735     0.81      0.24375 ]
 [ 0.735     0.81      0.28125 ]
 [ 0.735     0.735     0.225   ]
 [ 0.735     0.735     0.15    ]
 [ 0.735     0.735     0.3     ]
 [ 0.735     0.735     0.1875  ]
 [ 0.735     0.735     0.2625  ]
 [ 0.735     0.785     0.225   ]
 [ 0.735     0.785     0.15    ]
 [ 0.735     0.785     0.3     ]
 [ 0.735     0.785     0.1875  ]
 [ 0.735     0.785     0.2625  ]
 [ 0.735     0.7225    0.225   ]
 [ 0.735     0.7225    0.15    ]
 [ 0.735     0.7225    0.3     ]
 [ 0.735     0.7475    0.225   ]
 [ 0.735     0.7475    0.15    ]
 [ 0.735     0.7475    0.3     ]
 [ 0.735     0.7725    0.225   ]
 [ 0.735     0.7725    0.15    ]
 [ 0.735     0.7725    0.3     ]
 [ 0.735     0.7975    0.225   ]
 [ 0.735     0.7975    0.15    ]
 [ 0.735     0.7975    0.3     ]
 [ 0.735     0.71625   0.225   ]
 [ 0.735     0.72875   0.225   ]
 [ 0.735     0.74125   0.225   ]
 [ 0.735     0.75375   0.225   ]
 [ 0.735     0.76625   0.225   ]
 [ 0.735     0.77875   0.225   ]
 [ 0.735     0.79125   0.225   ]
 [ 0.735     0.80375   0.225   ]
 [ 0.68      0.76      0.225   ]
 [ 0.68      0.76      0.15    ]
 [ 0.68      0.76      0.3     ]
 [ 0.68      0.76      0.1875  ]
 [ 0.68      0.76      0.2625  ]
 [ 0.68      0.76      0.16875 ]
 [ 0.68      0.76      0.20625 ]
 [ 0.68      0.76      0.24375 ]
 [ 0.68      0.76      0.28125 ]
 [ 0.68      0.71      0.225   ]
 [ 0.68      0.71      0.15    ]
 [ 0.68      0.71      0.3     ]
 [ 0.68      0.71      0.1875  ]
 [ 0.68      0.71      0.2625  ]
 [ 0.68      0.81      0.225   ]
 [ 0.68      0.81      0.15    ]
 [ 0.68      0.81      0.3     ]
 [ 0.68      0.81      0.1875  ]
 [ 0.68      0.81      0.2625  ]
 [ 0.68      0.735     0.225   ]
 [ 0.68      0.735     0.15    ]
 [ 0.68      0.735     0.3     ]
 [ 0.68      0.785     0.225   ]
 [ 0.68      0.785     0.15    ]
 [ 0.68      0.785     0.3     ]
 [ 0.68      0.7225    0.225   ]
 [ 0.68      0.7475    0.225   ]
 [ 0.68      0.7725    0.225   ]
 [ 0.68      0.7975    0.225   ]
 [ 0.79      0.76      0.225   ]
 [ 0.79      0.76      0.15    ]
 [ 0.79      0.76      0.3     ]
 [ 0.79      0.76      0.1875  ]
 [ 0.79      0.76      0.2625  ]
 [ 0.79      0.76      0.16875 ]
 [ 0.79      0.76      0.20625 ]
 [ 0.79      0.76      0.24375 ]
 [ 0.79      0.76      0.28125 ]
 [ 0.79      0.71      0.225   ]
 [ 0.79      0.71      0.15    ]
 [ 0.79      0.71      0.3     ]
 [ 0.79      0.71      0.1875  ]
 [ 0.79      0.71      0.2625  ]
 [ 0.79      0.81      0.225   ]
 [ 0.79      0.81      0.15    ]
 [ 0.79      0.81      0.3     ]
 [ 0.79      0.81      0.1875  ]
 [ 0.79      0.81      0.2625  ]
 [ 0.79      0.735     0.225   ]
 [ 0.79      0.735     0.15    ]
 [ 0.79      0.735     0.3     ]
 [ 0.79      0.785     0.225   ]
 [ 0.79      0.785     0.15    ]
 [ 0.79      0.785     0.3     ]
 [ 0.79      0.7225    0.225   ]
 [ 0.79      0.7475    0.225   ]
 [ 0.79      0.7725    0.225   ]
 [ 0.79      0.7975    0.225   ]
 [ 0.7075    0.76      0.225   ]
 [ 0.7075    0.76      0.15    ]
 [ 0.7075    0.76      0.3     ]
 [ 0.7075    0.76      0.1875  ]
 [ 0.7075    0.76      0.2625  ]
 [ 0.7075    0.71      0.225   ]
 [ 0.7075    0.71      0.15    ]
 [ 0.7075    0.71      0.3     ]
 [ 0.7075    0.81      0.225   ]
 [ 0.7075    0.81      0.15    ]
 [ 0.7075    0.81      0.3     ]
 [ 0.7075    0.735     0.225   ]
 [ 0.7075    0.785     0.225   ]
 [ 0.7625    0.76      0.225   ]
 [ 0.7625    0.76      0.15    ]
 [ 0.7625    0.76      0.3     ]
 [ 0.7625    0.76      0.1875  ]
 [ 0.7625    0.76      0.2625  ]
 [ 0.7625    0.71      0.225   ]
 [ 0.7625    0.71      0.15    ]
 [ 0.7625    0.71      0.3     ]
 [ 0.7625    0.81      0.225   ]
 [ 0.7625    0.81      0.15    ]
 [ 0.7625    0.81      0.3     ]
 [ 0.7625    0.735     0.225   ]
 [ 0.7625    0.785     0.225   ]
 [ 0.69375   0.76      0.225   ]
 [ 0.69375   0.76      0.15    ]
 [ 0.69375   0.76      0.3     ]
 [ 0.69375   0.71      0.225   ]
 [ 0.69375   0.81      0.225   ]
 [ 0.72125   0.76      0.225   ]
 [ 0.72125   0.76      0.15    ]
 [ 0.72125   0.76      0.3     ]
 [ 0.72125   0.71      0.225   ]
 [ 0.72125   0.81      0.225   ]
 [ 0.74875   0.76      0.225   ]
 [ 0.74875   0.76      0.15    ]
 [ 0.74875   0.76      0.3     ]
 [ 0.74875   0.71      0.225   ]
 [ 0.74875   0.81      0.225   ]
 [ 0.77625   0.76      0.225   ]
 [ 0.77625   0.76      0.15    ]
 [ 0.77625   0.76      0.3     ]
 [ 0.77625   0.71      0.225   ]
 [ 0.77625   0.81      0.225   ]
 [ 0.686875  0.76      0.225   ]
 [ 0.700625  0.76      0.225   ]
 [ 0.714375  0.76      0.225   ]
 [ 0.728125  0.76      0.225   ]
 [ 0.741875  0.76      0.225   ]
 [ 0.755625  0.76      0.225   ]
 [ 0.769375  0.76      0.225   ]
 [ 0.783125  0.76      0.225   ]]
[[  0.00000000e+00   7.35000000e-01   7.60000000e-01   2.25000000e-01
    1.00000000e+00]
 [  1.00000000e+00   7.35000000e-01   7.60000000e-01   1.50000000e-01
    1.00000000e+00]
 [  2.00000000e+00   7.35000000e-01   7.60000000e-01   3.00000000e-01
    1.00000000e+00]
 [  3.00000000e+00   7.35000000e-01   7.60000000e-01   1.87500000e-01
    1.00000000e+00]
 [  4.00000000e+00   7.35000000e-01   7.60000000e-01   2.62500000e-01
    1.00000000e+00]
 [  5.00000000e+00   7.35000000e-01   7.60000000e-01   1.68750000e-01
    1.00000000e+00]
 [  6.00000000e+00   7.35000000e-01   7.60000000e-01   2.06250000e-01
    1.00000000e+00]
 [  7.00000000e+00   7.35000000e-01   7.60000000e-01   2.43750000e-01
    1.00000000e+00]
 [  8.00000000e+00   7.35000000e-01   7.60000000e-01   2.81250000e-01
    1.00000000e+00]
 [  9.00000000e+00   7.35000000e-01   7.60000000e-01   1.59375000e-01
    1.00000000e+00]
 [  1.00000000e+01   7.35000000e-01   7.60000000e-01   1.78125000e-01
    1.00000000e+00]
 [  1.10000000e+01   7.35000000e-01   7.60000000e-01   1.96875000e-01
    1.00000000e+00]
 [  1.20000000e+01   7.35000000e-01   7.60000000e-01   2.15625000e-01
    1.00000000e+00]
 [  1.30000000e+01   7.35000000e-01   7.60000000e-01   2.34375000e-01
    1.00000000e+00]
 [  1.40000000e+01   7.35000000e-01   7.60000000e-01   2.53125000e-01
    1.00000000e+00]
 [  1.50000000e+01   7.35000000e-01   7.60000000e-01   2.71875000e-01
    1.00000000e+00]
 [  1.60000000e+01   7.35000000e-01   7.60000000e-01   2.90625000e-01
    1.00000000e+00]
 [  1.70000000e+01   7.35000000e-01   7.10000000e-01   2.25000000e-01
    1.00000000e+00]
 [  1.80000000e+01   7.35000000e-01   7.10000000e-01   1.50000000e-01
    1.00000000e+00]
 [  1.90000000e+01   7.35000000e-01   7.10000000e-01   3.00000000e-01
    1.00000000e+00]
 [  2.00000000e+01   7.35000000e-01   7.10000000e-01   1.87500000e-01
    1.00000000e+00]
 [  2.10000000e+01   7.35000000e-01   7.10000000e-01   2.62500000e-01
    1.00000000e+00]
 [  2.20000000e+01   7.35000000e-01   7.10000000e-01   1.68750000e-01
    1.00000000e+00]
 [  2.30000000e+01   7.35000000e-01   7.10000000e-01   2.06250000e-01
    1.00000000e+00]
 [  2.40000000e+01   7.35000000e-01   7.10000000e-01   2.43750000e-01
    1.00000000e+00]
 [  2.50000000e+01   7.35000000e-01   7.10000000e-01   2.81250000e-01
    1.00000000e+00]
 [  2.60000000e+01   7.35000000e-01   8.10000000e-01   2.25000000e-01
    1.00000000e+00]
 [  2.70000000e+01   7.35000000e-01   8.10000000e-01   1.50000000e-01
    1.00000000e+00]
 [  2.80000000e+01   7.35000000e-01   8.10000000e-01   3.00000000e-01
    1.00000000e+00]
 [  2.90000000e+01   7.35000000e-01   8.10000000e-01   1.87500000e-01
    1.00000000e+00]
 [  3.00000000e+01   7.35000000e-01   8.10000000e-01   2.62500000e-01
    1.00000000e+00]
 [  3.10000000e+01   7.35000000e-01   8.10000000e-01   1.68750000e-01
    1.00000000e+00]
 [  3.20000000e+01   7.35000000e-01   8.10000000e-01   2.06250000e-01
    1.00000000e+00]
 [  3.30000000e+01   7.35000000e-01   8.10000000e-01   2.43750000e-01
    1.00000000e+00]
 [  3.40000000e+01   7.35000000e-01   8.10000000e-01   2.81250000e-01
    1.00000000e+00]
 [  3.50000000e+01   7.35000000e-01   7.35000000e-01   2.25000000e-01
    1.00000000e+00]
 [  3.60000000e+01   7.35000000e-01   7.35000000e-01   1.50000000e-01
    1.00000000e+00]
 [  3.70000000e+01   7.35000000e-01   7.35000000e-01   3.00000000e-01
    1.00000000e+00]
 [  3.80000000e+01   7.35000000e-01   7.35000000e-01   1.87500000e-01
    1.00000000e+00]
 [  3.90000000e+01   7.35000000e-01   7.35000000e-01   2.62500000e-01
    1.00000000e+00]
 [  4.00000000e+01   7.35000000e-01   7.85000000e-01   2.25000000e-01
    1.00000000e+00]
 [  4.10000000e+01   7.35000000e-01   7.85000000e-01   1.50000000e-01
    1.00000000e+00]
 [  4.20000000e+01   7.35000000e-01   7.85000000e-01   3.00000000e-01
    1.00000000e+00]
 [  4.30000000e+01   7.35000000e-01   7.85000000e-01   1.87500000e-01
    1.00000000e+00]
 [  4.40000000e+01   7.35000000e-01   7.85000000e-01   2.62500000e-01
    1.00000000e+00]
 [  4.50000000e+01   7.35000000e-01   7.22500000e-01   2.25000000e-01
    1.00000000e+00]
 [  4.60000000e+01   7.35000000e-01   7.22500000e-01   1.50000000e-01
    1.00000000e+00]
 [  4.70000000e+01   7.35000000e-01   7.22500000e-01   3.00000000e-01
    1.00000000e+00]
 [  4.80000000e+01   7.35000000e-01   7.47500000e-01   2.25000000e-01
    1.00000000e+00]
 [  4.90000000e+01   7.35000000e-01   7.47500000e-01   1.50000000e-01
    1.00000000e+00]
 [  5.00000000e+01   7.35000000e-01   7.47500000e-01   3.00000000e-01
    1.00000000e+00]
 [  5.10000000e+01   7.35000000e-01   7.72500000e-01   2.25000000e-01
    1.00000000e+00]
 [  5.20000000e+01   7.35000000e-01   7.72500000e-01   1.50000000e-01
    1.00000000e+00]
 [  5.30000000e+01   7.35000000e-01   7.72500000e-01   3.00000000e-01
    1.00000000e+00]
 [  5.40000000e+01   7.35000000e-01   7.97500000e-01   2.25000000e-01
    1.00000000e+00]
 [  5.50000000e+01   7.35000000e-01   7.97500000e-01   1.50000000e-01
    1.00000000e+00]
 [  5.60000000e+01   7.35000000e-01   7.97500000e-01   3.00000000e-01
    1.00000000e+00]
 [  5.70000000e+01   7.35000000e-01   7.16250000e-01   2.25000000e-01
    1.00000000e+00]
 [  5.80000000e+01   7.35000000e-01   7.28750000e-01   2.25000000e-01
    1.00000000e+00]
 [  5.90000000e+01   7.35000000e-01   7.41250000e-01   2.25000000e-01
    1.00000000e+00]
 [  6.00000000e+01   7.35000000e-01   7.53750000e-01   2.25000000e-01
    1.00000000e+00]
 [  6.10000000e+01   7.35000000e-01   7.66250000e-01   2.25000000e-01
    1.00000000e+00]
 [  6.20000000e+01   7.35000000e-01   7.78750000e-01   2.25000000e-01
    1.00000000e+00]
 [  6.30000000e+01   7.35000000e-01   7.91250000e-01   2.25000000e-01
    1.00000000e+00]
 [  6.40000000e+01   7.35000000e-01   8.03750000e-01   2.25000000e-01
    1.00000000e+00]
 [  6.50000000e+01   6.80000000e-01   7.60000000e-01   2.25000000e-01
    1.00000000e+00]
 [  6.60000000e+01   6.80000000e-01   7.60000000e-01   1.50000000e-01
    1.00000000e+00]
 [  6.70000000e+01   6.80000000e-01   7.60000000e-01   3.00000000e-01
    1.00000000e+00]
 [  6.80000000e+01   6.80000000e-01   7.60000000e-01   1.87500000e-01
    1.00000000e+00]
 [  6.90000000e+01   6.80000000e-01   7.60000000e-01   2.62500000e-01
    1.00000000e+00]
 [  7.00000000e+01   6.80000000e-01   7.60000000e-01   1.68750000e-01
    1.00000000e+00]
 [  7.10000000e+01   6.80000000e-01   7.60000000e-01   2.06250000e-01
    1.00000000e+00]
 [  7.20000000e+01   6.80000000e-01   7.60000000e-01   2.43750000e-01
    1.00000000e+00]
 [  7.30000000e+01   6.80000000e-01   7.60000000e-01   2.81250000e-01
    1.00000000e+00]
 [  7.40000000e+01   6.80000000e-01   7.10000000e-01   2.25000000e-01
    1.00000000e+00]
 [  7.50000000e+01   6.80000000e-01   7.10000000e-01   1.50000000e-01
    1.00000000e+00]
 [  7.60000000e+01   6.80000000e-01   7.10000000e-01   3.00000000e-01
    1.00000000e+00]
 [  7.70000000e+01   6.80000000e-01   7.10000000e-01   1.87500000e-01
    1.00000000e+00]
 [  7.80000000e+01   6.80000000e-01   7.10000000e-01   2.62500000e-01
    1.00000000e+00]
 [  7.90000000e+01   6.80000000e-01   8.10000000e-01   2.25000000e-01
    1.00000000e+00]
 [  8.00000000e+01   6.80000000e-01   8.10000000e-01   1.50000000e-01
    1.00000000e+00]
 [  8.10000000e+01   6.80000000e-01   8.10000000e-01   3.00000000e-01
    1.00000000e+00]
 [  8.20000000e+01   6.80000000e-01   8.10000000e-01   1.87500000e-01
    1.00000000e+00]
 [  8.30000000e+01   6.80000000e-01   8.10000000e-01   2.62500000e-01
    1.00000000e+00]
 [  8.40000000e+01   6.80000000e-01   7.35000000e-01   2.25000000e-01
    1.00000000e+00]
 [  8.50000000e+01   6.80000000e-01   7.35000000e-01   1.50000000e-01
    1.00000000e+00]
 [  8.60000000e+01   6.80000000e-01   7.35000000e-01   3.00000000e-01
    1.00000000e+00]
 [  8.70000000e+01   6.80000000e-01   7.85000000e-01   2.25000000e-01
    1.00000000e+00]
 [  8.80000000e+01   6.80000000e-01   7.85000000e-01   1.50000000e-01
    1.00000000e+00]
 [  8.90000000e+01   6.80000000e-01   7.85000000e-01   3.00000000e-01
    1.00000000e+00]
 [  9.00000000e+01   6.80000000e-01   7.22500000e-01   2.25000000e-01
    1.00000000e+00]
 [  9.10000000e+01   6.80000000e-01   7.47500000e-01   2.25000000e-01
    1.00000000e+00]
 [  9.20000000e+01   6.80000000e-01   7.72500000e-01   2.25000000e-01
    1.00000000e+00]
 [  9.30000000e+01   6.80000000e-01   7.97500000e-01   2.25000000e-01
    1.00000000e+00]
 [  9.40000000e+01   7.90000000e-01   7.60000000e-01   2.25000000e-01
    1.00000000e+00]
 [  9.50000000e+01   7.90000000e-01   7.60000000e-01   1.50000000e-01
    1.00000000e+00]
 [  9.60000000e+01   7.90000000e-01   7.60000000e-01   3.00000000e-01
    1.00000000e+00]
 [  9.70000000e+01   7.90000000e-01   7.60000000e-01   1.87500000e-01
    1.00000000e+00]
 [  9.80000000e+01   7.90000000e-01   7.60000000e-01   2.62500000e-01
    1.00000000e+00]
 [  9.90000000e+01   7.90000000e-01   7.60000000e-01   1.68750000e-01
    1.00000000e+00]
 [  1.00000000e+02   7.90000000e-01   7.60000000e-01   2.06250000e-01
    1.00000000e+00]
 [  1.01000000e+02   7.90000000e-01   7.60000000e-01   2.43750000e-01
    1.00000000e+00]
 [  1.02000000e+02   7.90000000e-01   7.60000000e-01   2.81250000e-01
    1.00000000e+00]
 [  1.03000000e+02   7.90000000e-01   7.10000000e-01   2.25000000e-01
    1.00000000e+00]
 [  1.04000000e+02   7.90000000e-01   7.10000000e-01   1.50000000e-01
    1.00000000e+00]
 [  1.05000000e+02   7.90000000e-01   7.10000000e-01   3.00000000e-01
    1.00000000e+00]
 [  1.06000000e+02   7.90000000e-01   7.10000000e-01   1.87500000e-01
    1.00000000e+00]
 [  1.07000000e+02   7.90000000e-01   7.10000000e-01   2.62500000e-01
    1.00000000e+00]
 [  1.08000000e+02   7.90000000e-01   8.10000000e-01   2.25000000e-01
    1.00000000e+00]
 [  1.09000000e+02   7.90000000e-01   8.10000000e-01   1.50000000e-01
    1.00000000e+00]
 [  1.10000000e+02   7.90000000e-01   8.10000000e-01   3.00000000e-01
    1.00000000e+00]
 [  1.11000000e+02   7.90000000e-01   8.10000000e-01   1.87500000e-01
    1.00000000e+00]
 [  1.12000000e+02   7.90000000e-01   8.10000000e-01   2.62500000e-01
    1.00000000e+00]
 [  1.13000000e+02   7.90000000e-01   7.35000000e-01   2.25000000e-01
    1.00000000e+00]
 [  1.14000000e+02   7.90000000e-01   7.35000000e-01   1.50000000e-01
    1.00000000e+00]
 [  1.15000000e+02   7.90000000e-01   7.35000000e-01   3.00000000e-01
    1.00000000e+00]
 [  1.16000000e+02   7.90000000e-01   7.85000000e-01   2.25000000e-01
    1.00000000e+00]
 [  1.17000000e+02   7.90000000e-01   7.85000000e-01   1.50000000e-01
    1.00000000e+00]
 [  1.18000000e+02   7.90000000e-01   7.85000000e-01   3.00000000e-01
    1.00000000e+00]
 [  1.19000000e+02   7.90000000e-01   7.22500000e-01   2.25000000e-01
    1.00000000e+00]
 [  1.20000000e+02   7.90000000e-01   7.47500000e-01   2.25000000e-01
    1.00000000e+00]
 [  1.21000000e+02   7.90000000e-01   7.72500000e-01   2.25000000e-01
    1.00000000e+00]
 [  1.22000000e+02   7.90000000e-01   7.97500000e-01   2.25000000e-01
    1.00000000e+00]
 [  1.23000000e+02   7.07500000e-01   7.60000000e-01   2.25000000e-01
    1.00000000e+00]
 [  1.24000000e+02   7.07500000e-01   7.60000000e-01   1.50000000e-01
    1.00000000e+00]
 [  1.25000000e+02   7.07500000e-01   7.60000000e-01   3.00000000e-01
    1.00000000e+00]
 [  1.26000000e+02   7.07500000e-01   7.60000000e-01   1.87500000e-01
    1.00000000e+00]
 [  1.27000000e+02   7.07500000e-01   7.60000000e-01   2.62500000e-01
    1.00000000e+00]
 [  1.28000000e+02   7.07500000e-01   7.10000000e-01   2.25000000e-01
    1.00000000e+00]
 [  1.29000000e+02   7.07500000e-01   7.10000000e-01   1.50000000e-01
    1.00000000e+00]
 [  1.30000000e+02   7.07500000e-01   7.10000000e-01   3.00000000e-01
    1.00000000e+00]
 [  1.31000000e+02   7.07500000e-01   8.10000000e-01   2.25000000e-01
    1.00000000e+00]
 [  1.32000000e+02   7.07500000e-01   8.10000000e-01   1.50000000e-01
    1.00000000e+00]
 [  1.33000000e+02   7.07500000e-01   8.10000000e-01   3.00000000e-01
    1.00000000e+00]
 [  1.34000000e+02   7.07500000e-01   7.35000000e-01   2.25000000e-01
    1.00000000e+00]
 [  1.35000000e+02   7.07500000e-01   7.85000000e-01   2.25000000e-01
    1.00000000e+00]
 [  1.36000000e+02   7.62500000e-01   7.60000000e-01   2.25000000e-01
    1.00000000e+00]
 [  1.37000000e+02   7.62500000e-01   7.60000000e-01   1.50000000e-01
    1.00000000e+00]
 [  1.38000000e+02   7.62500000e-01   7.60000000e-01   3.00000000e-01
    1.00000000e+00]
 [  1.39000000e+02   7.62500000e-01   7.60000000e-01   1.87500000e-01
    1.00000000e+00]
 [  1.40000000e+02   7.62500000e-01   7.60000000e-01   2.62500000e-01
    1.00000000e+00]
 [  1.41000000e+02   7.62500000e-01   7.10000000e-01   2.25000000e-01
    1.00000000e+00]
 [  1.42000000e+02   7.62500000e-01   7.10000000e-01   1.50000000e-01
    1.00000000e+00]
 [  1.43000000e+02   7.62500000e-01   7.10000000e-01   3.00000000e-01
    1.00000000e+00]
 [  1.44000000e+02   7.62500000e-01   8.10000000e-01   2.25000000e-01
    1.00000000e+00]
 [  1.45000000e+02   7.62500000e-01   8.10000000e-01   1.50000000e-01
    1.00000000e+00]
 [  1.46000000e+02   7.62500000e-01   8.10000000e-01   3.00000000e-01
    1.00000000e+00]
 [  1.47000000e+02   7.62500000e-01   7.35000000e-01   2.25000000e-01
    1.00000000e+00]
 [  1.48000000e+02   7.62500000e-01   7.85000000e-01   2.25000000e-01
    1.00000000e+00]
 [  1.49000000e+02   6.93750000e-01   7.60000000e-01   2.25000000e-01
    1.00000000e+00]
 [  1.50000000e+02   6.93750000e-01   7.60000000e-01   1.50000000e-01
    1.00000000e+00]
 [  1.51000000e+02   6.93750000e-01   7.60000000e-01   3.00000000e-01
    1.00000000e+00]
 [  1.52000000e+02   6.93750000e-01   7.10000000e-01   2.25000000e-01
    1.00000000e+00]
 [  1.53000000e+02   6.93750000e-01   8.10000000e-01   2.25000000e-01
    1.00000000e+00]
 [  1.54000000e+02   7.21250000e-01   7.60000000e-01   2.25000000e-01
    1.00000000e+00]
 [  1.55000000e+02   7.21250000e-01   7.60000000e-01   1.50000000e-01
    1.00000000e+00]
 [  1.56000000e+02   7.21250000e-01   7.60000000e-01   3.00000000e-01
    1.00000000e+00]
 [  1.57000000e+02   7.21250000e-01   7.10000000e-01   2.25000000e-01
    1.00000000e+00]
 [  1.58000000e+02   7.21250000e-01   8.10000000e-01   2.25000000e-01
    1.00000000e+00]
 [  1.59000000e+02   7.48750000e-01   7.60000000e-01   2.25000000e-01
    1.00000000e+00]
 [  1.60000000e+02   7.48750000e-01   7.60000000e-01   1.50000000e-01
    1.00000000e+00]
 [  1.61000000e+02   7.48750000e-01   7.60000000e-01   3.00000000e-01
    1.00000000e+00]
 [  1.62000000e+02   7.48750000e-01   7.10000000e-01   2.25000000e-01
    1.00000000e+00]
 [  1.63000000e+02   7.48750000e-01   8.10000000e-01   2.25000000e-01
    1.00000000e+00]
 [  1.64000000e+02   7.76250000e-01   7.60000000e-01   2.25000000e-01
    1.00000000e+00]
 [  1.65000000e+02   7.76250000e-01   7.60000000e-01   1.50000000e-01
    1.00000000e+00]
 [  1.66000000e+02   7.76250000e-01   7.60000000e-01   3.00000000e-01
    1.00000000e+00]
 [  1.67000000e+02   7.76250000e-01   7.10000000e-01   2.25000000e-01
    1.00000000e+00]
 [  1.68000000e+02   7.76250000e-01   8.10000000e-01   2.25000000e-01
    1.00000000e+00]
 [  1.69000000e+02   6.86875000e-01   7.60000000e-01   2.25000000e-01
    1.00000000e+00]
 [  1.70000000e+02   7.00625000e-01   7.60000000e-01   2.25000000e-01
    1.00000000e+00]
 [  1.71000000e+02   7.14375000e-01   7.60000000e-01   2.25000000e-01
    1.00000000e+00]
 [  1.72000000e+02   7.28125000e-01   7.60000000e-01   2.25000000e-01
    1.00000000e+00]
 [  1.73000000e+02   7.41875000e-01   7.60000000e-01   2.25000000e-01
    1.00000000e+00]
 [  1.74000000e+02   7.55625000e-01   7.60000000e-01   2.25000000e-01
    1.00000000e+00]
 [  1.75000000e+02   7.69375000e-01   7.60000000e-01   2.25000000e-01
    1.00000000e+00]
 [  1.76000000e+02   7.83125000e-01   7.60000000e-01   2.25000000e-01
    1.00000000e+00]]
<mpi4py.MPI.Status object at 0x2aaaaac027b0>
[[ 23.           0.72145389   0.76655098   0.67771148]]
[[ 13.           0.72388277   0.77614423   0.70210535]]
[[ 7.          0.72325074  0.77396686  0.70117861]]
[[ 0.          0.72282007  0.77854548  0.70271998]]
[[ 28.           0.74969542   0.79511946   0.72119317]]
[[ 38.           0.70825749   0.76902184   0.69656476]]
[[ 10.           0.69407777   0.76649155   0.71692969]]
[[ 5.          0.69420403  0.76851481  0.71784405]]
[[ 9.          0.69485148  0.77095916  0.71869738]]
[[ 19.           0.75589386   0.77335032   0.65289782]]
[[ 37.           0.76206524   0.7805915    0.66681179]]
[[ 29.           0.69247033   0.77798544   0.74355858]]
[[ 25.           0.75913246   0.78239213   0.65055208]]
[[ 1.          0.69331484  0.77303955  0.72025288]]
[[ 36.           0.69056736   0.76973172   0.69692551]]
[[ 18.           0.69917672   0.7684823    0.68765033]]
