     0.8293117     0.8301212
     0.8409228     0.8417021
     0.8643790     0.8681637
     0.8861671     0.8927913
     0.9069602     0.9164602
     0.9268826     0.9393902
     0.9456686     0.9613312
     0.9628557     0.9817899
     0.9779550     1.0002326
     1.0194328     1.0496110
     0.0142467     0.0167437
     0.0309186     0.0365438
     0.0259672     0.0310284
     0.0231333     0.0280349
     0.0216209     0.0266080
     0.0208916     0.0260752
     0.0206762     0.0260689
     0.0209290     0.0264789
     0.0217551     0.0273700
     0.0107680     0.0152924
    -0.0055328    -0.0063007
    -0.0161331    -0.0182818
    -0.0122393    -0.0137581
    -0.0098275    -0.0109191
    -0.0085694    -0.0094291
    -0.0081894    -0.0089794
    -0.0085227    -0.0093681
    -0.0095154    -0.0105029
    -0.0111968    -0.0123741
    -0.0034694    -0.0038594
     0.0051732     0.0062242
     0.0142835     0.0168973
     0.0113041     0.0135090
     0.0093619     0.0112683
     0.0082735     0.0099963
     0.0078787     0.0095174
     0.0081029     0.0097437
     0.0089577     0.0106797
     0.0105135     0.0123880
     0.0029966     0.0035525
    -0.0038944    -0.0045816
    -0.0111188    -0.0129390
    -0.0090175    -0.0105961
    -0.0076383    -0.0090339
    -0.0069080    -0.0082094
    -0.0067415    -0.0080392
    -0.0071089    -0.0084912
    -0.0080488    -0.0096046
    -0.0096484    -0.0114677
    -0.0027807    -0.0032681
