7.399999999999999911e-01 7.600000000000000089e-01 1.531250000000000111e-01
7.399999999999999911e-01 7.600000000000000089e-01 1.593750000000000167e-01
7.399999999999999911e-01 7.600000000000000089e-01 1.656250000000000222e-01
7.399999999999999911e-01 7.600000000000000089e-01 1.718750000000000000e-01
7.399999999999999911e-01 7.600000000000000089e-01 1.906250000000000167e-01
7.399999999999999911e-01 7.600000000000000089e-01 1.968750000000000222e-01
7.399999999999999911e-01 7.600000000000000089e-01 2.031250000000000000e-01
7.399999999999999911e-01 7.600000000000000089e-01 2.093750000000000056e-01
7.399999999999999911e-01 7.600000000000000089e-01 2.281250000000000222e-01
7.399999999999999911e-01 7.600000000000000089e-01 2.343750000000000000e-01
7.399999999999999911e-01 7.600000000000000089e-01 2.406250000000000056e-01
7.399999999999999911e-01 7.600000000000000089e-01 2.468750000000000111e-01
7.399999999999999911e-01 7.099999999999999645e-01 1.562500000000000000e-01
7.399999999999999911e-01 7.099999999999999645e-01 1.687500000000000111e-01
7.399999999999999911e-01 7.099999999999999645e-01 1.937500000000000056e-01
7.399999999999999911e-01 7.099999999999999645e-01 2.062500000000000167e-01
7.399999999999999911e-01 7.099999999999999645e-01 2.187500000000000000e-01
7.399999999999999911e-01 7.099999999999999645e-01 2.312500000000000111e-01
7.399999999999999911e-01 7.099999999999999645e-01 2.437500000000000222e-01
7.399999999999999911e-01 8.100000000000000533e-01 1.562500000000000000e-01
7.399999999999999911e-01 8.100000000000000533e-01 1.687500000000000111e-01
7.399999999999999911e-01 8.100000000000000533e-01 1.937500000000000056e-01
7.399999999999999911e-01 8.100000000000000533e-01 2.062500000000000167e-01
7.399999999999999911e-01 8.100000000000000533e-01 2.312500000000000111e-01
7.399999999999999911e-01 8.100000000000000533e-01 2.437500000000000222e-01
7.399999999999999911e-01 7.349999999999999867e-01 1.625000000000000056e-01
7.399999999999999911e-01 7.349999999999999867e-01 2.125000000000000222e-01
7.399999999999999911e-01 7.349999999999999867e-01 2.375000000000000167e-01
7.399999999999999911e-01 7.850000000000000311e-01 1.625000000000000056e-01
7.399999999999999911e-01 7.850000000000000311e-01 1.875000000000000000e-01
7.399999999999999911e-01 7.224999999999999201e-01 2.250000000000000056e-01
7.399999999999999911e-01 7.475000000000000533e-01 2.250000000000000056e-01
7.399999999999999911e-01 7.724999999999999645e-01 1.750000000000000167e-01
7.399999999999999911e-01 7.975000000000000977e-01 1.750000000000000167e-01
7.399999999999999911e-01 7.975000000000000977e-01 2.250000000000000056e-01
7.399999999999999911e-01 7.162499999999999423e-01 1.500000000000000222e-01
7.399999999999999911e-01 7.162499999999999423e-01 2.500000000000000000e-01
7.399999999999999911e-01 7.412499999999999645e-01 1.500000000000000222e-01
7.399999999999999911e-01 7.412499999999999645e-01 2.500000000000000000e-01
7.399999999999999911e-01 7.912500000000000089e-01 1.500000000000000222e-01
7.399999999999999911e-01 7.912500000000000089e-01 2.500000000000000000e-01
7.399999999999999911e-01 8.037500000000000755e-01 1.500000000000000222e-01
7.399999999999999911e-01 8.037500000000000755e-01 2.500000000000000000e-01
7.399999999999999911e-01 7.131250000000000089e-01 2.000000000000000111e-01
7.399999999999999911e-01 7.193749999999999867e-01 2.000000000000000111e-01
7.399999999999999911e-01 7.381250000000000311e-01 2.000000000000000111e-01
7.399999999999999911e-01 7.443750000000000089e-01 2.000000000000000111e-01
7.399999999999999911e-01 7.881250000000000755e-01 2.000000000000000111e-01
7.399999999999999911e-01 7.943750000000000533e-01 2.000000000000000111e-01
7.399999999999999911e-01 8.006250000000000311e-01 2.000000000000000111e-01
7.399999999999999911e-01 8.068750000000000089e-01 2.000000000000000111e-01
6.899999999999999467e-01 7.600000000000000089e-01 1.562500000000000000e-01
6.899999999999999467e-01 7.600000000000000089e-01 1.687500000000000111e-01
6.899999999999999467e-01 7.600000000000000089e-01 1.937500000000000056e-01
6.899999999999999467e-01 7.600000000000000089e-01 2.062500000000000167e-01
6.899999999999999467e-01 7.600000000000000089e-01 2.187500000000000000e-01
6.899999999999999467e-01 7.600000000000000089e-01 2.312500000000000111e-01
6.899999999999999467e-01 7.600000000000000089e-01 2.437500000000000222e-01
6.899999999999999467e-01 7.099999999999999645e-01 1.625000000000000056e-01
6.899999999999999467e-01 7.099999999999999645e-01 2.125000000000000222e-01
6.899999999999999467e-01 7.099999999999999645e-01 2.375000000000000167e-01
6.899999999999999467e-01 8.100000000000000533e-01 1.625000000000000056e-01
6.899999999999999467e-01 8.100000000000000533e-01 2.125000000000000222e-01
6.899999999999999467e-01 8.100000000000000533e-01 2.375000000000000167e-01
6.899999999999999467e-01 7.349999999999999867e-01 1.750000000000000167e-01
6.899999999999999467e-01 7.349999999999999867e-01 2.250000000000000056e-01
6.899999999999999467e-01 7.850000000000000311e-01 1.750000000000000167e-01
6.899999999999999467e-01 7.850000000000000311e-01 2.250000000000000056e-01
6.899999999999999467e-01 7.224999999999999201e-01 1.500000000000000222e-01
6.899999999999999467e-01 7.224999999999999201e-01 2.500000000000000000e-01
6.899999999999999467e-01 7.475000000000000533e-01 1.500000000000000222e-01
6.899999999999999467e-01 7.475000000000000533e-01 2.500000000000000000e-01
6.899999999999999467e-01 7.724999999999999645e-01 1.500000000000000222e-01
6.899999999999999467e-01 7.724999999999999645e-01 2.500000000000000000e-01
6.899999999999999467e-01 7.975000000000000977e-01 1.500000000000000222e-01
6.899999999999999467e-01 7.975000000000000977e-01 2.500000000000000000e-01
6.899999999999999467e-01 7.162499999999999423e-01 2.000000000000000111e-01
6.899999999999999467e-01 7.287500000000000089e-01 2.000000000000000111e-01
6.899999999999999467e-01 7.412499999999999645e-01 2.000000000000000111e-01
6.899999999999999467e-01 7.537500000000000311e-01 2.000000000000000111e-01
6.899999999999999467e-01 7.662499999999999867e-01 2.000000000000000111e-01
6.899999999999999467e-01 7.787500000000000533e-01 2.000000000000000111e-01
6.899999999999999467e-01 7.912500000000000089e-01 2.000000000000000111e-01
6.899999999999999467e-01 8.037500000000000755e-01 2.000000000000000111e-01
7.900000000000000355e-01 7.600000000000000089e-01 1.562500000000000000e-01
7.900000000000000355e-01 7.600000000000000089e-01 1.687500000000000111e-01
7.900000000000000355e-01 7.600000000000000089e-01 1.937500000000000056e-01
7.900000000000000355e-01 7.600000000000000089e-01 2.062500000000000167e-01
7.900000000000000355e-01 7.600000000000000089e-01 2.187500000000000000e-01
7.900000000000000355e-01 7.600000000000000089e-01 2.312500000000000111e-01
7.900000000000000355e-01 7.600000000000000089e-01 2.437500000000000222e-01
7.900000000000000355e-01 7.099999999999999645e-01 1.625000000000000056e-01
7.900000000000000355e-01 7.099999999999999645e-01 2.125000000000000222e-01
7.900000000000000355e-01 7.099999999999999645e-01 2.375000000000000167e-01
7.900000000000000355e-01 8.100000000000000533e-01 1.625000000000000056e-01
7.900000000000000355e-01 8.100000000000000533e-01 1.875000000000000000e-01
7.900000000000000355e-01 8.100000000000000533e-01 2.125000000000000222e-01
7.900000000000000355e-01 8.100000000000000533e-01 2.375000000000000167e-01
7.900000000000000355e-01 7.349999999999999867e-01 1.750000000000000167e-01
7.900000000000000355e-01 7.349999999999999867e-01 2.250000000000000056e-01
7.900000000000000355e-01 7.850000000000000311e-01 1.750000000000000167e-01
7.900000000000000355e-01 7.850000000000000311e-01 2.250000000000000056e-01
7.900000000000000355e-01 7.224999999999999201e-01 1.500000000000000222e-01
7.900000000000000355e-01 7.224999999999999201e-01 2.500000000000000000e-01
7.900000000000000355e-01 7.475000000000000533e-01 1.500000000000000222e-01
7.900000000000000355e-01 7.475000000000000533e-01 2.500000000000000000e-01
7.900000000000000355e-01 7.975000000000000977e-01 1.500000000000000222e-01
7.900000000000000355e-01 7.975000000000000977e-01 2.500000000000000000e-01
7.900000000000000355e-01 7.162499999999999423e-01 2.000000000000000111e-01
7.900000000000000355e-01 7.287500000000000089e-01 2.000000000000000111e-01
7.900000000000000355e-01 7.412499999999999645e-01 2.000000000000000111e-01
7.900000000000000355e-01 7.912500000000000089e-01 2.000000000000000111e-01
7.900000000000000355e-01 8.037500000000000755e-01 2.000000000000000111e-01
7.149999999999999689e-01 7.600000000000000089e-01 1.625000000000000056e-01
7.149999999999999689e-01 7.600000000000000089e-01 2.125000000000000222e-01
7.149999999999999689e-01 7.600000000000000089e-01 2.375000000000000167e-01
7.149999999999999689e-01 7.099999999999999645e-01 1.750000000000000167e-01
7.149999999999999689e-01 7.099999999999999645e-01 2.250000000000000056e-01
7.149999999999999689e-01 8.100000000000000533e-01 1.750000000000000167e-01
7.149999999999999689e-01 8.100000000000000533e-01 2.250000000000000056e-01
7.149999999999999689e-01 7.349999999999999867e-01 1.500000000000000222e-01
7.149999999999999689e-01 7.349999999999999867e-01 2.500000000000000000e-01
7.149999999999999689e-01 7.850000000000000311e-01 1.500000000000000222e-01
7.149999999999999689e-01 7.850000000000000311e-01 2.500000000000000000e-01
7.149999999999999689e-01 7.224999999999999201e-01 2.000000000000000111e-01
7.149999999999999689e-01 7.475000000000000533e-01 2.000000000000000111e-01
7.149999999999999689e-01 7.724999999999999645e-01 2.000000000000000111e-01
7.149999999999999689e-01 7.975000000000000977e-01 2.000000000000000111e-01
7.650000000000000133e-01 7.600000000000000089e-01 1.625000000000000056e-01
7.650000000000000133e-01 7.600000000000000089e-01 1.875000000000000000e-01
7.650000000000000133e-01 7.600000000000000089e-01 2.125000000000000222e-01
7.650000000000000133e-01 7.600000000000000089e-01 2.375000000000000167e-01
7.650000000000000133e-01 7.099999999999999645e-01 1.750000000000000167e-01
7.650000000000000133e-01 7.099999999999999645e-01 2.250000000000000056e-01
7.650000000000000133e-01 8.100000000000000533e-01 1.750000000000000167e-01
7.650000000000000133e-01 8.100000000000000533e-01 2.250000000000000056e-01
7.650000000000000133e-01 7.349999999999999867e-01 1.500000000000000222e-01
7.650000000000000133e-01 7.349999999999999867e-01 2.500000000000000000e-01
7.650000000000000133e-01 7.850000000000000311e-01 1.500000000000000222e-01
7.650000000000000133e-01 7.850000000000000311e-01 2.500000000000000000e-01
7.650000000000000133e-01 7.224999999999999201e-01 2.000000000000000111e-01
7.650000000000000133e-01 7.475000000000000533e-01 2.000000000000000111e-01
7.650000000000000133e-01 7.975000000000000977e-01 2.000000000000000111e-01
7.024999999999999023e-01 7.600000000000000089e-01 2.250000000000000056e-01
7.024999999999999023e-01 7.099999999999999645e-01 2.500000000000000000e-01
7.024999999999999023e-01 8.100000000000000533e-01 2.500000000000000000e-01
7.275000000000000355e-01 7.600000000000000089e-01 1.750000000000000167e-01
7.275000000000000355e-01 7.600000000000000089e-01 2.250000000000000056e-01
7.275000000000000355e-01 7.099999999999999645e-01 1.500000000000000222e-01
7.275000000000000355e-01 7.099999999999999645e-01 2.500000000000000000e-01
7.275000000000000355e-01 8.100000000000000533e-01 1.500000000000000222e-01
7.275000000000000355e-01 8.100000000000000533e-01 2.500000000000000000e-01
7.275000000000000355e-01 7.349999999999999867e-01 2.000000000000000111e-01
7.275000000000000355e-01 7.850000000000000311e-01 2.000000000000000111e-01
7.524999999999999467e-01 7.600000000000000089e-01 1.750000000000000167e-01
7.524999999999999467e-01 7.600000000000000089e-01 2.250000000000000056e-01
7.524999999999999467e-01 7.099999999999999645e-01 1.500000000000000222e-01
7.524999999999999467e-01 7.099999999999999645e-01 2.500000000000000000e-01
7.524999999999999467e-01 8.100000000000000533e-01 1.500000000000000222e-01
7.524999999999999467e-01 8.100000000000000533e-01 2.500000000000000000e-01
7.524999999999999467e-01 7.850000000000000311e-01 2.000000000000000111e-01
7.775000000000000799e-01 7.600000000000000089e-01 2.250000000000000056e-01
7.775000000000000799e-01 7.099999999999999645e-01 1.500000000000000222e-01
7.775000000000000799e-01 7.099999999999999645e-01 2.500000000000000000e-01
7.775000000000000799e-01 8.100000000000000533e-01 1.500000000000000222e-01
7.775000000000000799e-01 8.100000000000000533e-01 2.500000000000000000e-01
7.212499999999999467e-01 7.600000000000000089e-01 1.500000000000000222e-01
7.212499999999999467e-01 7.600000000000000089e-01 2.500000000000000000e-01
7.212499999999999467e-01 7.099999999999999645e-01 2.000000000000000111e-01
7.337500000000000133e-01 7.600000000000000089e-01 1.500000000000000222e-01
7.337500000000000133e-01 7.600000000000000089e-01 2.500000000000000000e-01
7.337500000000000133e-01 7.099999999999999645e-01 2.000000000000000111e-01
7.462499999999999689e-01 7.600000000000000089e-01 2.500000000000000000e-01
7.462499999999999689e-01 8.100000000000000533e-01 2.000000000000000111e-01
7.587500000000000355e-01 7.600000000000000089e-01 1.500000000000000222e-01
7.587500000000000355e-01 7.600000000000000089e-01 2.500000000000000000e-01
7.587500000000000355e-01 7.099999999999999645e-01 2.000000000000000111e-01
7.587500000000000355e-01 8.100000000000000533e-01 2.000000000000000111e-01
7.712499999999999911e-01 7.600000000000000089e-01 1.500000000000000222e-01
7.712499999999999911e-01 7.600000000000000089e-01 2.500000000000000000e-01
7.712499999999999911e-01 7.099999999999999645e-01 2.000000000000000111e-01
7.712499999999999911e-01 8.100000000000000533e-01 2.000000000000000111e-01
7.837500000000000577e-01 7.600000000000000089e-01 1.500000000000000222e-01
7.837500000000000577e-01 7.600000000000000089e-01 2.500000000000000000e-01
7.837500000000000577e-01 7.099999999999999645e-01 2.000000000000000111e-01
7.837500000000000577e-01 8.100000000000000533e-01 2.000000000000000111e-01
7.556249999999999911e-01 7.600000000000000089e-01 2.000000000000000111e-01
7.618749999999999689e-01 7.600000000000000089e-01 2.000000000000000111e-01
7.681250000000000577e-01 7.600000000000000089e-01 2.000000000000000111e-01
7.743750000000000355e-01 7.600000000000000089e-01 2.000000000000000111e-01
7.806250000000000133e-01 7.600000000000000089e-01 2.000000000000000111e-01
7.868749999999999911e-01 7.600000000000000089e-01 2.000000000000000111e-01
