7.575000000000000622e-01 7.399999999999999911e-01 3.867187500000000000e-01
7.575000000000000622e-01 7.399999999999999911e-01 4.007812500000000333e-01
7.575000000000000622e-01 7.399999999999999911e-01 4.148437500000000111e-01
7.575000000000000622e-01 6.999999999999999556e-01 4.078125000000000222e-01
7.575000000000000622e-01 6.999999999999999556e-01 4.394531250000000000e-01
7.575000000000000622e-01 6.999999999999999556e-01 4.464843750000000444e-01
7.575000000000000622e-01 7.800000000000000266e-01 4.394531250000000000e-01
7.575000000000000622e-01 7.800000000000000266e-01 4.464843750000000444e-01
7.575000000000000622e-01 7.199999999999999734e-01 4.218750000000000000e-01
7.575000000000000622e-01 7.199999999999999734e-01 4.429687500000000222e-01
7.575000000000000622e-01 7.600000000000000089e-01 4.429687500000000222e-01
7.575000000000000622e-01 7.149999999999999689e-01 4.500000000000000111e-01
7.575000000000000622e-01 7.524999999999999467e-01 3.937500000000000444e-01
7.575000000000000622e-01 7.575000000000000622e-01 3.937500000000000444e-01
7.575000000000000622e-01 7.624999999999999556e-01 3.375000000000000222e-01
7.575000000000000622e-01 7.675000000000000711e-01 3.375000000000000222e-01
7.575000000000000622e-01 7.724999999999999645e-01 3.937500000000000444e-01
7.575000000000000622e-01 7.775000000000000799e-01 3.937500000000000444e-01
7.575000000000000622e-01 7.612499999999999822e-01 4.500000000000000111e-01
7.575000000000000622e-01 7.637500000000000400e-01 4.500000000000000111e-01
7.575000000000000622e-01 7.662499999999999867e-01 4.500000000000000111e-01
7.575000000000000622e-01 7.687500000000000444e-01 4.500000000000000111e-01
7.575000000000000622e-01 7.712499999999999911e-01 4.500000000000000111e-01
7.575000000000000622e-01 7.737500000000000488e-01 4.500000000000000111e-01
7.575000000000000622e-01 7.762499999999999956e-01 4.500000000000000111e-01
7.575000000000000622e-01 7.787500000000000533e-01 4.500000000000000111e-01
7.150000000000000799e-01 7.399999999999999911e-01 3.550781250000000222e-01
7.150000000000000799e-01 7.399999999999999911e-01 3.621093750000000111e-01
7.150000000000000799e-01 7.399999999999999911e-01 3.832031250000000333e-01
7.150000000000000799e-01 7.399999999999999911e-01 3.902343750000000222e-01
7.150000000000000799e-01 7.399999999999999911e-01 3.972656250000000111e-01
7.150000000000000799e-01 7.399999999999999911e-01 4.042968750000000000e-01
7.150000000000000799e-01 7.399999999999999911e-01 4.113281250000000444e-01
7.150000000000000799e-01 7.399999999999999911e-01 4.183593750000000333e-01
7.150000000000000799e-01 6.999999999999999556e-01 3.445312500000000111e-01
7.150000000000000799e-01 6.999999999999999556e-01 3.585937500000000444e-01
7.150000000000000799e-01 6.999999999999999556e-01 3.726562500000000222e-01
7.150000000000000799e-01 6.999999999999999556e-01 3.867187500000000000e-01
7.150000000000000799e-01 6.999999999999999556e-01 4.007812500000000333e-01
7.150000000000000799e-01 6.999999999999999556e-01 4.148437500000000111e-01
7.150000000000000799e-01 6.999999999999999556e-01 4.429687500000000222e-01
7.150000000000000799e-01 7.800000000000000266e-01 3.445312500000000111e-01
7.150000000000000799e-01 7.800000000000000266e-01 3.585937500000000444e-01
7.150000000000000799e-01 7.800000000000000266e-01 3.726562500000000222e-01
7.150000000000000799e-01 7.800000000000000266e-01 3.867187500000000000e-01
7.150000000000000799e-01 7.800000000000000266e-01 4.007812500000000333e-01
7.150000000000000799e-01 7.800000000000000266e-01 4.148437500000000111e-01
7.150000000000000799e-01 7.800000000000000266e-01 4.289062500000000444e-01
7.150000000000000799e-01 7.800000000000000266e-01 4.429687500000000222e-01
7.150000000000000799e-01 7.199999999999999734e-01 3.515625000000000000e-01
7.150000000000000799e-01 7.199999999999999734e-01 3.796875000000000111e-01
7.150000000000000799e-01 7.199999999999999734e-01 4.078125000000000222e-01
7.150000000000000799e-01 7.199999999999999734e-01 4.359375000000000333e-01
7.150000000000000799e-01 7.600000000000000089e-01 3.515625000000000000e-01
7.150000000000000799e-01 7.600000000000000089e-01 3.796875000000000111e-01
7.150000000000000799e-01 7.600000000000000089e-01 4.078125000000000222e-01
7.150000000000000799e-01 7.600000000000000089e-01 4.359375000000000333e-01
7.150000000000000799e-01 7.099999999999999645e-01 4.218750000000000000e-01
7.150000000000000799e-01 7.299999999999999822e-01 3.656250000000000333e-01
7.150000000000000799e-01 7.299999999999999822e-01 4.218750000000000000e-01
7.150000000000000799e-01 7.500000000000000000e-01 3.656250000000000333e-01
7.150000000000000799e-01 7.500000000000000000e-01 4.218750000000000000e-01
7.150000000000000799e-01 7.700000000000000178e-01 3.656250000000000333e-01
7.150000000000000799e-01 7.700000000000000178e-01 4.218750000000000000e-01
7.150000000000000799e-01 7.149999999999999689e-01 3.937500000000000444e-01
7.150000000000000799e-01 7.249999999999999778e-01 3.937500000000000444e-01
7.150000000000000799e-01 7.349999999999999867e-01 3.937500000000000444e-01
7.150000000000000799e-01 7.449999999999999956e-01 3.937500000000000444e-01
7.150000000000000799e-01 7.550000000000000044e-01 3.937500000000000444e-01
7.150000000000000799e-01 7.650000000000000133e-01 3.937500000000000444e-01
7.150000000000000799e-01 7.750000000000000222e-01 3.937500000000000444e-01
7.150000000000000799e-01 7.375000000000000444e-01 2.250000000000000333e-01
7.150000000000000799e-01 7.375000000000000444e-01 4.500000000000000111e-01
7.150000000000000799e-01 7.524999999999999467e-01 4.500000000000000111e-01
7.150000000000000799e-01 7.575000000000000622e-01 4.500000000000000111e-01
7.150000000000000799e-01 7.624999999999999556e-01 4.500000000000000111e-01
7.150000000000000799e-01 7.675000000000000711e-01 4.500000000000000111e-01
7.150000000000000799e-01 7.724999999999999645e-01 4.500000000000000111e-01
7.150000000000000799e-01 7.775000000000000799e-01 4.500000000000000111e-01
8.000000000000000444e-01 6.999999999999999556e-01 4.429687500000000222e-01
8.000000000000000444e-01 7.800000000000000266e-01 4.429687500000000222e-01
8.000000000000000444e-01 7.500000000000000000e-01 3.656250000000000333e-01
8.000000000000000444e-01 7.500000000000000000e-01 4.218750000000000000e-01
8.000000000000000444e-01 7.149999999999999689e-01 3.937500000000000444e-01
8.000000000000000444e-01 7.449999999999999956e-01 3.937500000000000444e-01
8.000000000000000444e-01 7.550000000000000044e-01 3.937500000000000444e-01
8.000000000000000444e-01 7.650000000000000133e-01 3.375000000000000222e-01
8.000000000000000444e-01 7.650000000000000133e-01 3.937500000000000444e-01
8.000000000000000444e-01 7.750000000000000222e-01 3.937500000000000444e-01
8.000000000000000444e-01 7.624999999999999556e-01 4.500000000000000111e-01
8.000000000000000444e-01 7.675000000000000711e-01 4.500000000000000111e-01
8.000000000000000444e-01 7.724999999999999645e-01 4.500000000000000111e-01
8.000000000000000444e-01 7.775000000000000799e-01 4.500000000000000111e-01
7.362500000000000711e-01 7.399999999999999911e-01 4.289062500000000444e-01
7.362500000000000711e-01 7.399999999999999911e-01 4.429687500000000222e-01
7.362500000000000711e-01 6.999999999999999556e-01 3.515625000000000000e-01
7.362500000000000711e-01 6.999999999999999556e-01 3.796875000000000111e-01
7.362500000000000711e-01 6.999999999999999556e-01 4.078125000000000222e-01
7.362500000000000711e-01 6.999999999999999556e-01 4.359375000000000333e-01
7.362500000000000711e-01 7.800000000000000266e-01 3.515625000000000000e-01
7.362500000000000711e-01 7.800000000000000266e-01 3.796875000000000111e-01
7.362500000000000711e-01 7.800000000000000266e-01 4.078125000000000222e-01
7.362500000000000711e-01 7.800000000000000266e-01 4.359375000000000333e-01
7.362500000000000711e-01 7.199999999999999734e-01 4.500000000000000111e-01
7.362500000000000711e-01 7.199999999999999734e-01 3.656250000000000333e-01
7.362500000000000711e-01 7.600000000000000089e-01 3.656250000000000333e-01
7.362500000000000711e-01 7.600000000000000089e-01 4.218750000000000000e-01
7.362500000000000711e-01 7.099999999999999645e-01 3.937500000000000444e-01
7.362500000000000711e-01 7.299999999999999822e-01 3.937500000000000444e-01
7.362500000000000711e-01 7.500000000000000000e-01 3.375000000000000222e-01
7.362500000000000711e-01 7.500000000000000000e-01 3.937500000000000444e-01
7.362500000000000711e-01 7.700000000000000178e-01 3.375000000000000222e-01
7.362500000000000711e-01 7.700000000000000178e-01 3.937500000000000444e-01
7.362500000000000711e-01 7.449999999999999956e-01 4.500000000000000111e-01
7.362500000000000711e-01 7.550000000000000044e-01 4.500000000000000111e-01
7.362500000000000711e-01 7.650000000000000133e-01 4.500000000000000111e-01
7.362500000000000711e-01 7.750000000000000222e-01 4.500000000000000111e-01
7.787500000000000533e-01 7.500000000000000000e-01 3.937500000000000444e-01
7.787500000000000533e-01 7.700000000000000178e-01 3.375000000000000222e-01
7.787500000000000533e-01 7.700000000000000178e-01 3.937500000000000444e-01
7.787500000000000533e-01 7.650000000000000133e-01 4.500000000000000111e-01
7.787500000000000533e-01 7.750000000000000222e-01 4.500000000000000111e-01
7.256250000000000755e-01 7.399999999999999911e-01 3.515625000000000000e-01
7.256250000000000755e-01 7.399999999999999911e-01 3.796875000000000111e-01
7.256250000000000755e-01 7.399999999999999911e-01 4.078125000000000222e-01
7.256250000000000755e-01 7.399999999999999911e-01 4.359375000000000333e-01
7.256250000000000755e-01 6.999999999999999556e-01 4.500000000000000111e-01
7.256250000000000755e-01 6.999999999999999556e-01 3.656250000000000333e-01
7.256250000000000755e-01 6.999999999999999556e-01 4.218750000000000000e-01
7.256250000000000755e-01 7.800000000000000266e-01 3.656250000000000333e-01
7.256250000000000755e-01 7.800000000000000266e-01 4.218750000000000000e-01
7.256250000000000755e-01 7.199999999999999734e-01 3.937500000000000444e-01
7.256250000000000755e-01 7.600000000000000089e-01 3.375000000000000222e-01
7.256250000000000755e-01 7.600000000000000089e-01 3.937500000000000444e-01
7.256250000000000755e-01 7.500000000000000000e-01 4.500000000000000111e-01
7.256250000000000755e-01 7.700000000000000178e-01 4.500000000000000111e-01
7.468750000000000666e-01 7.399999999999999911e-01 4.078125000000000222e-01
7.468750000000000666e-01 7.399999999999999911e-01 4.359375000000000333e-01
7.468750000000000666e-01 6.999999999999999556e-01 3.656250000000000333e-01
7.468750000000000666e-01 6.999999999999999556e-01 4.218750000000000000e-01
7.468750000000000666e-01 7.800000000000000266e-01 3.656250000000000333e-01
7.468750000000000666e-01 7.800000000000000266e-01 4.218750000000000000e-01
7.468750000000000666e-01 7.199999999999999734e-01 3.937500000000000444e-01
7.468750000000000666e-01 7.600000000000000089e-01 3.375000000000000222e-01
7.468750000000000666e-01 7.600000000000000089e-01 3.937500000000000444e-01
7.468750000000000666e-01 7.500000000000000000e-01 4.500000000000000111e-01
7.468750000000000666e-01 7.700000000000000178e-01 4.500000000000000111e-01
7.681250000000000577e-01 7.700000000000000178e-01 4.500000000000000111e-01
7.893750000000000488e-01 7.700000000000000178e-01 4.500000000000000111e-01
7.203125000000000222e-01 7.399999999999999911e-01 4.500000000000000111e-01
7.203125000000000222e-01 6.999999999999999556e-01 3.937500000000000444e-01
7.203125000000000222e-01 7.800000000000000266e-01 3.375000000000000222e-01
7.203125000000000222e-01 7.800000000000000266e-01 3.937500000000000444e-01
7.203125000000000222e-01 7.600000000000000089e-01 4.500000000000000111e-01
7.309375000000000178e-01 7.399999999999999911e-01 4.500000000000000111e-01
7.309375000000000178e-01 7.800000000000000266e-01 3.375000000000000222e-01
7.309375000000000178e-01 7.800000000000000266e-01 3.937500000000000444e-01
7.309375000000000178e-01 7.600000000000000089e-01 4.500000000000000111e-01
7.415625000000000133e-01 7.399999999999999911e-01 4.500000000000000111e-01
7.415625000000000133e-01 7.399999999999999911e-01 4.218750000000000000e-01
7.415625000000000133e-01 7.800000000000000266e-01 3.375000000000000222e-01
7.415625000000000133e-01 7.800000000000000266e-01 3.937500000000000444e-01
7.521875000000000089e-01 7.399999999999999911e-01 4.500000000000000111e-01
7.521875000000000089e-01 7.399999999999999911e-01 4.218750000000000000e-01
7.521875000000000089e-01 6.999999999999999556e-01 3.937500000000000444e-01
7.521875000000000089e-01 7.800000000000000266e-01 3.375000000000000222e-01
7.521875000000000089e-01 7.800000000000000266e-01 3.937500000000000444e-01
7.840625000000001066e-01 7.399999999999999911e-01 4.500000000000000111e-01
7.840625000000001066e-01 6.999999999999999556e-01 3.937500000000000444e-01
7.840625000000001066e-01 7.199999999999999734e-01 2.250000000000000333e-01
7.840625000000001066e-01 7.199999999999999734e-01 4.500000000000000111e-01
7.840625000000001066e-01 7.099999999999999645e-01 3.375000000000000222e-01
7.840625000000001066e-01 7.299999999999999822e-01 3.375000000000000222e-01
7.176562499999999956e-01 7.399999999999999911e-01 3.937500000000000444e-01
7.176562499999999956e-01 7.800000000000000266e-01 4.500000000000000111e-01
7.229687500000000488e-01 7.399999999999999911e-01 3.937500000000000444e-01
7.229687500000000488e-01 7.800000000000000266e-01 4.500000000000000111e-01
7.282812499999999911e-01 7.800000000000000266e-01 4.500000000000000111e-01
7.335937500000000444e-01 7.800000000000000266e-01 4.500000000000000111e-01
7.389062500000000977e-01 7.800000000000000266e-01 4.500000000000000111e-01
7.442187500000000400e-01 7.800000000000000266e-01 4.500000000000000111e-01
7.495312500000000933e-01 7.399999999999999911e-01 3.937500000000000444e-01
7.495312500000000933e-01 7.800000000000000266e-01 4.500000000000000111e-01
7.548437500000000355e-01 7.399999999999999911e-01 3.937500000000000444e-01
7.548437500000000355e-01 7.800000000000000266e-01 4.500000000000000111e-01
