7.152983108597052997e-01 7.765594567774337653e-01 6.997834523062521628e-01
7.197716411841161843e-01 7.764566658739292526e-01 6.985468446432968603e-01
7.223973317667407024e-01 7.745147545748625184e-01 6.998145718167386731e-01
7.278048075233334302e-01 7.783865742652019692e-01 6.946465796058796105e-01
7.653949248223474999e-01 7.913545880323460402e-01 6.803197178172878390e-01
7.699843198858082882e-01 7.924874073189415169e-01 6.764011108702685515e-01
7.729628015720542145e-01 7.909332414303178460e-01 6.724362746016225856e-01
7.847240389112525305e-01 7.983850916086936422e-01 6.658384651637535567e-01
7.927309100371202621e-01 8.019214501523422856e-01 6.616522899348108444e-01
7.988794442635532844e-01 8.040454628735120846e-01 6.564560180960518077e-01
8.067233364637848014e-01 8.076440113381807562e-01 6.524253866776154043e-01
8.160531199872528285e-01 8.130574050783356821e-01 6.480086592499605391e-01
8.219665895979856307e-01 8.162456776437301276e-01 6.434028787755523560e-01
8.328940019770011416e-01 8.244263554678041839e-01 6.365581336842606186e-01
8.390216117484280423e-01 8.284682218292620526e-01 6.316458355082743559e-01
8.397504123143122445e-01 8.269174128854479555e-01 6.292210755802919442e-01
7.066380429190393109e-01 7.804796460611204134e-01 7.005587140720502815e-01
7.114361647677819311e-01 7.839787607246339052e-01 7.002742097937827426e-01
7.434273330390838153e-01 7.867888284944865029e-01 6.817839689504789913e-01
7.486045470499905763e-01 7.898122157997725656e-01 6.829791922930168457e-01
7.503478430304358904e-01 7.924583142371375288e-01 6.789352159006372123e-01
7.463237492770062875e-01 7.891953377948148773e-01 6.786921967208673356e-01
7.306755273894843805e-01 7.630528328218408873e-01 6.716374180603847943e-01
7.465551077523229218e-01 7.753040919319624802e-01 6.591148334347900484e-01
7.601406337630292054e-01 7.755434228930401241e-01 6.496514940774633651e-01
7.268417765899717331e-01 7.766419547039208338e-01 6.761254163304984965e-01
7.447616744161233981e-01 7.700382206414562170e-01 6.569287521055249268e-01
7.565965480977835389e-01 7.818272833250531351e-01 6.470865940817377426e-01
7.802848998668321379e-01 7.822350585801249867e-01 6.406426414180820261e-01
7.812126369869584197e-01 7.821989679307256305e-01 6.378738895146006671e-01
7.807318494697040867e-01 7.806943480399649582e-01 6.375045242883137231e-01
7.833390333431768937e-01 7.812338689428863781e-01 6.390308684226095881e-01
8.234991544762544358e-01 7.986076713041780906e-01 6.143271195480980440e-01
8.265810875221871745e-01 8.005596249054394153e-01 6.109742490797004377e-01
8.238646776409668249e-01 7.962826751983895779e-01 6.146618465069449977e-01
8.451891444887219551e-01 8.134633566419064987e-01 6.156172911517132640e-01
6.506255968591596606e-01 7.606506236504622098e-01 7.567159111134121874e-01
6.982609927111589343e-01 7.770101290448357956e-01 7.409444940852739636e-01
7.050013988488657013e-01 7.800917455357637698e-01 7.324081985405000994e-01
7.107654566709804556e-01 7.814873046637029752e-01 7.286401260071407870e-01
7.405578608162081133e-01 7.989906184532270528e-01 7.049746100289191464e-01
7.871439231458851049e-01 8.201237645299336299e-01 6.837758853711450868e-01
8.098750397626012232e-01 8.319006722611586024e-01 6.739969715679861029e-01
7.001007210704746075e-01 7.849883485969144647e-01 7.393792313066369637e-01
7.346266638773408797e-01 8.004020703289785876e-01 7.067407481897141075e-01
7.427757323284551738e-01 8.078901703418852609e-01 6.998371426149295749e-01
7.546402947272569106e-01 8.079402066020062723e-01 6.986156041188993360e-01
7.576275089440966948e-01 8.086445614936097481e-01 6.959105644865721807e-01
7.609917537003488830e-01 8.105340411855392890e-01 6.934082761181401544e-01
7.653895410451886372e-01 8.131753755744970391e-01 6.925822485840014142e-01
8.428852344640135330e-01 8.481869701568556241e-01 6.613709545656362154e-01
8.433571220861333373e-01 8.460176084829125198e-01 6.629688271547478084e-01
8.457831024142212772e-01 8.465745425192731100e-01 6.615893091302145201e-01
8.493781504280556449e-01 8.482395182750185336e-01 6.590068249482050611e-01
6.912272713632988674e-01 7.684454287588750043e-01 7.045689023182192257e-01
7.193437214150835146e-01 7.699293698461062707e-01 6.858426084899527098e-01
8.165585204225856986e-01 8.062835895598543523e-01 6.338327882043501837e-01
8.290119629672606516e-01 8.122488986047948778e-01 6.249117721194266117e-01
8.223816082504080693e-01 8.020790070185291887e-01 6.183653443798345917e-01
7.466832276873012209e-01 7.846569384499184618e-01 6.719291186745512956e-01
7.426713341038061467e-01 7.789019350621912974e-01 6.695868944980045701e-01
7.568186423540822494e-01 7.868466184928647467e-01 6.690436412709133140e-01
7.530039724204949936e-01 7.825847382177745226e-01 6.650483684687337194e-01
7.649741467419916008e-01 7.895887240749361879e-01 6.610210588023412992e-01
7.764996270490563957e-01 7.945348903150631914e-01 6.600208978318784503e-01
7.974168042476423857e-01 8.042315771166947957e-01 6.465764069171286987e-01
7.986477249754956320e-01 8.018153428510166325e-01 6.456140945014895438e-01
6.685830174051171637e-01 7.651471880685966065e-01 7.353343047768496898e-01
7.526153420823342710e-01 7.997895775773988802e-01 6.924616403030269263e-01
7.668686294382894841e-01 8.036985434754611024e-01 6.848577412569498701e-01
8.123441926570690308e-01 8.195316937585562789e-01 6.578304388143988435e-01
8.137354465434696316e-01 8.137531364290498948e-01 6.575916971116650966e-01
6.948576289985818333e-01 7.788750213353711205e-01 7.204224981021046803e-01
6.922799866097163468e-01 7.762964463900661194e-01 7.173100771006636345e-01
7.529439377701734326e-01 8.032862846240284016e-01 6.929405944119634286e-01
7.623644538591735076e-01 7.900965253673212230e-01 6.560183093834107693e-01
7.710128590864222531e-01 7.910924400645725774e-01 6.495552430569212499e-01
7.719494404866898973e-01 7.869390097315478450e-01 6.427015755474406733e-01
7.927631642957937430e-01 7.978004555308094714e-01 6.357046484645493267e-01
7.251719597661097083e-01 7.716354294858658314e-01 6.933185617212388463e-01
7.286187405583356425e-01 7.724964251227968148e-01 6.822271141545527273e-01
7.743617046845554519e-01 7.949803057394346784e-01 6.619655695010960850e-01
7.966934618914968125e-01 8.072523831273077377e-01 6.534795246712550298e-01
8.005424477081131140e-01 8.031878676072660150e-01 6.499786548256660801e-01
8.169184439582090063e-01 8.121961690805621359e-01 6.411405269295062936e-01
8.311805854153201389e-01 8.193562672415135584e-01 6.304095462292106378e-01
8.304814780472036251e-01 8.144409874216168577e-01 6.226357868315268718e-01
7.126810949363215908e-01 7.815209641471564384e-01 7.094956038857423986e-01
7.286636078012320716e-01 7.838302939798832414e-01 7.008475535312418403e-01
8.055883165141384250e-01 8.168417795896384392e-01 6.615772280900222846e-01
8.210784413111920088e-01 8.248285350431628915e-01 6.524712325156778459e-01
8.264022032398928852e-01 8.236521329186841101e-01 6.496775262076024404e-01
8.242159355271636567e-01 8.153751033969364181e-01 6.504885081791443868e-01
8.302413746117961457e-01 8.376336640891857144e-01 6.599670568554069083e-01
8.371826150767154306e-01 8.380595733484815790e-01 6.537622470790220852e-01
7.704019114664477641e-01 7.910670070873891957e-01 6.486512075061625637e-01
8.194093865336371518e-01 8.117548540698358295e-01 6.207781354730126377e-01
8.262558992061433960e-01 8.044157417802501042e-01 6.117471110138877899e-01
7.495407373473970125e-01 7.772986688836210911e-01 6.596633785632104452e-01
7.872182087414925089e-01 7.967828893026738246e-01 6.434431269442256740e-01
8.168977173856920571e-01 8.116364670649802715e-01 6.283054417279858583e-01
8.358756449071710337e-01 8.168402270450042524e-01 6.133382543999890135e-01
7.961512713521109452e-01 7.977997366275536573e-01 6.547905102600067861e-01
7.420970052323954125e-01 7.814269470985757415e-01 6.840271208393045033e-01
7.204970640099915835e-01 7.697490711610066594e-01 6.916456467517855256e-01
7.596902609034072995e-01 7.928059594015197664e-01 6.759845621518588699e-01
7.722958393468152272e-01 7.918643302687011776e-01 6.659339285570339273e-01
7.075757159345520408e-01 7.821428320491189412e-01 7.065721448645201352e-01
8.116026978846989648e-01 8.189710763962166906e-01 6.503116729478515268e-01
8.532692619184333305e-01 8.449609455510538325e-01 6.332294685923191002e-01
6.681550291882470960e-01 7.669391416333204425e-01 7.378146005824544051e-01
7.060607881472673597e-01 7.823770651904256024e-01 7.146246217438535497e-01
8.210490916413590856e-01 8.324325316748748538e-01 6.524284618608906516e-01
8.407354995703885114e-01 8.383527985008571992e-01 6.412034348787015725e-01
6.971837766853499208e-01 7.754897212794942263e-01 7.268843794172492601e-01
7.490797785646541307e-01 7.988118928749934344e-01 6.958154369318853005e-01
7.728873754793412765e-01 8.069956408363119227e-01 6.863433908134350947e-01
8.314533275668546386e-01 8.349866114709315612e-01 6.505250041850895171e-01
8.571615317767525832e-01 8.623398896511743628e-01 6.467827884748024170e-01
6.997938421275706755e-01 7.712560880524100826e-01 6.960991223221204560e-01
8.051269230238063956e-01 7.886387432314270196e-01 6.226882336213408475e-01
6.809177206458442155e-01 7.614550678345459733e-01 7.011356128692863843e-01
8.314572466218875801e-01 8.139830886016097278e-01 6.167644385514324812e-01
8.321917134857969023e-01 8.066216099201308776e-01 6.186149546203331129e-01
7.576875879542205316e-01 7.760877583750512843e-01 6.558804969949199037e-01
8.393978010961027358e-01 8.132987449233434196e-01 6.178502218289124714e-01
7.615311563072478807e-01 7.791775351803585936e-01 6.613662218551185079e-01
8.515377392702887516e-01 8.345250109652141424e-01 6.194794723123711044e-01
7.601553869013518705e-01 7.836254264306187212e-01 6.763491649195918498e-01
7.768771821192437255e-01 8.011506502345255853e-01 6.752496456850064499e-01
8.190831313555161364e-01 8.166895645774868706e-01 6.396113468663543467e-01
7.719190912618983935e-01 8.004425712539712245e-01 6.788261062637067633e-01
8.328154684492702353e-01 8.294064209107191443e-01 6.413403949025725526e-01
7.629891136958745212e-01 7.912946241045942797e-01 6.843737463871650828e-01
8.287479048968575679e-01 8.261774357692206472e-01 6.474503189099471978e-01
6.608602198897860491e-01 7.628896559177090753e-01 7.388464301437345227e-01
6.549301041702605408e-01 7.596435097285085813e-01 7.446297957542620249e-01
7.465325415493999639e-01 7.883473462274577237e-01 6.981340968060574248e-01
6.608447150034926221e-01 7.666104105334330399e-01 7.433895820096939611e-01
8.401218718784824180e-01 8.374975679817803220e-01 6.487596616352400147e-01
7.601491626648669842e-01 8.043655460485391595e-01 6.915717420811270388e-01
8.533643682826477228e-01 8.508303254849950426e-01 6.474045260966458937e-01
7.622236919275560130e-01 7.872149076941918899e-01 6.515603021939474493e-01
7.556922291906085221e-01 7.840513767435511872e-01 6.540256211058945723e-01
7.455029798870288493e-01 7.774773215596556541e-01 6.575437435442286205e-01
7.429567719019671834e-01 7.765530618537249685e-01 6.597822946953830758e-01
7.880563294238001060e-01 7.895297604482123255e-01 6.407319028226475810e-01
7.955646837652119441e-01 7.962818109828442292e-01 6.406949265231921542e-01
7.964671397042849543e-01 7.970259428319105277e-01 6.433253135261670641e-01
7.886440847953598565e-01 7.898847213543437329e-01 6.488548548457179210e-01
7.866932367634675849e-01 8.009581274087675951e-01 6.590346809555662766e-01
7.963337388447544463e-01 8.088906162984879078e-01 6.611350626022578503e-01
7.483925399754522978e-01 7.941528137266025134e-01 6.799961751499328244e-01
7.998330795207400090e-01 8.118796527814907682e-01 6.626304265548448313e-01
7.480194543525352513e-01 7.938593434276992600e-01 6.850856357680972231e-01
7.905092544123952791e-01 8.058531187110610228e-01 6.641902718227239433e-01
7.484336861673197561e-01 7.947207520957604299e-01 6.917986556283267641e-01
7.495020727422062601e-01 7.973343213467900537e-01 6.914345547357851895e-01
7.453515230458321872e-01 7.955687671107638526e-01 6.931273569376386057e-01
7.428902628169101741e-01 7.955351606190887992e-01 6.935160097104444699e-01
7.868457842332802210e-01 8.175962559730568513e-01 6.806499931819213201e-01
7.924967215216577321e-01 8.237877594699867245e-01 6.798590912696718114e-01
8.318229947672446389e-01 7.996504387071634579e-01 6.213987242302183578e-01
8.193476194690426651e-01 7.899270918906067251e-01 6.193115648573929155e-01
8.219337325321007803e-01 7.929300741574943912e-01 6.171159406854728191e-01
8.211293934541495920e-01 7.932169494638550145e-01 6.175414883935468335e-01
8.324292055056197182e-01 8.052425623658370224e-01 6.116270562770632635e-01
8.353496448150442566e-01 8.082298666666605236e-01 6.115840990216695472e-01
8.360200889778883759e-01 8.092566692112361793e-01 6.132845389426256899e-01
8.342484660657666362e-01 8.085267652877166089e-01 6.146787967123376051e-01
8.437981086969147393e-01 8.322293074372495436e-01 6.246966158636507727e-01
6.773438656485469833e-01 7.683397273146461703e-01 7.282158512823496688e-01
8.597273801605003207e-01 8.445153214176501777e-01 6.264526574384078339e-01
8.532295890216260448e-01 8.382341045755783426e-01 6.268947070547256084e-01
8.442246960519482757e-01 8.297788085033269700e-01 6.309132210854678791e-01
8.465926700525763238e-01 8.320572253316423916e-01 6.320849327097026737e-01
8.495893464690449370e-01 8.352191168104051711e-01 6.344785757433933915e-01
8.365685920873989767e-01 8.280084181489234529e-01 6.417153603157184083e-01
8.350629026625803197e-01 8.273002729112459708e-01 6.406725190582831519e-01
8.368541549139699720e-01 8.269046095189781509e-01 6.460864703090929417e-01
8.381366995514049067e-01 8.283086817691950321e-01 6.481537131536264651e-01
7.479670400552509424e-01 7.925650537304539389e-01 6.794374522482273804e-01
7.529762987637553806e-01 7.969259041616139072e-01 6.783188391242226389e-01
7.954046669086255461e-01 8.132478186458040881e-01 6.820261255142300305e-01
8.181524516606366593e-01 8.280259242690477528e-01 6.702949807311644470e-01
8.271495073673638121e-01 8.278106488565663001e-01 6.605992466698444865e-01
8.533491574748596209e-01 8.342108539007275780e-01 6.474608390042717598e-01
8.539469397520695892e-01 8.319714488310078204e-01 6.467554879736578943e-01
7.538430214915760041e-01 8.100413966750454886e-01 7.064788950220398656e-01
7.817115800720840779e-01 8.090492938686486557e-01 6.913209151909847083e-01
7.877409769445326004e-01 8.159520958813625269e-01 6.825169976014444639e-01
7.442240759315155163e-01 7.866720248146163996e-01 6.870697822377449526e-01
8.149648501650643695e-01 8.177157898233939903e-01 6.443930415247579591e-01
7.575449417777180283e-01 7.844892501820789343e-01 6.826210108129874277e-01
7.654412722526617863e-01 7.848453184936815541e-01 6.756727107769138208e-01
8.235076489990156290e-01 8.182380435742027114e-01 6.305481065785769612e-01
8.586185049047317941e-01 8.345785662373192970e-01 5.992244380926110559e-01
7.538669028436348896e-01 7.914701214017831887e-01 6.827307561813779069e-01
7.928966826205314788e-01 7.991946662364397547e-01 6.608154976851211559e-01
8.454343696787636198e-01 8.334803046956377193e-01 6.168683983561884521e-01
8.506569804735948370e-01 8.357681616746255315e-01 6.104905043223133321e-01
8.720128179248796130e-01 8.417067253480424727e-01 5.970083569078454833e-01
8.730887289112782002e-01 8.408158039886848290e-01 5.951264941980697332e-01
8.843082754171488480e-01 8.509398125568615745e-01 5.809828642244558861e-01
8.683593228482969772e-01 8.338323901500480639e-01 5.861404136980856716e-01
7.609566663199375247e-01 8.119771533020579968e-01 7.304696491660768176e-01
7.273935955637941264e-01 7.994095730950795398e-01 7.450644929245908710e-01
7.339368075111065703e-01 7.978035009046142711e-01 7.478083452083106319e-01
7.366592068512172187e-01 8.002962696739811532e-01 7.427033080927305519e-01
7.424742409498931162e-01 8.039391127578376928e-01 7.384965628796358317e-01
7.497955514137680799e-01 8.068662656636867991e-01 7.354397456597935312e-01
7.935203081804594882e-01 8.322413641131322093e-01 7.118404735568615305e-01
7.971811291953724288e-01 8.352722745499672197e-01 7.021327400270884755e-01
8.001237892543979768e-01 8.345506272998624020e-01 7.015730677194578213e-01
8.209122748153874216e-01 8.516326487838022929e-01 6.902824880102296223e-01
8.268488014600204883e-01 8.564251562144872265e-01 6.816331688031415093e-01
8.638355100515875407e-01 8.565900309059801820e-01 6.714771506694602321e-01
8.657471085714264492e-01 8.566585473854437804e-01 6.715159141899208484e-01
8.712989711792314962e-01 8.442603209090571159e-01 6.168359796436347908e-01
7.125138551172176538e-01 7.901218931904365750e-01 7.066658522128921316e-01
7.218210806724533191e-01 7.913288009775022447e-01 7.052414051749749113e-01
7.511918998350205490e-01 7.992357576139341724e-01 6.901858609472827366e-01
7.547749460598459637e-01 7.959923189511710628e-01 6.880096689744001903e-01
7.707526636954136201e-01 7.999993844963222411e-01 6.853557728517319925e-01
7.740101392104141720e-01 7.991960991530465686e-01 6.762510304599865796e-01
7.982599979371347576e-01 8.159504366117735774e-01 6.684661778758403949e-01
8.142194048377286997e-01 8.239414813345034005e-01 6.575200148679061218e-01
8.125736244900094718e-01 8.176810129969990237e-01 6.504324974130490933e-01
8.417045803563970585e-01 8.359612367575286473e-01 6.399781256671449592e-01
8.389981503295095289e-01 8.236499026408501400e-01 6.381109346905715629e-01
8.488680304853112313e-01 8.282467250877305620e-01 6.326559829354292397e-01
8.254093988281373528e-01 8.405932398427811147e-01 6.748898978435751150e-01
7.036635942082503092e-01 7.975018285292059250e-01 7.371427026446397690e-01
7.286998388412552208e-01 8.017289351811954790e-01 7.225060253757086270e-01
7.412501567902916033e-01 8.063681252416553535e-01 7.176995893699330553e-01
7.531657241110817358e-01 8.127666800166284400e-01 7.101925743068634445e-01
7.814141911277338037e-01 8.174744318509554741e-01 6.949302105386584438e-01
8.006759214926977286e-01 8.271810187539163639e-01 6.867539938190335702e-01
8.538312114430010036e-01 8.445178168220185411e-01 6.639781057799275521e-01
8.522768671893161674e-01 8.368520179644801660e-01 6.689201300938210082e-01
7.554618972295291668e-01 7.982349001265320876e-01 6.863161069374996703e-01
7.267843046970209331e-01 7.982555270474134268e-01 6.951787766489031517e-01
7.734744658376642157e-01 8.016234437122303769e-01 6.641156572063908747e-01
8.077309201906872627e-01 8.181798306435594803e-01 6.535735038369696603e-01
8.430789623459824522e-01 8.275363965251347764e-01 6.213072788886890852e-01
8.778280604591072178e-01 8.485437913520974540e-01 6.030082589937211246e-01
7.140106389012572663e-01 7.895213011934528735e-01 7.188230425132757784e-01
7.551597882201979139e-01 7.896146111966353409e-01 6.913278765272709014e-01
7.976399585300026907e-01 8.170637500134848574e-01 6.715362406465414935e-01
8.145514822011589162e-01 8.194807560785684064e-01 6.556663170913310523e-01
8.281258081546801764e-01 8.173835807737055426e-01 6.509101134589660997e-01
8.596850701602299916e-01 8.372669240864089035e-01 6.310549480396673294e-01
7.103025660089450355e-01 7.877167980292623106e-01 7.284778666221325416e-01
7.481518473231451027e-01 8.075783345018273662e-01 7.057905990101630556e-01
7.656356639299540801e-01 8.109585511296785176e-01 6.956101028503203221e-01
7.939118464505758865e-01 8.197526026267959454e-01 6.837492947520045217e-01
8.593992177989768777e-01 8.511583431725469051e-01 6.516641022564009234e-01
8.798619261619932130e-01 8.582814031963426071e-01 6.485913017616988796e-01
7.378736069702200862e-01 7.984707887342726851e-01 7.379168490841663264e-01
7.221924996991410106e-01 8.015145499963091114e-01 7.316755558577857643e-01
7.395769400686248440e-01 8.030624712419732747e-01 7.253434426609444152e-01
7.917046224839026092e-01 8.269640858967386432e-01 6.955626451160074053e-01
8.809998776111046537e-01 8.725822350924951065e-01 6.516831992250461392e-01
8.118079875286878799e-01 8.129763095565556430e-01 6.452141764568321003e-01
8.780531393486973313e-01 8.518948386553681917e-01 6.007555154051624768e-01
7.888324911404023254e-01 7.973819561177086790e-01 6.604218082203974216e-01
8.520388756760732818e-01 8.315501843638164470e-01 6.216508758509670107e-01
7.103645917697810619e-01 7.883113769206117061e-01 7.157242648418896680e-01
8.590879916963410912e-01 8.290643431162855181e-01 6.186239513284514935e-01
8.161086023845298687e-01 8.264772307186157851e-01 6.696056327196937552e-01
7.559640144109454063e-01 8.047434318791021335e-01 6.982492363163951277e-01
8.236282621072217314e-01 8.396637395403462323e-01 6.686505005585859918e-01
8.669388890532587766e-01 8.514518048612416123e-01 6.437551563565749868e-01
7.385436023078619794e-01 8.025127702744406788e-01 7.175490584999655308e-01
7.590750145577566110e-01 8.132430964313180910e-01 6.988546373335576822e-01
8.274573167432532905e-01 8.459757258609431618e-01 6.725461692916452350e-01
8.770954343734412850e-01 8.656542534267401834e-01 6.493182339805206871e-01
7.026055811835829612e-01 7.879685493838506360e-01 7.374471526171487712e-01
7.525628092342402375e-01 8.086959367650492503e-01 7.149071557013153555e-01
8.085805897098471418e-01 8.326601915789185737e-01 6.906281329615239217e-01
8.694965281195000673e-01 8.650355508239978564e-01 6.582072809768674260e-01
6.968567331496494655e-01 7.950689880297382439e-01 7.494089057655465291e-01
7.552333945823460626e-01 8.110572741551415055e-01 7.232601099698620084e-01
8.050416788642914545e-01 8.350024001279539032e-01 6.941146113025515874e-01
8.689648020521055782e-01 8.679525063655120221e-01 6.629631267676899808e-01
7.853277061099273038e-01 7.959773958496196844e-01 6.672200366574270181e-01
8.454520810721773971e-01 8.296383885269943415e-01 6.156513651096778839e-01
7.735998622619094656e-01 7.911444528832288769e-01 6.715254819101095229e-01
8.493537325615296840e-01 8.353270486360370173e-01 6.208452598904564690e-01
8.348675224319856980e-01 8.243612343473838422e-01 6.311417729426472834e-01
8.334489855743297815e-01 8.225350740077574940e-01 6.388653979512830539e-01
7.752968202572166900e-01 7.952765726197725815e-01 6.849548967553287238e-01
7.724131118310950672e-01 7.954150275730984543e-01 6.886403368923657009e-01
8.517516373070728175e-01 8.480794125302790754e-01 6.465856740356443755e-01
7.725983830246593298e-01 8.063290991428128107e-01 6.929611324488829105e-01
8.586906909958461620e-01 8.552589622084039167e-01 6.494926830960761066e-01
8.424220820980569124e-01 8.394648440049947702e-01 6.575294578245979293e-01
7.770349324443496242e-01 8.110344177989671222e-01 6.990310801768928606e-01
8.488224861035185143e-01 8.486003305415986686e-01 6.567848394409152579e-01
7.728555536547804250e-01 8.096821397667286480e-01 7.033541803737392017e-01
7.775721650224182158e-01 8.131135147784719353e-01 7.116362191680890570e-01
7.829806269271347707e-01 8.202648395748692867e-01 7.088152982047085660e-01
7.803974335473771173e-01 8.197835494904496256e-01 7.132559164686179676e-01
8.390043901396504467e-01 8.507191149395870733e-01 6.754813569785954597e-01
7.773258799568310007e-01 8.208720320478842813e-01 7.160586743367818308e-01
8.488969027709372117e-01 8.629835103224505755e-01 6.789790354708897802e-01
8.439532152145997612e-01 8.083123089142032480e-01 5.949172108953646454e-01
8.744636673556906992e-01 8.375398126489242978e-01 5.877574156834024510e-01
8.933347128151766237e-01 8.568793182546565745e-01 5.837124843755715498e-01
8.899750145591355244e-01 8.542436637603361138e-01 5.903103361577023422e-01
8.724216863420853896e-01 8.456761101717921170e-01 6.347983643035396417e-01
8.776949595420512340e-01 8.493926534147456797e-01 6.393507737117474221e-01
8.747726867227286762e-01 8.464623150278431929e-01 6.437019103973015133e-01
8.745766189762249621e-01 8.472731565883491189e-01 6.421269932481405984e-01
8.827269704862981126e-01 8.627510603331181027e-01 6.406090327040964150e-01
8.865584259849240700e-01 8.636288497278227227e-01 6.491911216429993026e-01
8.651254197815917424e-01 8.464238261765090199e-01 6.557319282024193230e-01
8.559775756964116411e-01 8.392249091636420077e-01 6.618655588556127123e-01
6.904538710065346585e-01 7.845462194018187896e-01 7.464843577187249002e-01
6.895958361702093642e-01 7.854149347370569245e-01 7.466514723278572241e-01
6.995575295320464182e-01 7.954221161052736910e-01 7.433709420744799568e-01
8.801923698951731323e-01 8.649845529843266378e-01 6.538839420268136582e-01
7.020393902444030942e-01 7.974399020603499810e-01 7.449922029998327089e-01
8.827383307310836535e-01 8.692280312777730389e-01 6.514701876522202006e-01
7.836295607862711066e-01 8.129440723695094961e-01 6.901760043690197133e-01
7.139066234947339940e-01 7.602060162175440228e-01 6.801942558493987434e-01
7.460062703436559639e-01 7.838000494514588690e-01 6.705115446294649395e-01
7.491314414306859959e-01 7.781039586263940322e-01 6.664537318006129585e-01
6.790668563829502791e-01 7.598114946715606166e-01 7.042791291108747576e-01
6.751233091467806480e-01 7.555036510240136227e-01 7.046325137490313528e-01
6.695427491093738359e-01 7.507031508648950302e-01 7.023497698577680914e-01
6.869502213807122670e-01 7.656819667604095603e-01 6.986238542016407482e-01
6.948608826676367922e-01 7.604195984968743494e-01 6.958302790424062412e-01
6.940031762641378776e-01 7.564673743667582606e-01 6.984064659694498856e-01
6.938193691543648178e-01 7.550955496658497967e-01 6.980500425630187245e-01
6.982623783012098517e-01 7.601729724836306934e-01 6.926034941056800065e-01
6.998101988008703644e-01 7.616519978649001210e-01 6.893770661679723410e-01
7.025749928382145626e-01 7.634017401164211458e-01 6.877612179596217512e-01
6.999397766767021523e-01 7.535342861059857178e-01 6.889150186348376170e-01
7.125368605877401285e-01 7.667255365597422934e-01 6.776737399355629021e-01
7.505021708611344655e-01 7.774348016605716616e-01 6.617020825966783981e-01
7.627386731788318164e-01 7.856689709169659697e-01 6.567980647873592481e-01
7.684600248266090228e-01 7.886675893916090807e-01 6.545133353180089264e-01
7.653097248274755016e-01 7.840399134112084889e-01 6.541975309252666682e-01
7.698433581933886716e-01 7.827305030125887297e-01 6.555633545962603614e-01
7.781344193578758617e-01 7.874874029253393637e-01 6.522803179128818796e-01
7.777933439837148022e-01 7.863010799378876703e-01 6.501008418393120492e-01
7.808688259924608799e-01 7.879877830586503595e-01 6.486744131954476078e-01
7.911090699478154908e-01 7.987868321083134715e-01 6.420921766067630987e-01
7.949361362303719591e-01 8.017934554187883256e-01 6.371404130074771466e-01
8.005404982061736785e-01 8.050936102850343445e-01 6.346106240421222067e-01
8.037773815552076151e-01 8.057891018843741371e-01 6.336007101795101404e-01
8.095066145569089766e-01 8.039399012100842956e-01 6.322097978439045196e-01
7.998798369779748230e-01 7.919874801501910477e-01 6.366855724332846078e-01
7.457247612417702287e-01 7.684126913134657899e-01 6.320527058043170499e-01
6.882365867622801670e-01 7.554919167737713659e-01 6.725192153295739272e-01
6.858828654763121646e-01 7.517233500631826937e-01 6.702262785061120498e-01
6.946633337064277436e-01 7.522812695893470458e-01 6.610877895706857021e-01
7.002062671467000898e-01 7.525183282602484480e-01 6.612227271339564671e-01
7.086758646591805322e-01 7.553732658533611755e-01 6.600369126091659711e-01
7.132753612851088221e-01 7.600387793645952961e-01 6.522421397871683846e-01
7.064096168512412621e-01 7.441945799096822967e-01 6.525039444332476624e-01
7.347283802630072413e-01 7.664436717817970646e-01 6.351461825749011858e-01
7.346834789138476651e-01 7.626491301335481809e-01 6.366394741104912658e-01
7.635663273745432189e-01 7.788165768297549141e-01 6.238008093424827205e-01
7.680023958469954781e-01 7.800558371959125381e-01 6.233683578259511249e-01
7.677074739815468174e-01 7.777428915276424215e-01 6.145710785966632672e-01
7.764585565345868412e-01 7.822823287535709547e-01 6.096697488274652743e-01
7.876135492776468183e-01 7.849439798282659142e-01 6.117423182285509631e-01
7.864398344377804273e-01 7.806046894271925218e-01 6.125212733630298612e-01
7.912747684468661724e-01 7.833160517325629124e-01 6.103205024714072335e-01
7.986989892015379233e-01 7.869407513631717643e-01 6.041573904018742169e-01
8.135484198190026106e-01 7.989884856141264979e-01 5.901661787954254335e-01
7.771943123715402413e-01 7.588625395253956185e-01 6.086791385365277751e-01
6.388519211362072570e-01 7.455615985947944280e-01 7.528427839581686154e-01
6.708147124828292007e-01 7.672933695844781354e-01 7.328842401956383590e-01
6.742987858275898416e-01 7.699116981351682432e-01 7.275461893180568129e-01
6.915595291967242542e-01 7.751603004541335329e-01 7.171931196238018336e-01
6.965910348205697211e-01 7.780374844626020137e-01 7.138497609771095043e-01
7.004697542256407283e-01 7.844595401604338436e-01 7.037395441729812351e-01
7.072872397603305883e-01 7.787707252095206201e-01 7.020297431455615467e-01
7.465787939976976650e-01 8.088515118989680897e-01 6.810059833004667995e-01
7.456813828475992167e-01 8.061755058959741982e-01 6.793235987562459277e-01
7.474904008958606072e-01 8.022685666155230377e-01 6.721791643061054700e-01
7.682117328768491848e-01 8.170365118755400502e-01 6.639942614331840742e-01
7.810117001123642044e-01 8.198064565027104456e-01 6.654461243816786054e-01
7.759594593292581388e-01 8.127108785845200689e-01 6.646087298210375804e-01
7.908782901132954679e-01 8.291812334008127339e-01 6.504372697907809808e-01
7.995528410448731194e-01 8.354841161001169692e-01 6.480793176899887209e-01
7.980451950017343199e-01 8.268525244206221814e-01 6.530754707956006877e-01
7.846691532767735566e-01 8.069505294144582175e-01 6.646132053491718983e-01
6.693067701046008233e-01 7.454708493355279852e-01 6.909173570688795785e-01
6.953156926581433028e-01 7.597443139870740936e-01 6.746027966495637962e-01
7.058879116374402463e-01 7.613362896671623803e-01 6.695865844204894612e-01
7.050759058439377558e-01 7.548077114531835941e-01 6.695095811321628565e-01
7.418088827308587652e-01 7.799132336315494074e-01 6.618529627461758880e-01
7.419113163308947989e-01 7.749372933151679188e-01 6.528716751489822556e-01
7.431634551579101577e-01 7.730525800519246760e-01 6.458689813044045103e-01
7.590284586712123804e-01 7.808683539484113645e-01 6.425749732826032679e-01
7.814448233000377275e-01 7.921186507441890789e-01 6.317203895828442661e-01
7.946101181380248457e-01 7.963563160760367410e-01 6.238886754176129479e-01
8.045417441581029783e-01 8.015504969745362862e-01 6.133498736982538890e-01
8.353698953972065189e-01 8.204473822542545092e-01 6.042923542317087948e-01
7.554484583702124612e-01 8.050528359919457699e-01 6.657252178114780872e-01
6.437989593065029936e-01 7.574609097817561754e-01 7.269045759818504315e-01
6.496398131204650372e-01 7.554182052879147014e-01 7.232446724704197916e-01
6.636899972258288871e-01 7.609049242772022437e-01 7.110961662434748254e-01
7.268071516757684813e-01 7.920526594307191193e-01 6.784103606015493559e-01
7.793033486988498737e-01 8.177475747809999085e-01 6.510372339010910281e-01
7.839534073362199873e-01 8.138943073870548162e-01 6.468599396022245429e-01
7.885808104491208725e-01 8.165152144866146822e-01 6.379108284258948602e-01
8.073462260067638674e-01 8.220463041381987912e-01 6.409870087289750717e-01
7.533572936046437629e-01 7.856336715907492607e-01 6.431385913045287728e-01
7.570916012307855603e-01 7.808958360378848162e-01 6.310568122762252319e-01
7.882768850468259147e-01 7.997756473057036075e-01 6.092056961869369847e-01
8.316284953349072362e-01 8.227380382182672980e-01 5.935725079198240772e-01
6.929016784123593897e-01 7.640649702372475094e-01 6.852412493635371415e-01
6.936221518425836896e-01 7.559777566683099082e-01 6.732562834167250543e-01
7.377972912031349750e-01 7.800089106176666398e-01 6.605629530558893014e-01
7.560678572180565826e-01 7.861282894770327268e-01 6.481166170477117294e-01
7.756574853375227674e-01 7.889202372700173660e-01 6.399782194366534505e-01
8.123214844058915807e-01 8.083133512060385328e-01 6.189764671311306365e-01
6.832122674647257421e-01 7.679204242314306983e-01 6.941626857538644169e-01
7.115550858845139937e-01 7.826169300296743625e-01 6.821720064276786122e-01
7.269692921914105987e-01 7.813952957219326700e-01 6.705545054686753437e-01
7.914655595813420152e-01 8.152114900003939457e-01 6.397067935208859968e-01
8.113604373877872922e-01 8.208087726630280967e-01 6.306092223700036081e-01
6.584533945756114726e-01 7.612734945297169320e-01 7.224220127928507873e-01
7.302212575580591114e-01 7.957164920374281136e-01 6.767811267519844298e-01
7.939787980297334791e-01 8.264265907434431568e-01 6.554450747842799352e-01
8.179679583052418268e-01 8.392750554955740183e-01 6.375294836131862874e-01
7.534853545722386414e-01 7.796862716334725940e-01 6.321960240996753466e-01
8.126418684537507486e-01 8.099772679045800228e-01 5.997691456641626173e-01
6.593417921355427813e-01 7.523276116580775996e-01 6.991868569844629233e-01
7.435752873506848992e-01 7.734011897906358790e-01 6.446060611058682666e-01
7.954034897770863033e-01 7.984255693622105410e-01 6.104776758616474730e-01
6.962821902337001934e-01 7.537190913637044076e-01 6.864413966120734845e-01
7.501271949614781720e-01 7.837987121412478553e-01 6.502368332434111942e-01
7.957954014541405163e-01 7.975055707132250316e-01 6.221400592775413463e-01
6.886267105054110216e-01 7.523001344680070313e-01 6.905253746056256858e-01
7.622286537512344973e-01 7.969063533495522877e-01 6.573527045506749600e-01
8.012582993529359099e-01 8.065087179794286909e-01 6.309153581755319040e-01
6.481627007750372371e-01 7.556654595346455894e-01 7.167163494375723420e-01
6.926408809205619743e-01 7.632063963094967152e-01 6.944383602783852361e-01
7.461929608982521556e-01 7.913439417585138580e-01 6.642187285914361583e-01
8.057762520545300733e-01 8.185015087240151699e-01 6.350360264440750857e-01
6.405966363116484263e-01 7.516118080360493225e-01 7.257323017315759905e-01
6.948637141124992533e-01 7.730003342484665918e-01 6.934850216569731218e-01
7.399693980679951100e-01 7.918609245488614778e-01 6.649501134870128283e-01
7.885823544271284291e-01 8.116006337691890060e-01 6.399602321077914047e-01
7.237812113097432665e-01 7.839812344777093989e-01 6.749800048008163245e-01
7.836869614421111407e-01 8.112109777515859044e-01 6.509377434275671614e-01
6.382489869583002351e-01 7.475853169816304433e-01 7.537152108747079415e-01
7.313711509699081237e-01 7.905513814266126316e-01 6.799795821456475764e-01
8.016193898158602282e-01 8.270304606365274092e-01 6.569083633113770304e-01
7.180562464427636682e-01 7.553083385008676487e-01 6.577140777633632140e-01
7.687460319976406886e-01 7.808234978848438423e-01 6.225394413346384548e-01
7.050038511123424279e-01 7.473474910512243330e-01 6.647438842731316910e-01
7.626683774774516422e-01 7.800244050649525196e-01 6.237191943193738375e-01
7.608961706046244444e-01 7.787397237335466071e-01 6.328518521127350915e-01
7.551492735522103983e-01 7.723988070769135517e-01 6.419318706364870453e-01
7.555947745306814678e-01 7.749479163660100145e-01 6.445467799922582897e-01
7.576080810865021276e-01 7.789927472197154534e-01 6.470236471143065993e-01
7.149487692906025815e-01 7.630554457462270790e-01 6.793299905062074595e-01
7.537515338641228579e-01 7.805863770211115549e-01 6.499447437652501325e-01
7.700383270255820589e-01 7.968040087372885161e-01 6.537247000082032633e-01
7.159418281955313157e-01 7.721021801445473454e-01 6.824169627754539391e-01
7.654973620074378982e-01 7.940044909401255957e-01 6.605691218777262064e-01
7.150348913049374699e-01 7.715922317552227350e-01 6.878453558316059979e-01
7.621753046405140841e-01 7.931384678589737947e-01 6.574679981136160034e-01
7.161778561853220371e-01 7.753828919676282183e-01 6.876808779342389322e-01
6.782309124044173521e-01 7.633117762058361233e-01 7.038616968946147523e-01
7.620232861793755363e-01 7.981831422205393212e-01 6.545760360508525721e-01
7.081267119844990576e-01 7.720615035405511417e-01 6.907385256240404781e-01
6.741589728861818731e-01 7.610732560489879006e-01 7.090674137060366533e-01
7.457703162413262810e-01 7.918732355306075110e-01 6.695249265945706352e-01
7.565267062211300519e-01 8.022756417371752491e-01 6.662641341130615125e-01
7.135139509571205574e-01 7.816166365309775710e-01 7.002462021065334330e-01
7.529769886529551481e-01 7.945171784781336344e-01 6.816720370596923706e-01
7.689887879967045592e-01 7.481548402657854924e-01 6.164969113307685600e-01
8.047230948267724004e-01 7.830362449620736909e-01 6.052291873057417115e-01
8.174060519920847145e-01 7.986744162487824372e-01 5.976315686613273837e-01
8.161417564861851437e-01 7.970100403489930319e-01 6.038024473444916218e-01
8.152333815672990758e-01 8.049215916497972634e-01 6.216537791119307599e-01
8.185022055674840979e-01 8.103733371257313411e-01 6.200819342106399512e-01
8.129613009107594657e-01 8.039959882805033375e-01 6.292789843800209448e-01
6.563990305587643626e-01 7.571034725416094791e-01 7.188053976253810928e-01
8.254762160004012195e-01 8.125122956699283305e-01 6.343457573906081670e-01
8.125180684808578357e-01 8.043438282431554232e-01 6.362698253222759393e-01
8.194436223340824110e-01 8.135937534702716301e-01 6.314061083347688452e-01
8.209152874338400130e-01 8.259329056188471352e-01 6.308290105747491605e-01
8.213711703358668181e-01 8.239047218277971707e-01 6.403461259441783904e-01
8.078848175373443130e-01 8.181794705893252750e-01 6.543291894126217478e-01
8.163434084993300699e-01 8.269218829258830894e-01 6.519932500852583246e-01
7.136184269947160042e-01 7.668708117800719926e-01 6.825793849477587161e-01
7.247919120318849773e-01 7.744297639033260738e-01 6.843104288683490299e-01
7.132701337027766986e-01 7.841072526742791649e-01 7.098426935060144771e-01
7.742468222769671726e-01 8.073028883988586646e-01 6.796087443168357112e-01
8.227284634389747664e-01 8.201171161424898326e-01 6.547588679628861819e-01
8.553033527430721206e-01 8.399088407966847081e-01 6.380677477575870116e-01
6.974198040085447525e-01 7.818661647103963830e-01 7.236000987947034391e-01
7.457849872285159387e-01 7.932414228092465880e-01 6.952829917511736957e-01
7.233336197967966674e-01 7.919023033297714065e-01 7.021327208693641797e-01
7.730128964618597776e-01 8.104124792795227572e-01 6.802478202377816308e-01
7.127503131919986634e-01 7.822448275661690875e-01 6.886843565302807058e-01
7.246107735020119733e-01 7.865838070259806303e-01 6.852243171068410632e-01
8.220343128419356216e-01 8.151066587571464961e-01 6.226412624616552982e-01
8.411359942405404189e-01 8.116209071316845547e-01 6.139720681248841405e-01
8.474194568431171470e-01 8.141034765045013222e-01 6.015452184028752258e-01
7.140916611005548864e-01 7.897375488990756587e-01 7.365139180414653763e-01
7.245239486877398383e-01 7.972509574984564251e-01 7.263146834120195461e-01
7.726360082960939124e-01 8.220459431657664018e-01 7.053528539361257899e-01
7.784806775927386457e-01 8.203139448556595603e-01 7.035723628345228464e-01
7.908980399501023273e-01 8.232234280957601014e-01 6.987211421264803990e-01
8.483172023184726296e-01 8.484718806618647413e-01 6.735204064822628567e-01
8.620713592921742663e-01 8.544460944390052104e-01 6.667019775494457123e-01
7.326750903296143091e-01 7.899474312136820497e-01 6.872165588146736948e-01
7.030613755196891690e-01 7.841046723507784089e-01 7.006231754161008629e-01
7.385541568997914252e-01 7.920211341233780455e-01 6.795666935324442548e-01
7.642795936511999066e-01 8.023559647803112371e-01 6.653271655207345647e-01
7.733297840150197278e-01 8.022451140457121932e-01 6.535959683968046718e-01
8.061278294946615519e-01 8.157785302130120542e-01 6.415959337188256173e-01
8.228155333671444138e-01 8.147052323305857824e-01 6.375246682187896141e-01
8.345476901460638919e-01 8.392119056080373785e-01 6.567729236007541216e-01
7.289375026745634756e-01 8.001495428129414833e-01 7.078814631821022108e-01
7.536228976344991892e-01 8.092848334575657443e-01 6.987041305315151440e-01
8.464912288169218479e-01 8.426427193049155218e-01 6.522180003715595253e-01
7.184281002550549911e-01 7.880409757708946028e-01 6.874947108203777191e-01
7.825191421420554239e-01 7.979594056907538535e-01 6.443590754421565370e-01
8.399504285077724619e-01 8.206559970671507553e-01 6.188349617713123640e-01
7.178035837939552577e-01 7.889392150240186474e-01 7.118057665278407775e-01
7.816542265238544118e-01 8.025633371361681201e-01 6.649153477613515273e-01
8.392678891134602859e-01 8.283122986940124610e-01 6.367816953019629356e-01
7.334930056788263597e-01 7.935802236757718564e-01 6.986832290156295144e-01
7.805681167976645796e-01 8.073871257392648548e-01 6.768928478106083224e-01
8.462581979357506334e-01 8.414355527944199498e-01 6.474466284188943321e-01
8.607395051704572753e-01 8.506025860789383497e-01 6.552931418179144263e-01
7.374764350235157861e-01 8.020079521631493513e-01 7.168929536547513637e-01
7.889276105866500632e-01 8.227485520446100598e-01 6.924743955058728639e-01
8.447393016155264611e-01 8.500427998371498095e-01 6.612411816029934997e-01
7.676989271408699578e-01 7.925648231534049293e-01 6.524609631998316006e-01
8.317491689258771359e-01 8.232793813076308975e-01 6.240707997568979426e-01
7.693380239979713542e-01 7.977674363963297433e-01 6.588522835537415911e-01
8.210581867301516290e-01 8.190673522139464424e-01 6.338647839324832445e-01
8.159511672581221120e-01 8.164086280618439995e-01 6.431187966320561777e-01
8.016245780317393654e-01 8.088937483655714855e-01 6.568359880199696743e-01
7.599653259881949952e-01 8.044637843117964371e-01 6.833277906434570559e-01
7.201739501010071542e-01 7.902496509781731238e-01 7.088366907227279246e-01
8.024594551923452945e-01 8.143282757908960612e-01 6.592364951031115528e-01
7.618979773985304904e-01 8.078221925466730902e-01 6.894981000300183238e-01
7.198104549561914478e-01 7.921341687381138197e-01 7.150044460324336271e-01
7.120089482298687100e-01 7.874454574247811145e-01 7.277780547710677173e-01
8.095398479494033683e-01 8.250755303440664434e-01 6.799116862107061898e-01
7.594137728490855110e-01 8.131965534487418656e-01 7.063082112993266382e-01
8.149517061978701626e-01 8.339198226768682609e-01 6.856812744069717969e-01
8.419611418617917176e-01 8.068694268001473935e-01 6.026021732982618229e-01
7.146276157807602836e-01 7.925346790399081520e-01 7.092416916714474606e-01
8.839725041665265071e-01 8.498665406044357828e-01 6.120670325308579240e-01
7.041586813441319537e-01 7.855352166022656624e-01 7.158024001165359529e-01
8.767439520812581044e-01 8.458297406478503255e-01 6.172907561868780091e-01
8.508209159487005735e-01 8.269477946527183931e-01 6.345038725540927960e-01
8.555103346307767476e-01 8.342769606151866357e-01 6.366396173218047405e-01
8.541293985465173710e-01 8.323187117027541770e-01 6.469804804717239621e-01
8.638576984407574377e-01 8.456409077293195464e-01 6.447440316052716058e-01
8.551128901823685791e-01 8.384052536154947832e-01 6.553429639289711783e-01
7.534257314277678086e-01 8.010176202434619031e-01 7.031341649995074272e-01
7.601800503702830225e-01 8.100406908744166579e-01 7.007152920923773731e-01
7.771009089451366147e-01 8.054336645796146277e-01 6.653066760551772374e-01
7.682966318077240064e-01 7.981115089781507521e-01 6.698338887998668278e-01
7.663662787839691237e-01 7.976745258036799235e-01 6.718097118500396814e-01
7.756814546766586105e-01 8.074648071316182785e-01 6.714534122330781951e-01
7.569040395332308213e-01 7.843570432772930534e-01 6.719275251643599400e-01
7.056140795069555383e-01 7.631005492934638257e-01 6.976009680819845737e-01
8.113902829245058790e-01 8.115379280954070351e-01 6.350730237458804828e-01
8.275778315487467562e-01 8.168669122207444788e-01 6.320513687648462442e-01
6.868224226092712881e-01 7.666763907067395412e-01 7.061410949824048489e-01
6.842272924701988668e-01 7.635280607686475429e-01 7.022028239471664879e-01
7.378605226674863626e-01 7.827323457184266475e-01 6.806707334249247898e-01
7.434361253888578380e-01 7.824768401274524443e-01 6.778476270657095570e-01
7.435455401862655078e-01 7.780585065239633558e-01 6.822460347422097948e-01
7.984376422586320077e-01 8.036399961980761342e-01 6.511792163985120618e-01
7.986861480639995126e-01 8.029526376974396307e-01 6.458100411827727427e-01
6.969720583873482145e-01 7.603026967457343632e-01 6.747978397335598899e-01
6.982420307353652822e-01 7.557424736397103660e-01 6.692810042325870734e-01
7.069130187472457694e-01 7.562495627905867490e-01 6.662282309179172746e-01
7.294132794076273463e-01 7.686643861049764492e-01 6.577702246620279469e-01
7.413234254116406463e-01 7.751937318640296226e-01 6.500007588502455524e-01
7.573166837133497031e-01 7.862823691777025559e-01 6.338271732561236993e-01
7.643084590590351057e-01 7.842090903705589700e-01 6.348741373784978492e-01
7.804843718020224586e-01 7.889989043053922124e-01 6.227057966087863328e-01
7.842259604297366904e-01 7.853155287726938383e-01 6.164517491644465608e-01
8.065362939213759352e-01 7.979250719960158111e-01 6.105235533509290047e-01
8.190681061175285604e-01 8.025323158403628865e-01 6.036794474836630897e-01
8.237202729495531894e-01 7.994828977103646261e-01 6.002393136990811229e-01
6.742934180893290774e-01 7.726095681165161544e-01 7.289843847299780633e-01
6.924768787705394280e-01 7.803448686125087352e-01 7.141408487497236113e-01
7.541598841379798523e-01 8.187648206147362107e-01 6.836516657359461568e-01
7.627091012690385696e-01 8.203098355360755045e-01 6.841345869664321455e-01
7.632160353142370957e-01 8.158043954056394265e-01 6.793270274149623145e-01
7.783661587610234411e-01 8.205288669311759930e-01 6.688011032228842190e-01
8.054336577776305406e-01 8.368764263656252034e-01 6.612026579736680620e-01
8.212861210259955191e-01 8.460348532691392975e-01 6.512448696381595292e-01
8.362607627789608866e-01 8.465474233056607956e-01 6.525812215539833483e-01
7.141528449405255552e-01 7.776869027347631524e-01 6.765528242103231449e-01
7.378820615682391004e-01 7.850542721517449474e-01 6.634417096786892065e-01
7.423101552937103609e-01 7.771619980911552705e-01 6.519752923960029367e-01
7.705987329624703897e-01 7.909690321617144360e-01 6.391720463958548981e-01
8.109775056335881693e-01 8.117743763468484586e-01 6.230707525279857162e-01
8.456667059398385033e-01 8.304533300364328463e-01 6.046657358468138233e-01
7.507442977886567004e-01 8.061667565851599049e-01 6.708836031388299981e-01
8.115792108680894845e-01 8.360824522447752871e-01 6.430946603054983335e-01
8.338127362320529867e-01 8.436067098501036643e-01 6.335660184561481278e-01
7.291154417669121202e-01 7.778513426958720833e-01 6.656472103736588153e-01
7.686346744038963230e-01 7.889477307290113650e-01 6.366185539237826374e-01
8.355255060816300094e-01 8.265029427030337050e-01 5.979047003313227027e-01
7.138802820167018393e-01 7.719783885612555574e-01 6.860993863705132645e-01
7.542596240410991415e-01 7.840410106519494216e-01 6.620218547008315246e-01
8.246489624677021402e-01 8.255379969248187733e-01 6.216869864165356363e-01
6.884623191023410138e-01 7.697446210066368755e-01 7.093329839610214016e-01
6.678538565264464655e-01 7.640383759853652812e-01 7.173217566398069067e-01
7.009581726133934376e-01 7.722584046385878587e-01 6.983047652628263657e-01
8.269918390948558518e-01 8.378061433249691659e-01 6.324154414621315778e-01
7.568899870547907138e-01 8.079344121656398814e-01 6.748284149590572101e-01
8.364448530573850293e-01 8.564286597622554620e-01 6.429029088695465965e-01
7.386748354534264926e-01 7.704619833998388456e-01 6.551893296315463022e-01
7.990575606910277351e-01 8.039211500018209611e-01 6.180629805238340158e-01
7.342561412865981074e-01 7.679229515137098172e-01 6.649522204981368478e-01
7.926063655961912424e-01 8.026078693163150035e-01 6.253983363430428710e-01
7.313958416624111170e-01 7.680066893171164644e-01 6.783098543342271913e-01
7.226010846700648971e-01 7.680018222459029653e-01 6.825698274553501088e-01
7.689210981982149695e-01 7.906168509044863013e-01 6.538815188253596089e-01
7.726484205937155236e-01 7.983100485480036923e-01 6.571505037055425102e-01
7.845407502169137182e-01 8.154205433516537038e-01 6.517304420167863155e-01
7.738755541203770072e-01 8.130259155219916600e-01 6.605624882251215357e-01
7.321809660619784665e-01 7.978098355227157823e-01 6.929743264870966701e-01
7.818802719024539050e-01 8.218452401549979358e-01 6.646593876311429616e-01
8.181283474514461362e-01 7.936736614551656022e-01 6.017239017687404656e-01
8.355216024239952022e-01 8.127137961025053814e-01 5.965049892342645377e-01
6.775373739887254887e-01 7.659470678184421288e-01 6.941841599393080431e-01
6.791110960728220514e-01 7.675824524153509465e-01 6.979805421440969937e-01
8.306529532869909582e-01 8.112376949929949177e-01 6.114841175058071121e-01
8.377211920166252046e-01 8.218609312981310921e-01 6.126164148777009100e-01
8.376871792097511094e-01 8.277499602140373502e-01 6.122952037080175991e-01
8.193775988930115384e-01 8.103288433877050556e-01 6.255123955919072998e-01
8.310203701240436169e-01 8.206615253229592177e-01 6.297798170531985207e-01
8.339523864866942304e-01 8.336394915503679837e-01 6.291779252590514737e-01
8.310088202531402679e-01 8.329580453507100524e-01 6.344690359393436729e-01
8.249091991015415903e-01 8.319556930079197166e-01 6.384568629427403996e-01
8.456290123171481543e-01 8.529370270967341350e-01 6.294637871732939871e-01
8.510519079480047822e-01 8.564604281279722953e-01 6.355234630628633363e-01
8.485843396435421848e-01 8.565160899130128680e-01 6.351861325105420120e-01
7.285274300949705628e-01 7.736907110616227934e-01 6.875104253145640776e-01
7.852323319325996698e-01 7.932174995734262435e-01 6.938370369271057436e-01
8.414049501240632445e-01 8.192981703497986823e-01 6.580369495211123576e-01
7.244772091024352934e-01 7.903579578095301095e-01 6.893269205600180971e-01
8.072407392288871719e-01 8.084519326427859198e-01 6.460553957620610577e-01
8.217898658579539939e-01 8.116219578177865657e-01 6.317075177763223914e-01
7.339392593459428404e-01 8.023039815155705856e-01 7.328798558767605220e-01
7.665392825088153117e-01 8.193400566981333677e-01 7.201161140722440734e-01
7.916684978735595291e-01 8.274849992799930831e-01 7.091016453725708102e-01
8.331399030278964224e-01 8.493548116850664353e-01 6.742156444375422275e-01
8.739877531600478422e-01 8.687269511012652989e-01 6.627391029984573967e-01
7.184879687214534849e-01 7.902984083002811966e-01 7.013079114254713309e-01
7.504548406016989803e-01 7.883219417522929762e-01 6.831683741945719923e-01
8.012352334552315103e-01 8.097754366934476478e-01 6.611658799403826725e-01
8.530495480106105033e-01 8.326308019991570664e-01 6.308857876290420164e-01
7.592920988493735424e-01 8.135149325284053434e-01 7.057101000002341529e-01
7.101975104743333267e-01 7.877198360935682153e-01 7.017233666802281666e-01
8.717048491109445907e-01 8.368815841480113926e-01 6.016087105723599837e-01
7.486710767701313385e-01 8.000616608541546437e-01 6.802094503637866607e-01
8.330258422626611869e-01 8.266028790111642488e-01 6.308640500736664158e-01
7.408324079776117399e-01 7.961239275121049230e-01 7.028592208910132699e-01
8.212311542285256616e-01 8.208094308522814186e-01 6.520044042257635564e-01
7.678990665271971938e-01 7.955964050922677000e-01 7.040780817269853831e-01
7.325117065696005181e-01 7.931541221125849583e-01 7.193375328554056924e-01
8.150436349057142982e-01 8.171639423397240032e-01 6.668415976991801664e-01
7.717521961032621780e-01 8.066787896803359059e-01 7.159632917543817809e-01
8.133156209966555528e-01 8.309952741683527266e-01 6.753245241936575161e-01
7.745078684291871740e-01 7.867319570743785961e-01 6.672439293842308272e-01
7.761111944919802941e-01 7.918403319421311037e-01 6.742835146028480775e-01
8.628976185452716940e-01 8.315492933603232384e-01 6.351256356550575299e-01
8.706684116337892743e-01 8.449585611927673545e-01 6.518516172573584067e-01
6.948984123468391338e-01 7.869359034724996427e-01 7.513675505562797952e-01
8.736307548282007396e-01 8.517689445301172002e-01 6.611004033482225095e-01
8.695712115713184476e-01 8.558076925660604850e-01 6.604672543847454058e-01
7.010425908697964781e-01 7.747363315296679209e-01 7.169574070515896125e-01
7.343047693033648571e-01 7.776243353491774091e-01 6.752359211744107803e-01
7.041604260460542219e-01 7.751829822366826939e-01 6.857146585866539246e-01
7.702543988385630591e-01 8.205052376103936229e-01 7.005377298732639035e-01
7.844055825501662360e-01 8.192692775655709969e-01 6.954072210855173353e-01
8.151155413407016326e-01 8.372258611556058217e-01 6.770911654579041539e-01
8.588799701362322958e-01 8.606010458271100561e-01 6.569239277544169919e-01
7.098295222359175538e-01 7.895596450261955779e-01 7.015553361413752187e-01
7.164755894042923456e-01 7.889052134391077997e-01 6.944323957537098524e-01
8.495032076912483188e-01 8.344024093720188162e-01 6.253603514440945199e-01
7.085972466844826512e-01 7.848268378045243354e-01 7.176353785482728620e-01
7.783575245929736930e-01 8.146783213484164454e-01 6.784371356050452606e-01
8.309373208202656125e-01 8.394655099752711402e-01 6.490389605374357052e-01
7.667230538900462467e-01 7.946216176488185567e-01 6.544189485459672717e-01
6.937152285248805450e-01 7.783276339785597520e-01 7.151437592033360602e-01
7.504455191131179648e-01 7.953820571120833183e-01 6.887021683484505497e-01
7.098019360601599548e-01 7.820976628758014026e-01 7.129234660564895965e-01
7.928696114212954171e-01 8.067605270989876010e-01 6.667822212664875625e-01
7.540715638398440834e-01 8.071858876225694868e-01 6.995385970434896405e-01
8.058212069505907849e-01 8.310986740322385824e-01 6.729660991816740490e-01
8.312868280424922096e-01 8.027361259505445545e-01 6.072817977004639767e-01
8.549990361757938695e-01 8.270763400516789599e-01 6.102014887927008635e-01
8.619920506447811270e-01 8.383623919093531329e-01 6.239679619741217431e-01
8.574446868179825820e-01 8.389230190568678358e-01 6.340201064992813107e-01
8.548481742314834042e-01 8.416688742944971047e-01 6.405983879081632582e-01
6.807358084313750446e-01 7.783594384717554826e-01 7.457480887998528818e-01
8.660305675912146617e-01 8.556633455372437691e-01 6.441276558187671863e-01
8.688020267444515055e-01 8.629015249005074217e-01 6.451036156999162552e-01
7.165680137227480317e-01 7.750072272946908480e-01 6.945323460822760975e-01
7.557594462198331531e-01 8.021216645949413859e-01 6.638549556244449645e-01
7.615055352603350425e-01 7.973078124209886930e-01 6.672382385860229359e-01
8.281590880544521527e-01 8.247600135179654623e-01 6.332349925702733806e-01
8.289638853480966185e-01 8.180410515218033973e-01 6.336590171998218723e-01
7.110139645954834942e-01 7.668805888130505455e-01 6.680452637252540793e-01
7.393451167369193833e-01 7.794246906364544758e-01 6.468242793056085960e-01
7.814305227235183171e-01 8.034063832106794756e-01 6.289225373370422867e-01
7.889279338362076288e-01 7.965792089955190391e-01 6.255737020179852337e-01
8.045958592808482024e-01 8.008759448786889612e-01 6.134552779759423480e-01
8.032553381796095904e-01 7.821529603622124904e-01 6.147999999697085771e-01
6.909797512151266696e-01 7.794583114105448907e-01 7.260545862062375289e-01
7.640732060394952452e-01 8.273112137479613493e-01 6.789292997937477203e-01
7.720005864615319124e-01 8.206344768671613998e-01 6.781166046830109373e-01
7.969861034810266087e-01 8.314787575554752896e-01 6.691589771552817201e-01
8.239842248071430619e-01 8.361449714681589152e-01 6.635892737984016021e-01
6.859117896850056573e-01 7.664066051000762991e-01 6.956621010206466282e-01
7.225195858336063148e-01 7.759059029049159006e-01 6.725984384613004075e-01
7.778350694318464376e-01 7.979836923965656359e-01 6.463900081884975668e-01
8.471129245862923929e-01 8.369991387482895728e-01 6.127958674445356246e-01
6.659796380559497297e-01 7.788165279986558609e-01 7.243509094733417975e-01
8.355675588901106954e-01 8.494370369152216549e-01 6.433337685439811660e-01
7.073377539189595886e-01 7.701244290853186403e-01 6.777180253857929548e-01
8.016391414076878830e-01 8.053831802819305663e-01 6.231450827237867696e-01
7.926454971777158187e-01 8.059602724651722117e-01 6.444780519476015490e-01
7.460898436923635302e-01 7.969316407109899858e-01 6.861776322997190647e-01
7.457195128739415591e-01 8.103210540487192359e-01 6.847507309620090021e-01
7.899042763655204080e-01 8.260431007233643985e-01 6.635347576057571972e-01
6.798123678953410520e-01 7.636203535710806012e-01 6.940330476047921193e-01
8.171444587342264754e-01 7.932432286391760679e-01 6.071451110228618386e-01
6.792663480496428097e-01 7.685185036791498669e-01 6.967326578709230889e-01
8.383949573415824252e-01 8.182009852128652172e-01 6.036172394666694530e-01
8.410938356366587376e-01 8.225139612861109839e-01 6.151749957408398917e-01
8.319739042684594077e-01 8.213944974632081397e-01 6.211274335292077398e-01
8.552830157806818878e-01 8.426618588436480817e-01 6.288145395014765882e-01
8.425551106873435669e-01 8.370407528324880220e-01 6.369882792706749175e-01
8.288283548136874401e-01 8.321009412143069994e-01 6.444013316839162231e-01
8.399004778338717836e-01 8.463757697598131013e-01 6.422831919033323844e-01
7.463119025611855140e-01 7.829810372805161567e-01 6.528973822276009642e-01
7.474759407792723742e-01 7.848991937297168375e-01 6.559644498714198857e-01
7.318888211360272678e-01 7.702787535462942703e-01 6.814361172547316325e-01
6.613521112392143353e-01 7.586980007612016408e-01 7.138946265619235954e-01
6.817670898495895582e-01 7.657220006851634952e-01 7.028743946333528836e-01
7.402741695652438336e-01 7.900457506285092357e-01 6.711540048001125580e-01
7.769512033336013479e-01 7.970124914132095117e-01 6.516859533420755746e-01
7.978913107022456153e-01 8.071981109050929692e-01 6.420474974819907477e-01
7.276407392899779669e-01 7.704173775727511941e-01 6.511374168850995181e-01
7.642708123463568537e-01 7.927581824139497968e-01 6.303898349431339421e-01
7.912404632318621456e-01 7.943669339988550515e-01 6.018344796776999850e-01
8.246562155323361454e-01 8.076014963731132923e-01 5.923248791835290517e-01
6.772921203797329648e-01 7.626597877127037073e-01 7.316647005440006790e-01
7.549208911978357861e-01 8.226466336984089578e-01 6.791657914998890933e-01
7.475983288016959660e-01 8.035950127320894421e-01 6.827295484984637897e-01
7.826483675712339050e-01 8.261678166343131569e-01 6.601662262519956137e-01
8.106279364235352558e-01 8.368076766903640440e-01 6.498883584130489277e-01
7.110878834472326160e-01 7.688896483858230768e-01 6.713724643238581091e-01
7.607484614029349501e-01 7.876448376648975680e-01 6.457448368345392042e-01
8.215620816222941603e-01 8.209728147091512884e-01 6.054553276048385557e-01
6.652417756288859785e-01 7.724693243281411936e-01 7.137533801693292101e-01
8.111675011043092409e-01 8.349187932318851146e-01 6.376462479547168050e-01
7.811238354565749331e-01 7.965953299285775113e-01 6.159290536085212375e-01
7.716952152585262459e-01 7.923005621898188133e-01 6.450821866492369994e-01
7.782944570266709938e-01 8.069956012677976798e-01 6.556395798766613270e-01
7.745075014568412186e-01 8.144601411499495791e-01 6.662760274809177430e-01
8.326642081862493106e-01 8.126343062248887472e-01 5.885742225668169070e-01
8.233118754464575639e-01 8.077300093740114040e-01 6.126295642907437777e-01
6.646847177437157361e-01 7.684582613601040890e-01 7.075904253298447300e-01
8.415507097369840928e-01 8.317531154237211011e-01 6.144680953457970496e-01
8.277309707261967242e-01 8.391147676075682016e-01 6.311683119582547352e-01
8.334054105276453850e-01 8.482270396708468940e-01 6.334311616056119698e-01
7.265452047567635407e-01 7.754151982543374677e-01 6.745424545607445754e-01
7.333947723311140532e-01 7.835520556562283190e-01 6.791614123589386764e-01
8.244176689750101206e-01 8.193586860699684227e-01 6.666567954118314265e-01
7.405468455139512240e-01 8.027543467636321095e-01 6.799123852829587200e-01
8.227993368137808128e-01 8.222903467428178681e-01 6.341311279754239250e-01
8.579032514325589664e-01 8.327120137761121477e-01 6.008675940446961405e-01
7.573052674371700821e-01 8.191595021711980396e-01 7.222968194834366029e-01
8.051695203872157869e-01 8.403845934183947763e-01 6.974949646432256900e-01
8.720182152433409994e-01 8.804542854415586817e-01 6.567838521079039094e-01
8.483585546725110893e-01 8.433241120894890974e-01 6.316259512838501289e-01
7.358785302038729492e-01 8.046951270901467890e-01 7.193894851880530128e-01
8.311818780794925088e-01 8.419581846539166969e-01 6.683095312625683126e-01
7.779986802849699901e-01 7.993404046724210676e-01 6.641515492976953761e-01
8.851724743621404157e-01 8.551179047294265034e-01 5.910941264175697540e-01
8.743229714916596063e-01 8.468394265239944652e-01 6.176183846295133506e-01
6.956339198159963155e-01 7.854877047988886307e-01 7.370432570069381795e-01
8.593353377730404974e-01 8.352547783722634733e-01 6.513745990465876767e-01
6.895464516542190170e-01 7.906703324819778222e-01 7.460472698344452480e-01
8.748194543394092193e-01 8.667138362640453009e-01 6.486869461935989012e-01
7.809336203250193398e-01 8.135643630284369321e-01 7.126766828780149998e-01
8.099780340009123947e-01 8.099747718648455663e-01 6.690458709650995983e-01
7.306639417184785934e-01 7.925322775642824613e-01 6.824799877839206053e-01
8.020172469720926456e-01 8.031395543284268745e-01 6.402862151168444704e-01
8.769001239146393401e-01 8.647010253596634222e-01 6.608767168376442624e-01
7.437655819908239874e-01 8.063848174022040238e-01 7.283132997864605329e-01
7.648743573394286566e-01 8.043963604283702606e-01 7.022520729720368449e-01
6.826832047192494812e-01 7.792641633425841929e-01 7.423359296380596106e-01
7.675747533763432884e-01 7.914009042851338771e-01 6.618313753612029560e-01
8.560922615542623237e-01 8.325332288804297987e-01 6.516776995717508125e-01
7.643593662531910082e-01 8.049029514199703694e-01 7.077127231038208288e-01
6.885759817730860988e-01 7.719284359699196685e-01 7.300557304092122335e-01
7.801290882293582252e-01 8.020193044013634864e-01 6.787966599664024825e-01
8.303763012128373422e-01 8.198548180198758084e-01 6.478658704469860696e-01
7.082640244115426809e-01 7.725954096183914599e-01 6.982038398674337287e-01
7.153118988628510699e-01 7.744502908902626270e-01 6.897817904927376897e-01
8.305195278250103730e-01 8.063713172239461713e-01 6.133789680460415283e-01
7.088104918274088506e-01 7.822040000304986140e-01 7.459875260650887796e-01
7.756095088755395883e-01 8.138204969009842360e-01 7.063042458256957312e-01
8.374542979416562671e-01 8.466995989260582833e-01 6.701843044020981965e-01
7.686718070440335948e-01 7.971635649620130160e-01 6.668509874678824056e-01
7.596403048935177482e-01 8.066190001998064796e-01 6.954833225860931334e-01
8.041754934945318789e-01 8.222925798880426074e-01 6.722558966313548767e-01
8.490934515319544795e-01 8.296566922607776506e-01 6.498878859179607614e-01
8.704719833222289704e-01 8.624860832792646814e-01 6.473311354802102624e-01
7.590289721075368368e-01 8.068812156926941093e-01 7.012992262859101267e-01
7.001070968863044586e-01 7.704200489241352923e-01 6.912543123104477605e-01
7.028979186271628876e-01 7.667450242516444803e-01 6.841875202909817322e-01
8.094383452006190804e-01 7.896716557778886703e-01 6.220472114355481974e-01
7.004927799886404571e-01 7.792764145233713746e-01 7.418066176295359249e-01
7.631787047419777981e-01 8.129315824260284762e-01 6.948572612648519220e-01
8.375917714288688698e-01 8.548844840959602953e-01 6.587738275996452009e-01
7.666096820922461141e-01 7.968774826708295844e-01 6.611395520100716849e-01
8.149652414288002245e-01 8.151315853719569571e-01 6.406206345411428194e-01
7.519940664665446528e-01 8.043706408610578062e-01 6.888924880172045961e-01
6.739836670143231068e-01 7.721048181299486890e-01 7.395180874511757541e-01
7.992557483533641038e-01 8.244851538385679079e-01 6.640727643767206922e-01
8.330970584617876096e-01 8.179218742089249261e-01 6.469204878617557108e-01
8.680305063321392955e-01 8.641925801228174109e-01 6.385959899536646223e-01
7.544801718738718410e-01 8.067320549896173087e-01 6.953508209559832176e-01
7.612771071632682407e-01 7.999950867115318554e-01 6.701827040091221654e-01
7.992417949837821167e-01 8.076843071551982334e-01 6.506211664107028891e-01
7.113165654851758557e-01 7.634406875875207055e-01 6.746883314606209048e-01
7.722035302803594847e-01 7.838395207877636439e-01 6.400430658133808848e-01
7.844093815625821087e-01 7.700049431318383153e-01 6.262769061140153193e-01
7.987697383551558561e-01 8.208112624903378673e-01 6.752502124726608157e-01
6.817689814965960382e-01 7.698712889621459610e-01 7.037844326236649684e-01
8.049229257665091453e-01 8.108883862773558215e-01 6.327284640717688591e-01
7.468810762797019054e-01 8.031498488513495460e-01 6.888427481776294714e-01
6.833146307726095658e-01 7.698546638735914716e-01 6.966747555611019216e-01
8.230594002601721026e-01 8.006054098956405518e-01 6.115773935751320778e-01
8.412267737342277174e-01 8.250858398250259240e-01 6.209364446651782776e-01
8.328142332177250751e-01 8.217413025993641762e-01 6.459611155744198197e-01
6.574681224165025428e-01 7.680967777523310946e-01 7.448821955778021087e-01
8.321135164377634341e-01 8.343876388217487117e-01 6.487717011267803979e-01
7.474510265185501101e-01 7.906829985008035910e-01 6.682430940008238229e-01
7.978671484524055835e-01 8.087991400614249482e-01 6.456930929669137953e-01
7.646768940586240459e-01 7.817134056741005255e-01 6.348198905070521203e-01
7.947073131524837741e-01 7.857342321935740781e-01 6.094569586082860813e-01
6.637916270252000039e-01 7.710606115316021025e-01 7.371387957409523128e-01
7.057358310796281176e-01 7.868904637372790001e-01 7.159699213323271749e-01
7.529344119368989174e-01 8.071497726127080385e-01 6.907129324408309845e-01
7.935962611709936887e-01 8.223558135644263301e-01 6.670446912847891596e-01
7.057961992089295533e-01 7.726490756663133563e-01 6.856343758229217489e-01
7.928158965200311492e-01 8.043044408752570984e-01 6.313301676895796133e-01
7.002676175648027135e-01 7.868070218662798210e-01 7.120249380800677264e-01
7.915738118067051632e-01 8.245278651739441633e-01 6.597561631361060774e-01
6.618049935049241661e-01 7.541865896380552936e-01 6.989700441231588846e-01
8.246881449442129419e-01 8.055706002260630827e-01 6.083727861945539273e-01
8.378915545502096940e-01 8.272137760886760782e-01 6.170693403187169634e-01
6.483852259771706317e-01 7.544352535081231270e-01 7.287116110396878454e-01
8.192458983196365674e-01 8.140261845693016474e-01 6.421975540684410344e-01
6.478265016283126787e-01 7.614043513903745453e-01 7.439959431400405832e-01
8.318419537497920846e-01 8.395952495658574044e-01 6.447346837093128613e-01
7.333098616636031242e-01 7.678664389313042404e-01 6.551467964285303536e-01
7.357826279427447380e-01 7.734728417583525140e-01 6.594990050645765933e-01
7.274856351946810129e-01 7.784211279734478683e-01 6.858623638336153183e-01
7.386828606149873355e-01 7.931653725713603276e-01 6.872092011543691203e-01
7.386793350844037542e-01 8.015328632891768335e-01 6.899528877370078028e-01
7.342244037291457692e-01 8.022818582463409065e-01 6.920889744164436808e-01
7.419741722631567615e-01 7.862747596626991076e-01 6.733826579727525408e-01
7.914899759122645539e-01 8.050292271877190764e-01 6.453050722599411593e-01
6.825365731546494397e-01 7.659979067981305123e-01 6.804796677383845305e-01
7.324942776904665998e-01 8.009320650937188368e-01 6.958869677184302827e-01
8.061547906688540932e-01 8.388475538640849383e-01 6.558737265959315721e-01
7.010983839286388797e-01 7.692164910371330766e-01 6.842455047588296146e-01
7.819699692394859181e-01 7.975740086088535241e-01 6.323356720505529660e-01
7.281778529264703037e-01 7.891555401436464168e-01 6.861275069708084873e-01
7.371212743290159741e-01 7.756766239662037377e-01 6.544248930128883091e-01
8.392267804824948829e-01 8.194274233781367878e-01 5.933744282397265257e-01
7.286882565796454214e-01 7.740026925240832689e-01 6.752796390306380347e-01
8.390925940629777591e-01 8.282166798527615947e-01 6.099802019821299881e-01
8.198060128872663999e-01 8.176324322416508306e-01 6.380345589791466265e-01
8.414274917012971589e-01 8.489550255673830037e-01 6.362630713222849899e-01
7.152276069370541167e-01 7.666496301689725845e-01 6.858406312920150016e-01
7.317486994461879224e-01 7.791885674909626580e-01 6.744300296006467965e-01
7.740711323825889556e-01 7.907836462000188416e-01 6.490476064097832065e-01
7.712050774241745454e-01 7.830156914841660543e-01 6.215254627469759541e-01
7.845332319732313264e-01 8.206623725647008705e-01 6.643753519022046472e-01
6.595986842054071264e-01 7.551059959575565639e-01 7.018043998460606891e-01
7.637671428911678717e-01 7.811472055838861728e-01 6.392186502477813503e-01
7.182101227313236746e-01 7.835651352350776477e-01 6.867534789270307582e-01
7.169078131652864005e-01 7.603669996373975115e-01 6.576566809232017308e-01
7.153861389003277615e-01 7.635525071664837071e-01 6.766722599723647980e-01
8.159175708872234978e-01 8.048889448179571415e-01 6.188312331199158356e-01
8.056346029267009712e-01 8.055706032702274477e-01 6.379879639525347645e-01
8.144401045678449913e-01 8.277348622878776263e-01 6.395709469631014610e-01
8.416120708014036556e-01 8.311365843320420721e-01 6.105617315139533208e-01
8.515760118614741359e-01 8.754345881618771363e-01 6.685406359090481088e-01
8.818669507942726860e-01 8.521598961767096192e-01 6.023057043042692182e-01
6.928733171950396397e-01 7.943819275565995319e-01 7.367881578865238534e-01
8.662149867002114645e-01 8.562161905704792630e-01 6.542380072933288160e-01
8.519414570829438871e-01 8.205381275030370070e-01 6.518545517327150041e-01
8.334931022560971847e-01 8.233245404222456765e-01 6.162182073603557075e-01
8.232228754947077398e-01 8.504314596595319298e-01 6.787928846900445068e-01
8.756569962543929719e-01 8.449678456161446860e-01 6.059631456723335585e-01
6.845638648226659573e-01 7.828312593797104313e-01 7.443828709829116708e-01
8.536106181691419659e-01 8.371399709606541784e-01 6.649214622337663583e-01
8.088753274598097232e-01 8.336819838785495262e-01 6.882105836875126448e-01
8.560375964848919716e-01 8.371818356026380359e-01 6.635807943866444125e-01
8.076287532401620339e-01 8.335137324765201638e-01 6.895454994883455369e-01
8.479514447024533164e-01 8.339422049282007032e-01 6.613940625243975857e-01
6.864665501411986170e-01 7.697075563057650394e-01 7.313440317301750371e-01
8.101999390983896099e-01 8.152577359859314310e-01 6.637325301533403277e-01
7.649126479068357742e-01 7.839567732353330820e-01 6.565301481692329411e-01
7.490236054006637056e-01 8.044029820618454618e-01 7.161418623011011064e-01
8.618762599308582573e-01 8.335041742701504441e-01 6.117000312605791468e-01
8.474862548927987183e-01 8.366653768016913961e-01 6.601745625928013839e-01
7.684650462400446358e-01 7.873650990537176542e-01 6.538771976104158501e-01
8.569813214093066067e-01 8.295528208195186437e-01 6.130084526919199472e-01
8.435215173957700818e-01 8.332861337851789063e-01 6.549182524326636612e-01
7.666640388834302655e-01 7.894069005270715200e-01 6.459793603282207863e-01
7.887797535937883797e-01 7.824897369356444976e-01 6.306603658779444954e-01
7.441877853065941295e-01 8.069947973073940961e-01 7.058297655235231671e-01
7.915119106061587750e-01 8.245805851985943402e-01 6.865190515071378785e-01
8.422091586035023170e-01 8.157299018397956569e-01 6.189880768545965584e-01
8.441846353764203004e-01 8.360811513069712486e-01 6.501541873586812459e-01
7.637264913034303992e-01 7.916679535458568395e-01 6.763652436450690031e-01
8.204674666576522446e-01 8.154840230886107877e-01 6.462974148039504207e-01
7.566892826229416613e-01 7.827596448242991611e-01 6.468627780908334790e-01
7.675627491951333425e-01 7.683534535867522219e-01 6.362747763421480185e-01
7.386665557203625498e-01 8.068909839312893295e-01 7.020994872579761070e-01
7.727826952611804856e-01 8.152152821469775823e-01 6.863229807791663140e-01
8.293551109598066295e-01 8.067433336044456116e-01 6.209012306569696715e-01
8.413522471753757115e-01 8.363651282810138365e-01 6.508399999302615369e-01
6.685077357846860302e-01 7.595586678982977347e-01 7.311676649856913013e-01
8.073004092553510702e-01 8.036767184667418240e-01 6.530435833202731244e-01
7.157729104091762329e-01 7.655352576803424736e-01 6.778812348882357064e-01
7.757283476972949288e-01 7.745130203251315848e-01 6.355435797190529534e-01
7.381725434880304082e-01 8.067326619402488408e-01 7.034906072182308678e-01
8.284924670631560462e-01 8.061414924965580875e-01 6.168732028906065423e-01
8.210422484726386250e-01 8.166820166273203174e-01 6.589768912461065886e-01
8.273927747454798975e-01 8.290143495211210745e-01 6.340951735332256423e-01
7.953840640739928691e-01 7.991162252196898352e-01 6.183146405786461575e-01
7.378916134199035026e-01 8.103329113876799328e-01 6.898745894967511783e-01
8.476500171560062968e-01 8.278755372004715785e-01 6.087522169111765358e-01
8.307426042104010255e-01 8.305922533823635323e-01 6.469492477907702321e-01
7.517574800216003661e-01 7.877087201082422219e-01 6.667210639296874408e-01
8.210943341249182792e-01 8.259637284822718417e-01 6.274240937029360587e-01
7.895611124649277723e-01 7.969892221171864799e-01 6.138690216353978046e-01
7.712920101621529856e-01 8.188760194267484804e-01 6.764434162924936045e-01
6.758758575581211847e-01 7.680119335544149939e-01 7.005057444649623877e-01
7.503847713148924514e-01 8.093166245944634074e-01 6.831887209588264342e-01
8.292033558963093354e-01 8.329742916518031448e-01 6.442303674913320011e-01
7.456762798117038127e-01 7.819029317125946177e-01 6.529270339648751698e-01
7.435899014308748889e-01 7.783716775868084747e-01 6.783238024318831716e-01
7.996581658424173344e-01 8.048171290504914088e-01 6.383475832587941490e-01
7.781688012205445482e-01 7.854895754554814813e-01 6.206702940840226335e-01
7.596860585253026876e-01 8.072412896381016001e-01 6.839014422509360758e-01
6.696395188918037311e-01 7.652335878225978716e-01 6.983211742560505586e-01
8.382110683339232260e-01 8.203910801465023050e-01 6.035464128907865877e-01
6.422054263220744463e-01 7.559919491157037763e-01 7.346354390567020332e-01
8.052985400561966101e-01 8.127689025660546074e-01 6.482013384153343383e-01
7.336065389918374757e-01 7.728134383600873125e-01 6.551388889790505932e-01
8.319760709842621837e-01 8.203246426189676477e-01 6.273472160760333871e-01
7.404034103224201857e-01 7.701104664611752026e-01 6.501733506988247591e-01
8.314777790376624012e-01 8.141593043657368023e-01 6.037450271328512752e-01
8.194745681789962211e-01 8.249886578334226783e-01 6.420294877708422332e-01
8.293011301482242636e-01 8.193650615429136641e-01 6.265968894101128228e-01
7.346043350733838517e-01 7.673133241826922690e-01 6.493044525896890518e-01
8.368074800017692993e-01 8.208002295420379069e-01 5.986570240913349217e-01
8.183370002261830534e-01 8.264900519589376549e-01 6.388771973556744976e-01
8.197523614798541969e-01 8.095989782118301337e-01 6.311569066192364019e-01
7.283957902860825895e-01 7.632238346009431185e-01 6.503194139931590678e-01
8.117612430780637434e-01 8.219278049797267283e-01 6.377668400484709510e-01
8.071328658146044166e-01 7.966174560751506650e-01 6.369018443617074920e-01
7.223131290492257328e-01 7.580730370579522592e-01 6.529708856282420149e-01
7.963668531538173889e-01 8.065520017702179079e-01 6.475252236779761583e-01
7.775191704071554577e-01 8.066154905693662114e-01 6.908593773422575524e-01
7.349435084203049806e-01 7.994596771313187134e-01 6.933625828823434256e-01
6.878067184879907980e-01 7.934025246914958585e-01 7.513558901584100891e-01
7.770536228976216986e-01 8.010396113872659818e-01 6.943062372824119199e-01
7.274233135547443219e-01 8.012465856436146172e-01 6.863743250062332990e-01
8.683964041212528517e-01 8.334681896031718162e-01 5.945705114853019335e-01
6.770192620053254728e-01 7.891598609708602163e-01 7.481536223869470481e-01
8.803590952840198991e-01 8.780145973612026866e-01 6.467880780991972500e-01
7.758304813658757348e-01 7.990117384164778791e-01 6.954257482362953269e-01
7.254953863770061684e-01 7.943308364419383594e-01 6.933214058867194218e-01
8.653746550029853823e-01 8.264025644512469349e-01 6.010470639789323721e-01
6.749100602055819742e-01 7.819462181877941953e-01 7.576623847894552455e-01
8.707649559208505696e-01 8.635712620227310454e-01 6.581216590915522913e-01
7.593072492362954451e-01 8.000428460640366390e-01 6.823739080591493256e-01
8.395567549082197933e-01 8.042616850504090698e-01 6.069992036881602937e-01
8.555985931420744262e-01 8.492123244965553708e-01 6.608472435306098625e-01
7.597143003973086950e-01 7.992540650857224982e-01 6.830528753053461966e-01
8.488985271448673542e-01 8.156113814161122244e-01 6.001335235895937092e-01
8.674997518373399608e-01 8.623553596029658319e-01 6.543238265414276222e-01
8.439458258010099634e-01 8.095944402340338186e-01 6.059136788011370012e-01
8.425843846277004667e-01 8.084741520672803494e-01 6.104074252097019260e-01
7.566360688602477014e-01 7.983676194713673624e-01 6.759745219755345369e-01
8.308060805214786404e-01 7.990158591192585424e-01 6.142957814843147402e-01
8.695014026094322057e-01 8.637911494552822367e-01 6.516309884736355418e-01
7.590296102468135908e-01 8.010425897113215843e-01 6.741949717532152997e-01
8.309129551344023312e-01 7.984363603050262936e-01 6.183988103361088839e-01
8.761274798574897327e-01 8.718447047797063254e-01 6.490678082443214203e-01
7.583030755276858326e-01 8.007813841713751213e-01 6.739515187159051957e-01
7.992712570870487143e-01 8.103570080560191791e-01 6.611257535614250003e-01
8.292554610217349742e-01 7.993694553412962200e-01 6.176323557817557930e-01
8.714953662553230895e-01 8.711274240808127844e-01 6.464663985827754367e-01
7.522342366340057929e-01 7.967675937341218706e-01 6.740441756292958608e-01
7.811035349363192326e-01 7.945681247942943948e-01 6.656929537313398537e-01
8.259038113153813754e-01 7.966837292907619217e-01 6.208611013013656255e-01
8.521109302386911111e-01 8.537368687289492719e-01 6.513409670443658372e-01
7.466018232950177858e-01 7.899054264063826158e-01 6.814425305824909351e-01
8.329875762712580789e-01 8.006527763290884891e-01 6.197316138559380017e-01
8.604284017743921709e-01 8.561995134838251698e-01 6.569443501293771304e-01
8.108847389460897004e-01 7.780614419775621071e-01 6.266450949073517629e-01
8.515835322623213077e-01 8.477150562249118337e-01 6.596391550421392136e-01
7.438594561766297408e-01 7.913330760049691603e-01 6.748874434853243676e-01
8.147494024656215528e-01 7.873977910941190039e-01 6.186713453779703054e-01
8.572370326990526035e-01 8.580847669357224428e-01 6.485902899049760251e-01
7.438162150856885146e-01 7.919489288975114505e-01 6.736543284632884321e-01
8.029215963608089535e-01 7.774761083005944373e-01 6.199297686386180395e-01
8.451935593773621802e-01 8.466735469143652493e-01 6.503272629935701321e-01
7.024534291323495383e-01 7.806442303766664148e-01 6.927431594631635603e-01
7.850420817313120692e-01 8.083777295123679707e-01 6.469443680413133890e-01
6.902389613907790045e-01 7.701579108046253674e-01 6.853788023745249758e-01
8.296172991725329071e-01 8.043224681271030629e-01 6.103428647744120195e-01
6.534978978040124620e-01 7.710182407045990116e-01 7.451289856184034610e-01
8.611729870605968618e-01 8.662935940679676872e-01 6.463744015038329627e-01
7.484489451129848758e-01 8.086770692869484911e-01 6.811788860004927004e-01
7.044728022335872142e-01 7.817998661169414110e-01 6.973968074674208317e-01
7.811022329202117476e-01 8.041339021384334984e-01 6.511846053118179878e-01
6.766224694211228075e-01 7.595928218794999465e-01 6.899567486033654218e-01
8.011102200651394334e-01 7.792492349323291156e-01 6.163208354020465185e-01
6.368769884164990902e-01 7.562316326468809802e-01 7.512577302760335973e-01
8.244576487581254387e-01 8.348729919047499504e-01 6.555910556459083605e-01
7.510592708526822037e-01 7.878659294245553557e-01 6.627892640904277100e-01
7.487898873423598500e-01 8.075534545466060976e-01 6.863287237496001891e-01
8.169309164372535736e-01 7.939547989729177635e-01 6.089710497048795856e-01
7.349687576704767578e-01 7.946863910909486295e-01 6.899791521776198477e-01
6.919901368150342957e-01 7.681140385658007386e-01 7.034010927961357185e-01
7.615219287700345507e-01 7.846121992342049989e-01 6.651071960466763411e-01
6.851035062478609827e-01 7.706322603759583334e-01 6.788416098868695903e-01
8.264427074521071281e-01 8.044477240346997737e-01 6.035378114861268406e-01
6.409990438487154218e-01 7.623354143725494803e-01 7.453023215819510883e-01
8.376482610002332629e-01 8.508469233093913786e-01 6.480838856755912758e-01
7.303164893646686417e-01 7.713152334560043899e-01 6.627003805913173062e-01
7.204377478038225258e-01 7.833108570964630868e-01 6.903600143407048195e-01
8.101242632220474471e-01 7.850177400274535033e-01 6.134950391578846141e-01
8.142523051762374786e-01 7.906696371402817114e-01 6.057954577759750991e-01
8.218382796200359719e-01 7.987191128856594435e-01 6.014702025449945033e-01
8.181078066350321309e-01 7.948011773303074179e-01 6.049202670323713393e-01
8.159828154588525395e-01 7.929437307175585259e-01 6.053263608490294656e-01
8.177460413734369826e-01 7.950869689142007202e-01 6.022928708399044595e-01
8.142918679891013589e-01 7.917459697596772594e-01 6.036784114423000558e-01
8.036590777615925107e-01 7.806452866332975749e-01 6.132662271598855463e-01
7.137333292094910631e-01 7.955320976514953513e-01 7.253933826713024891e-01
7.086603111473458450e-01 7.917487518555297310e-01 7.258057721389183925e-01
7.876697308102899031e-01 7.980023699200470277e-01 6.588949237194248187e-01
7.710940009072840828e-01 8.168323581681721235e-01 7.175683217706487760e-01
7.826784338075383207e-01 7.939785714114030446e-01 6.591038516394238655e-01
7.735941982677314588e-01 8.194682163559853239e-01 7.176283877434833647e-01
7.041491541907430873e-01 7.848123363267094366e-01 7.284626356221211019e-01
7.687262223164404995e-01 8.131196287160411540e-01 7.226011372848938352e-01
7.050981087702575811e-01 7.819250336489167452e-01 7.321593226810422239e-01
7.622253182222147316e-01 8.038692998394981748e-01 7.279600794696023947e-01
8.452699704786780233e-01 8.235484862692801222e-01 6.416727897079352871e-01
8.524714108595328188e-01 8.305205437498245358e-01 6.394068312361121942e-01
8.584552263844789088e-01 8.371071647150789552e-01 6.354775568223208770e-01
8.525632397660287687e-01 8.316098430799255814e-01 6.353290861689827596e-01
8.568974610010202664e-01 8.364867705072847048e-01 6.324527721593411478e-01
8.499136005955756357e-01 8.298087970099594646e-01 6.342845079773867800e-01
8.503169247759218008e-01 8.301517067409844852e-01 6.346215930527482341e-01
8.518175187806208415e-01 8.328683856326493107e-01 6.319831105513843417e-01
8.513453303993520072e-01 8.333701040190495402e-01 6.297684183145736414e-01
8.550458644333585045e-01 8.378757411868115179e-01 6.283768632964923384e-01
8.461160236751499308e-01 8.302980545486532415e-01 6.293954623145135985e-01
8.408153982127478665e-01 8.264311671890396394e-01 6.287920282931979132e-01
8.526824789894744683e-01 8.369594884268719559e-01 6.271780840097673781e-01
8.412270019371669294e-01 8.244444046493907274e-01 6.334861818547247170e-01
8.447917411231414819e-01 8.302677004901147795e-01 6.286108641595107294e-01
8.469826228662259426e-01 8.335755737634592544e-01 6.266175918005612022e-01
8.389994724667482195e-01 8.259373167387527026e-01 6.284648790122712159e-01
8.361794669970615823e-01 8.228870896681346192e-01 6.284688845880694874e-01
6.577749239433482442e-01 7.605470507072192854e-01 7.164933823325675410e-01
8.320433829341852272e-01 8.236042777962024886e-01 6.219008627421638291e-01
7.451093412656740744e-01 7.771455030412623977e-01 6.445521166816611247e-01
7.323289923428539794e-01 8.054707165808852043e-01 6.934795210029447432e-01
8.260399125729733782e-01 8.153598292706746298e-01 6.302670317587875104e-01
7.407832933753032423e-01 7.705100854927396936e-01 6.528144489833889175e-01
7.319611598036918076e-01 8.016261069358396885e-01 6.997767155321784616e-01
6.548574492007006587e-01 7.554068938984587200e-01 7.226377523653598756e-01
7.391265587293596173e-01 7.723516627506136212e-01 6.462150305742461187e-01
7.270551777111192715e-01 7.999923347802200269e-01 6.974957816805488209e-01
6.603870368845573546e-01 7.613781283541833922e-01 7.161342078369707931e-01
8.356246696815065045e-01 8.252196906986373204e-01 6.254854427735188072e-01
7.467699666697683591e-01 7.801577955812486476e-01 6.398491239921161311e-01
7.365316782196997814e-01 8.087308585789170223e-01 6.909942272367100013e-01
7.378638645507299421e-01 7.877088212879942430e-01 6.746831761917239101e-01
7.380359557355126165e-01 7.878028113615319628e-01 6.762941809717926134e-01
7.287198559257855868e-01 7.767424414044338254e-01 6.838804337935850963e-01
7.346330283226094604e-01 7.809941004508298423e-01 6.827141728628857154e-01
