6.949377478597364988e-01 6.254384471009777346e-01 5.649604208434622077e-01
7.131870979231897945e-01 6.427451373243510124e-01 5.448320555820191924e-01
7.413137317296004669e-01 6.662755407875008418e-01 5.173352408130867941e-01
7.388592380974043916e-01 6.565103660328711621e-01 5.210018343809799113e-01
8.600315618307635690e-01 7.412862999730471802e-01 4.880759351697133153e-01
8.106886054421791332e-01 7.023234214972979839e-01 4.489972166752218552e-01
8.032066933083754634e-01 6.989649586803418080e-01 4.250138965310188977e-01
9.568053646142429258e-01 8.167381600602395819e-01 4.192463499456323683e-01
6.617160172773509652e-01 5.858764077101816792e-01 5.320250715772771866e-01
6.978760169893226672e-01 6.110810669879745971e-01 5.024816236363834898e-01
9.640367005501397912e-01 7.967122794828014332e-01 4.379906783403209602e-01
1.107593833160189556e+00 9.117584398181172167e-01 3.679139895994932852e-01
7.386396012168037206e-01 7.018685652570344491e-01 5.769604370076657496e-01
7.515467198997320963e-01 7.056893347852747356e-01 5.651125022028342659e-01
7.183154259387521945e-01 6.661664495999294333e-01 5.873475209210916592e-01
7.822320214372462388e-01 7.125230022428848953e-01 5.321814713934810426e-01
1.108532857807515981e+00 9.529689777428502762e-01 4.461024822868582818e-01
1.281360097441584633e+00 1.094338036265439129e+00 3.768550136652258908e-01
6.084583768253297720e-01 6.261077177396607851e-01 6.023840020410510254e-01
6.143609957217881501e-01 6.167608418379900703e-01 5.906667545343200487e-01
6.480559156323483228e-01 6.340953273105124355e-01 5.666656632436922747e-01
6.531293647789166990e-01 6.173570761858272471e-01 5.835130245613709965e-01
7.176692960088291162e-01 6.471871455184572408e-01 5.137328671901112420e-01
7.498954836978499738e-01 6.435795034315044960e-01 4.449540363961749234e-01
7.430066728048676516e-01 6.914697088308014994e-01 5.364230565761584080e-01
7.767689193448394924e-01 7.102757897450716618e-01 5.186550453131484328e-01
8.579714450933214609e-01 7.558995105723396168e-01 4.339124526917731428e-01
5.996317304661631375e-01 6.138372945806009895e-01 5.950659262087120149e-01
6.381807412657785061e-01 6.190906376441555059e-01 5.600726271379365961e-01
6.089350929174960347e-01 6.252792066944170557e-01 6.158377283500005017e-01
6.812583633625259871e-01 6.605810028373279019e-01 5.566390102564798825e-01
6.705993908835050643e-01 6.352677380834844678e-01 5.746574850940420198e-01
7.582716314690111092e-01 6.807642539416109972e-01 5.224903105666406367e-01
7.767193607166192892e-01 6.918839292121999884e-01 5.493078531098763984e-01
6.248931502295991258e-01 6.257860932077967675e-01 5.547630938027617864e-01
7.563325018760005403e-01 6.810284699526609753e-01 4.717885130475191757e-01
7.305504877340901482e-01 6.562557567695205263e-01 5.301303222590336706e-01
6.038984357297053629e-01 6.318414997020703749e-01 6.506393658357579879e-01
7.761640640111389100e-01 6.699891083950977322e-01 4.956116625473611648e-01
7.266043913962917378e-01 6.722931073276287028e-01 5.851767041669355685e-01
6.241171269812741951e-01 6.486300036201173569e-01 5.827351952673465174e-01
7.635628626021109255e-01 6.562547368840164763e-01 4.636526352147651298e-01
6.261509631267272447e-01 6.515290612360890021e-01 5.993049092632076746e-01
7.838887364022144588e-01 6.714426138976927749e-01 4.786276365899320706e-01
5.896417462188064951e-01 6.177831728755240892e-01 6.287776139506299211e-01
7.220142048540776347e-01 6.158045014644871751e-01 5.215869183115775520e-01
6.049567033123102178e-01 6.301727055807310185e-01 6.349841435439004256e-01
7.413386959776250285e-01 6.331286045746590263e-01 5.250311222547984213e-01
7.476726779186547711e-01 6.443758320781025617e-01 5.024375831262751779e-01
6.001238879985490993e-01 6.330320871235461944e-01 6.333609180591740495e-01
7.744374962999731604e-01 6.707279042338151198e-01 4.730509297708070382e-01
6.564070786720200834e-01 6.257798398156876329e-01 5.983597269010667574e-01
6.508081544789612316e-01 6.239341815953138859e-01 6.097798833676935093e-01
6.129198445082444380e-01 6.544129665614222269e-01 6.363720047043198713e-01
8.123331191196823120e-01 7.028937825446167631e-01 4.926212188763479660e-01
6.214836305451035825e-01 5.764688117860742311e-01 6.128566648099676994e-01
6.409348118089320812e-01 6.027542247042235735e-01 5.871550905133389175e-01
6.616198179410589519e-01 6.231303455763498311e-01 5.758968778185227233e-01
6.651509521780056833e-01 6.246724484846160053e-01 5.793206594595656789e-01
6.589378138577199895e-01 6.277546297411207288e-01 5.824491892359811018e-01
6.572103923857914864e-01 6.303724066693532357e-01 5.832968673144026672e-01
6.786948633186468127e-01 6.546458763200470043e-01 5.865556893917976966e-01
6.769538541772228690e-01 6.555059708328228041e-01 5.904728107331385090e-01
6.482526395878061010e-01 6.515317088533436607e-01 6.312232940276520932e-01
6.424688202102192269e-01 6.292623895753344243e-01 6.437404746008430489e-01
5.900503530364326066e-01 5.421043471592638108e-01 6.168510903349988528e-01
7.742624844742078682e-01 6.802910776430505235e-01 6.004532924512882008e-01
1.009981922193575077e+00 8.432366189278681645e-01 5.640133081044278462e-01
9.029924942349496497e-01 7.676392334918570315e-01 5.069567367323958296e-01
7.225333834265588173e-01 6.210988983476786185e-01 5.447976562743920281e-01
4.424152690081094574e-01 4.143519150376423488e-01 5.959922996204207735e-01
5.888875834203010085e-01 5.015078990996288955e-01 5.573972166676884887e-01
8.416997243729922307e-01 7.665587061993848206e-01 5.376394817282332816e-01
4.621505269028465257e-01 4.666803383924543747e-01 6.409560750311902311e-01
6.801985098664241614e-01 6.228815759103676353e-01 5.830806556722299971e-01
6.463713291010022566e-01 6.392966658755647735e-01 6.016985595503206996e-01
7.016828273714393882e-01 6.572721816669130357e-01 5.696099934840263002e-01
7.694784391555947733e-01 6.889900491704273877e-01 5.320924311814112517e-01
8.595832396903845263e-01 7.294931839667747608e-01 5.764865371229729307e-01
7.947705962282523018e-01 7.179506474369320435e-01 5.635617660034515364e-01
8.683891114445981829e-01 7.562228234481144229e-01 5.884466799056466968e-01
6.305459666171899791e-01 6.105171109446134725e-01 6.031523440600428110e-01
7.882373433181377731e-01 6.749824896233133087e-01 5.169926755174436561e-01
6.519832986421371102e-01 6.278023720299013011e-01 6.288031176759752983e-01
7.520361470431315976e-01 6.663109906312728592e-01 5.404960563418308439e-01
8.338616186251804896e-01 7.361443710715083188e-01 5.083441365334236961e-01
6.097344730184010020e-01 6.440159000672170952e-01 6.973110126558901278e-01
8.685621582819595954e-01 7.598857364395806835e-01 5.516990416456449831e-01
6.925672637670338139e-01 6.837577780653549819e-01 5.882639370424559422e-01
6.628026804761164570e-01 6.622466131978257398e-01 6.146631218017306608e-01
7.785307434058208464e-01 6.402024737316347469e-01 5.179451515851225540e-01
6.518458110090036284e-01 6.579448726417316262e-01 6.242423122604968677e-01
7.346537495042567700e-01 6.168932548343661892e-01 5.349715360480690185e-01
6.394915566051301292e-01 6.430527621832468066e-01 6.605969954024786261e-01
7.948449271011631678e-01 6.672357235659697183e-01 5.191573135851599297e-01
7.062332285450489966e-01 6.503332243838968463e-01 5.950915931730716979e-01
8.941265947293486338e-01 7.478572632784256102e-01 4.787181331773543991e-01
8.723779648498675154e-01 7.405460462640234276e-01 4.679430621076135499e-01
6.955305149886097382e-01 6.555854168898747059e-01 6.310696841435696758e-01
8.502168003291257214e-01 7.275271577617331564e-01 5.106456261991916268e-01
9.183515785315350399e-01 7.727713054808270643e-01 5.226812585390099297e-01
6.702748350354373885e-01 6.220893005251016961e-01 5.838193229245686178e-01
6.874183160101934309e-01 6.360610772367765176e-01 5.904190685834438401e-01
6.874240522905302742e-01 6.380749551427153943e-01 5.983056173068433958e-01
7.249427751474294412e-01 6.798775482140356763e-01 5.819426301621640762e-01
6.239616682686764948e-01 6.102828965308074727e-01 5.875264604026200210e-01
6.273908723389874931e-01 6.036309033799861501e-01 5.899781144414244505e-01
6.714272004774011204e-01 6.337738722718633255e-01 5.549607064104576937e-01
6.990001106446894763e-01 6.494732807940256647e-01 5.249333268880628234e-01
6.755248404315674637e-01 6.226794883839800177e-01 5.452559363555667948e-01
7.213358312461349842e-01 6.570904363500984502e-01 5.047269525733449891e-01
1.025315600892388712e+00 8.722545049727155053e-01 4.332555886258301903e-01
1.172452857817600558e+00 9.853671788021912681e-01 3.829058088885061162e-01
6.314818493446406888e-01 5.926217150009859269e-01 5.343572260596054502e-01
6.595088105832795922e-01 6.007678676364023307e-01 5.179676528305336980e-01
6.865833938990205665e-01 6.070518760478469389e-01 5.081441566646298647e-01
1.099095737096472014e+00 8.916439513396540173e-01 3.857121891775937561e-01
6.693211032097085011e-01 6.695746871395149569e-01 5.844397633559954564e-01
7.642334898374747443e-01 7.386239498261557568e-01 5.119008966423610474e-01
7.943555311175973799e-01 7.446345203994653161e-01 4.996057732717269495e-01
1.301997269995048612e+00 1.121918954858961426e+00 3.509177906386489187e-01
5.875265241175806619e-01 6.035325965015760907e-01 6.094136159654842677e-01
6.492390947404524937e-01 6.285085291156614629e-01 5.647759448810586447e-01
6.697272150020640025e-01 6.199044698874430770e-01 5.532195454715387317e-01
7.229950236477001857e-01 6.328078973655409944e-01 5.107101045582502774e-01
7.791613895533623380e-01 7.064927023322676858e-01 5.054002510454114194e-01
5.755369753201688976e-01 5.866074357671762218e-01 5.920670189849880360e-01
6.920435306261724095e-01 6.202059884384188981e-01 5.267044407275172091e-01
6.173492195985191833e-01 6.287042611322239960e-01 5.882098321786114470e-01
6.715430043535752791e-01 6.193471284820940559e-01 5.376131341242482709e-01
6.937695243408066315e-01 6.558925691453173501e-01 5.090140070520244864e-01
6.043969320523862043e-01 6.309770139937923572e-01 5.915185415714835360e-01
6.814436392561299405e-01 5.821955994615062302e-01 5.078560330027196423e-01
5.907698635601026371e-01 6.241378040806919714e-01 6.127983218893551243e-01
7.312915762257850005e-01 6.270775035857951707e-01 5.098582535186528819e-01
5.770904021687282004e-01 6.192002116693718916e-01 6.165996400416620116e-01
6.714892115264535777e-01 5.877701604976566241e-01 5.331834004813826855e-01
5.662759119176331568e-01 6.017502920075298301e-01 6.538079123274695981e-01
6.953650944361743358e-01 6.042666930777251810e-01 5.389227808905694417e-01
6.426423416184656734e-01 6.270188823775237896e-01 5.763969932371826310e-01
5.648095299269926262e-01 6.132254359094845286e-01 6.569671296357313395e-01
7.551037445142404492e-01 6.625169039902498724e-01 5.191945496216515687e-01
5.821033296616391350e-01 6.506905481998761509e-01 6.439563483304783231e-01
7.656179666263501771e-01 6.928997439923542112e-01 5.279207890830041050e-01
6.209222575058253035e-01 5.963470632412127825e-01 5.669534055231119085e-01
6.359863649228953975e-01 6.140750720654479800e-01 5.710291636231428214e-01
6.260774329667144755e-01 6.138617131635971669e-01 5.783241385826140002e-01
6.526429887090446913e-01 6.467474310719574238e-01 5.780216951288253968e-01
6.640431458185024338e-01 6.652604503257935065e-01 5.798480363863813825e-01
6.863910076286936501e-01 6.942888218017443380e-01 5.626287865630136276e-01
5.326981497662540699e-01 5.144396415885391649e-01 5.793135784055822857e-01
4.218028065139671767e-01 4.078056174125465061e-01 5.710228433179572738e-01
6.798234639079275832e-01 6.020074182107476579e-01 5.478329381176727519e-01
4.389750870909265856e-01 4.100033052524567623e-01 5.884378336721201030e-01
7.604188445138426733e-01 7.060165603535802914e-01 5.820961224630116781e-01
4.561108462326438073e-01 4.529460053534322128e-01 6.537596565380842106e-01
7.857021863706037390e-01 6.948524978035240940e-01 4.705432243155243666e-01
8.312610671999642875e-01 7.437734267725003567e-01 5.141024418162469800e-01
6.527977623059247891e-01 6.573880008831208821e-01 5.990684357126546677e-01
7.559959074226075826e-01 6.333781063691383828e-01 4.943492886049232760e-01
6.266932733509481546e-01 6.410987327048256468e-01 6.434561444130821872e-01
7.422892206260734982e-01 6.307701072227216432e-01 5.464733422037122423e-01
8.421929259030555004e-01 7.139198033678213484e-01 5.232533173483895350e-01
6.217697106706686627e-01 6.658032838709257994e-01 6.560179867655898667e-01
8.479047854904107062e-01 7.278203508088455509e-01 5.356113763231916680e-01
6.984919271898509807e-01 6.711792483839165158e-01 5.978681773133052157e-01
7.183663466353307214e-01 6.958320825050130498e-01 5.857911008165269662e-01
6.791734126205282163e-01 6.363214846027764882e-01 5.387842571964699401e-01
7.556902271537750959e-01 6.826514680678320568e-01 5.093929765100899676e-01
8.230598651795790754e-01 7.077484758160460521e-01 3.979008161851266268e-01
6.197424851266656320e-01 6.210072349007096371e-01 5.888232588542147150e-01
5.431722497321603838e-01 5.124458011892915055e-01 5.856481244248561424e-01
6.862528891640897744e-01 5.802192311429933413e-01 5.588362904035554246e-01
6.070443600163123454e-01 6.099718945369825285e-01 6.078737178696573817e-01
7.913209556151095114e-01 7.142703929920340977e-01 5.490202289159719085e-01
6.380871324818124801e-01 6.378692554868768960e-01 5.467432159411022008e-01
7.394745155068754849e-01 6.668063028308770512e-01 5.007054322716429917e-01
7.091732418089773393e-01 6.617720974042126114e-01 5.760310966808752653e-01
5.895114115441868474e-01 6.137228984971215828e-01 6.193541912022485496e-01
7.714163152101845000e-01 6.456029250845393141e-01 4.951303011828711020e-01
5.777846455187363173e-01 6.134033794324104116e-01 6.312496999598979919e-01
7.676354264092610791e-01 6.567235217459064245e-01 4.732983652919363071e-01
8.050733067000391818e-01 6.954415962250164451e-01 4.722783758984781532e-01
7.958051191235946398e-01 6.950908609031070107e-01 5.440605290670290639e-01
6.676801850165325902e-01 6.642728100347276010e-01 5.967677340938936092e-01
7.148485717913778403e-01 6.263314299138904584e-01 6.256859855741607745e-01
7.276414021357570094e-01 6.245577196673232079e-01 5.284099983367217535e-01
8.085836472911867023e-01 7.233353044258722386e-01 5.742099424121881457e-01
7.594898536800508415e-01 6.359928033496596855e-01 5.139013532682651375e-01
8.081898535770963843e-01 6.969154864271541738e-01 5.147569885741879459e-01
7.173823370327719884e-01 6.879969996132622168e-01 5.922716366942423205e-01
5.792375646299043890e-01 5.341990927937151357e-01 5.921572893235591550e-01
6.467085573960632550e-01 5.799520609438529872e-01 5.254691366226220683e-01
6.546483661899977768e-01 6.835456381109937807e-01 6.077868800427644880e-01
7.574646420656416801e-01 7.094824214628031589e-01 5.415341930791265357e-01
6.324350507207403549e-01 6.550745342523350834e-01 5.924275959230876909e-01
7.286430521450245612e-01 6.211690729395686894e-01 5.155401821484233427e-01
7.910045739250926022e-01 6.821408556100326814e-01 5.388811395963051254e-01
6.717019385618452354e-01 6.226192715718734672e-01 5.441640065441383234e-01
6.911589265697918316e-01 6.466565418595454640e-01 5.575578592150808310e-01
7.041427387627855472e-01 6.830042612889903886e-01 5.837212099049866598e-01
5.837673704235679661e-01 5.643937097110133250e-01 5.826127181084137518e-01
7.279647793682025858e-01 6.442210558604475334e-01 5.345271899829290296e-01
6.552627150362771991e-01 6.448716704476074035e-01 5.840288991222155612e-01
4.665401645363370653e-01 4.589295688193018030e-01 5.956447820507821955e-01
4.856106185110403706e-01 5.176758236487272180e-01 6.136217480142437397e-01
4.897240315591534499e-01 5.573993624754348675e-01 6.266027809888627953e-01
6.780646547444910688e-01 6.027616609606366582e-01 5.241608521758965855e-01
7.866989764914578132e-01 6.906984507245254035e-01 5.399956914160709553e-01
6.126871442606491858e-01 5.837083085154901596e-01 5.825365520152488985e-01
6.024965771800790959e-01 5.911062482428495191e-01 5.682198439976198223e-01
5.691334877475168197e-01 5.581830873148408978e-01 5.954414807885459737e-01
7.230383435783317436e-01 6.458156736972285872e-01 5.305527835836835182e-01
5.892414122186856451e-01 6.171551105388201064e-01 6.048395834831082896e-01
4.150442023240785705e-01 4.157350297720285304e-01 6.075766382268337207e-01
5.104036134678195946e-01 5.423796548321905275e-01 5.985241886449962356e-01
5.761395354181880757e-01 6.188519914755473694e-01 6.133551848218991021e-01
7.562693409719433157e-01 6.585141040495148257e-01 5.022718642900066977e-01
7.656112659569044299e-01 6.790025515354455310e-01 5.386307169487553059e-01
6.176685268093075054e-01 5.844116580510068104e-01 5.731623044683403778e-01
7.338137906824473422e-01 6.634255690021911844e-01 5.294808132256313415e-01
7.331584152188095338e-01 6.268037120883797053e-01 4.763758207356121877e-01
8.128162967884938750e-01 7.140785002778976542e-01 5.315000845174965294e-01
6.603708220898404369e-01 6.126250790705249916e-01 5.752627955675574389e-01
7.242539723233744065e-01 6.552204174932394487e-01 5.423415775208032530e-01
7.275269565330929611e-01 6.201570410062829941e-01 4.914742459149185616e-01
6.241230575515658296e-01 6.824555489428046906e-01 6.468513698830022918e-01
8.707069404642460153e-01 7.726292630535778194e-01 4.982654725447064892e-01
6.432990451524457365e-01 5.996982141569235925e-01 5.859673842871140348e-01
6.791667895553664680e-01 6.596251359625108224e-01 5.939545845144486025e-01
6.237792335771388252e-01 5.808253872137238982e-01 5.692140989725366085e-01
5.539818492371088032e-01 6.007313110879141105e-01 5.842884305573591286e-01
5.050730774560356906e-01 4.661425365632325679e-01 5.574127517212955629e-01
6.625629020261831759e-01 6.162064954001610362e-01 5.760569168102648296e-01
5.346688560760206599e-01 5.257025708131936037e-01 6.041383357279821453e-01
6.853426880584989611e-01 6.304779076702368146e-01 5.616296004011022136e-01
5.637627321522776791e-01 6.048151411363450469e-01 5.859838364760094898e-01
6.627410481384939933e-01 5.769096936569307887e-01 5.301304589793727207e-01
7.910605090374923654e-01 7.143757614144777834e-01 5.558674905988268966e-01
5.693885255424615544e-01 5.502792461274452762e-01 5.844147699763909687e-01
6.910263162379837176e-01 6.379654942307959598e-01 5.598593056348268870e-01
5.996371687207099344e-01 5.629855691914993354e-01 5.807085538122831458e-01
7.065973995835066468e-01 6.020010451418124076e-01 5.298400517147962008e-01
7.962467220555293768e-01 7.191144412123632312e-01 5.526155732619979499e-01
5.986951467545529315e-01 5.749101065607635785e-01 5.587416855961563344e-01
6.077345684310431206e-01 5.734605853362086947e-01 5.618584212673021216e-01
5.129931773136073847e-01 4.680516269933724383e-01 5.480177634057324942e-01
6.213455896718694804e-01 6.011275822628634469e-01 5.560511148248822311e-01
6.441404923494640222e-01 6.570964164606790670e-01 6.400710162716241047e-01
7.879923377983513166e-01 6.661120426764042257e-01 5.172512198509637837e-01
6.705188246671628383e-01 6.026385131468732226e-01 5.677954297319368626e-01
7.314384385943055733e-01 6.986920618373138048e-01 6.027462068386566507e-01
7.642361123219555408e-01 6.567586421145320541e-01 5.259995102404072531e-01
7.524051662587326605e-01 6.490604428848238960e-01 5.315983916370402573e-01
7.566210226415800433e-01 6.508415763476257387e-01 5.308775918379717851e-01
7.071604314011923353e-01 6.977155325123708396e-01 5.903492405667826182e-01
7.732376526765694091e-01 6.661855750700254042e-01 5.053252766099527449e-01
6.954329376581415145e-01 6.889876532820125021e-01 6.017828945771742655e-01
7.382241404435971877e-01 6.394119282225624312e-01 5.170579462587477915e-01
5.865466870844697755e-01 5.580311756374070065e-01 5.726905554134007481e-01
7.651753114215739116e-01 6.633725885607619777e-01 5.065162980709463358e-01
6.455232874878457094e-01 6.041020881063299264e-01 5.777448160744665939e-01
8.223288014016794101e-01 7.057267393180786108e-01 4.820881637354054727e-01
6.337181050155347162e-01 5.941718894756868874e-01 5.807853359927778181e-01
7.891757166895638775e-01 6.784166775550234396e-01 4.647229024499456851e-01
5.823114182026072339e-01 5.545894680662615261e-01 5.785310498541798019e-01
7.884450023779382422e-01 6.778587118468554218e-01 4.649559617992607419e-01
8.087195569771844506e-01 6.969595443003172575e-01 4.863689555804642795e-01
7.214564551053126440e-01 6.372815857238010029e-01 5.106049837710658901e-01
6.804470544186898007e-01 6.047334612427531786e-01 5.290008493643839627e-01
6.887227630794714450e-01 6.390898927807031615e-01 6.027347650954765212e-01
6.781752713802042809e-01 6.325646948667638103e-01 6.083433738225936249e-01
