    -0.0615930    -0.0463172
    -1.7353796    -1.7009879
    -1.5169156    -1.5027415
    -1.3992485    -1.3772933
    -1.4349129    -1.4182881
    -0.0642961    -0.0492366
    -1.7282314    -1.6920509
    -1.5387939    -1.5301390
    -1.3967254    -1.3748200
    -1.4463660    -1.4324350
    -0.0745555    -0.0615280
    -1.7371023    -1.7069886
    -1.5418633    -1.5320227
    -1.4014950    -1.3820568
    -1.4499881    -1.4364076
    -0.0846589    -0.0734091
    -1.7441820    -1.7189223
    -1.5465847    -1.5353718
    -1.4050822    -1.3875949
    -1.4541639    -1.4404804
    -0.0943425    -0.0845473
    -1.7496117    -1.7282875
    -1.5526135    -1.5398194
    -1.4073780    -1.3914468
    -1.4587771    -1.4446098
    -0.1033460    -0.0946948
    -1.7535673    -1.7355345
    -1.5594896    -1.5448803
    -1.4083729    -1.3937652
    -1.4636630    -1.4486922
    -0.1114275    -0.1036752
    -1.7562230    -1.7410568
    -1.5667439    -1.5500875
    -1.4081573    -1.3948027
    -1.4686462    -1.4526049
    -0.1184072    -0.1113985
    -1.7577548    -1.7451897
    -1.5739735    -1.5550718
    -1.4069129    -1.3948714
    -1.4735680    -1.4562376
    -0.1242085    -0.1178774
    -1.7583522    -1.7482287
    -1.5808783    -1.5595871
    -1.4048841    -1.3942959
    -1.4782989    -1.4595070
    -0.1407017    -0.1355887
    -1.7630446    -1.7585402
    -1.5870488    -1.5601103
    -1.4027812    -1.3961736
    -1.4844540    -1.4620787
