5.331023039032601885e-01 5.616946948058061384e-01 6.250000000000000000e-01
5.425077033888145994e-01 5.649633548898422841e-01 6.250000000000000000e-01
5.316886173814049377e-01 5.466985862670330487e-01 6.250000000000000000e-01
5.434712088925895968e-01 5.514445438142395739e-01 6.250000000000000000e-01
5.903748040641326744e-01 6.012919968137533377e-01 5.760981961676314711e-01
5.330144450281105728e-01 5.432629067757133168e-01 6.250000000000000000e-01
6.059135597056806155e-01 5.916796585093142546e-01 5.702359615797756298e-01
5.931352289737815697e-01 5.841069184977558670e-01 5.698172305377859903e-01
5.313698962731456810e-01 5.208595945859306742e-01 6.250000000000000000e-01
5.955051983883414835e-01 5.829327440977322139e-01 5.312982546386800786e-01
6.071392648948287230e-01 5.872444540156258608e-01 5.164273421962735089e-01
5.360061278723405875e-01 5.188566649686819909e-01 6.250000000000000000e-01
6.046109950311855386e-01 5.836627544950897528e-01 5.287569500387993005e-01
5.986423711357300448e-01 5.794009007187997939e-01 5.266548269540599625e-01
5.425299594965183880e-01 5.145583287675180584e-01 6.250000000000000000e-01
6.342946619762791505e-01 6.072990554996234858e-01 5.161656162471468523e-01
6.351557304840547147e-01 6.043490677786159671e-01 5.190535812192659249e-01
6.145828772646636518e-01 5.766087513817524934e-01 5.639549959499301490e-01
5.884874103088084674e-01 5.890921902289688594e-01 5.300000000000000266e-01
5.659575181543535782e-01 5.632565600339898282e-01 5.300000000000000266e-01
5.608744556940850057e-01 5.577801603297486421e-01 5.300000000000000266e-01
5.849117644296608631e-01 5.485369327427928043e-01 5.300000000000000266e-01
5.844486279906253579e-01 5.454084820012408130e-01 5.300000000000000266e-01
5.442560766953649098e-01 5.234674657809161857e-01 5.300000000000000266e-01
5.810864272832056976e-01 5.378551049947208895e-01 5.300000000000000266e-01
5.440599290177544622e-01 5.143802243126101015e-01 5.300000000000000266e-01
5.419262879409725286e-01 5.075428492549068915e-01 5.300000000000000266e-01
5.815730845975758401e-01 6.582480015966117870e-01 6.045200134271844217e-01
5.760094966251343429e-01 6.268552205528837851e-01 6.182498874460248262e-01
5.992047459719000990e-01 6.592142711373462083e-01 5.901409518795893705e-01
5.637882704783622190e-01 6.151368214062136186e-01 6.049904938509097496e-01
6.144454133540042662e-01 6.573397876476732016e-01 5.677871122197102327e-01
6.164516316093804349e-01 6.275745235241216857e-01 5.951800973251741844e-01
6.321652540616800042e-01 6.533558202644775825e-01 5.561337486237348804e-01
6.565001121706900422e-01 6.633651502192208227e-01 5.576540802631096971e-01
6.761531833182194973e-01 6.724862922579010194e-01 5.534276173817677114e-01
6.759455991148974885e-01 6.696139763798601985e-01 5.619510410787638133e-01
6.631311254916923970e-01 6.613317394293047879e-01 5.455098496194523694e-01
6.212701993276170676e-01 6.174512824533363586e-01 5.997793985948305373e-01
7.726365866935089866e-01 7.349553427922902449e-01 4.858352849794327355e-01
5.398861298139893128e-01 5.659640324268722100e-01 5.775000000000000133e-01
5.326624346511097396e-01 5.451921014447025371e-01 5.775000000000000133e-01
5.628556388626454465e-01 5.682207848161333619e-01 5.221078650167910729e-01
5.607101190624689258e-01 5.625367350668714073e-01 4.908017318629701031e-01
6.090194515095256333e-01 5.760449894655149672e-01 4.822616678016994340e-01
5.373537177335796500e-01 5.841959907994183077e-01 6.724999999999999867e-01
5.262591874584766627e-01 5.559028804276699987e-01 6.724999999999999867e-01
5.616645049197469541e-01 6.013152669058354771e-01 6.219393592089864642e-01
5.694647097505274314e-01 6.030778202901788676e-01 5.920754436964051903e-01
6.682340946804746773e-01 6.721576183687653083e-01 5.094659175818102570e-01
6.312212569935441442e-01 6.259025771667650062e-01 5.325119970915929146e-01
7.110751606622958132e-01 6.836398842771558293e-01 4.909215142151646116e-01
5.697261491862687377e-01 5.841894220575131191e-01 5.537499999999999645e-01
5.167295310968240685e-01 5.113942274720456593e-01 5.537499999999999645e-01
5.336020588033404399e-01 5.081275499574325893e-01 5.537499999999999645e-01
5.639730784111252060e-01 6.047186460335735037e-01 5.584197962764821943e-01
5.958079420057684761e-01 5.819725239654404136e-01 4.998038281488171863e-01
5.424679276115028648e-01 5.120271743838230583e-01 6.012500000000000622e-01
6.405003590253193213e-01 6.365763298363514844e-01 5.086751257140036397e-01
6.586340784296000894e-01 6.182539419025676608e-01 5.516836111404245235e-01
6.312599950821253803e-01 6.358559348460792737e-01 5.552272822308482736e-01
5.682824730568926119e-01 5.302387291265961977e-01 5.418749999999999956e-01
5.234974642846562665e-01 5.320204379277378992e-01 5.656250000000000444e-01
5.208676066369087865e-01 5.078340530875934400e-01 5.656250000000000444e-01
4.981813447434868536e-01 5.189488521474096006e-01 5.893749999999999822e-01
5.740521365638906470e-01 5.328415268253479109e-01 5.893749999999999822e-01
6.239997072008353074e-01 6.245659288201181880e-01 5.488664986036028148e-01
6.884285440201303174e-01 6.562843020658453153e-01 5.039600360277675106e-01
5.304124732137974751e-01 6.338668089046407550e-01 6.606250000000000178e-01
5.682950936921270513e-01 5.660148902255200953e-01 5.478125000000000355e-01
5.474774152208593536e-01 5.556685150358665615e-01 5.596875000000000044e-01
5.548074297477649797e-01 5.591687107384828437e-01 5.715624999999999734e-01
5.584280888261077269e-01 5.838946730730484314e-01 5.834375000000000533e-01
5.098564551440486481e-01 5.137630550172094246e-01 5.834375000000000533e-01
6.076589434397663414e-01 5.931025740084796549e-01 5.407578271007704718e-01
5.393483692177083455e-01 5.739722216793257115e-01 6.190624999999999600e-01
6.143600964909494699e-01 5.962213693980918938e-01 5.419109032142557236e-01
5.148681299881340268e-01 5.611859575017481561e-01 6.309375000000000400e-01
5.929246803224421658e-01 5.999200066431219502e-01 5.385953318542500146e-01
5.337246679470808441e-01 5.708298857543238070e-01 6.428125000000000089e-01
6.133097119942506614e-01 6.269519867659967272e-01 5.192530718304319004e-01
5.435311672356146762e-01 6.831399903203780877e-01 6.546874999999999778e-01
5.405369385424912965e-01 6.812714963070141128e-01 6.665624999999999467e-01
5.786220321802743038e-01 6.172764323328189251e-01 5.507812500000000000e-01
5.779626600973166717e-01 6.169530571809749286e-01 5.567187500000000400e-01
5.741210510184536764e-01 6.149668520864126631e-01 5.626562499999999689e-01
5.724419752692633256e-01 6.140549125964096522e-01 5.745312500000000488e-01
5.672346972611280735e-01 6.111877028222730823e-01 5.804687499999999778e-01
5.670594305675824565e-01 6.111296576111622247e-01 5.864062500000000178e-01
5.606838402726044279e-01 6.075978111667105219e-01 5.923437500000000577e-01
5.505822074072278527e-01 6.023526545766698659e-01 5.982812499999999867e-01
5.445196948901851464e-01 5.989344708045356569e-01 6.042187500000000266e-01
5.449537276428516597e-01 5.992109478313105697e-01 6.101562499999999556e-01
5.186568514106784100e-01 5.408846067567725235e-01 6.160937499999999956e-01
5.380736979425797539e-01 5.953454703104597012e-01 6.220312500000000355e-01
6.524834124421113879e-01 6.356569608839026664e-01 5.741762737726057164e-01
5.362529519677510237e-01 5.943417041174237081e-01 6.279687499999999645e-01
6.237578133688386206e-01 6.210808749183487354e-01 5.479052256135352739e-01
5.276885427971484965e-01 5.894343657759493205e-01 6.339062500000000044e-01
5.707348286853145547e-01 5.942885926454251067e-01 5.860512737726056853e-01
5.881060638357109571e-01 6.031247380701599825e-01 5.795829238942424855e-01
5.480301210039673077e-01 5.559187224044039866e-01 6.457812499999999734e-01
5.080636662782564983e-01 5.785881635907763609e-01 6.517187500000000133e-01
5.130578454071097472e-01 5.814530416972764071e-01 6.576562499999999423e-01
5.363751071080219424e-01 5.943917561925262660e-01 6.635937499999999822e-01
5.550479262124143887e-01 6.228349825732719669e-01 6.350756671162761657e-01
6.187451628699681683e-01 5.780542831500482537e-01 4.880425054289352915e-01
6.296226144409772241e-01 5.827986712115515999e-01 4.910112554289352560e-01
6.111223246366991324e-01 5.745616442531898960e-01 4.572344704584603292e-01
5.437502026226626040e-01 5.068323157790928235e-01 5.582031250000000222e-01
6.132983677952265067e-01 5.755567666111558456e-01 4.596295754529900468e-01
5.428072866746341818e-01 5.065432862517839085e-01 5.641406250000000622e-01
5.460438340696166515e-01 5.081193201359851530e-01 5.730468749999999556e-01
5.448895066258255815e-01 5.074494871707729837e-01 5.760156250000000311e-01
5.642581433410465142e-01 5.164536145625467922e-01 5.789843749999999956e-01
6.183932981744562074e-01 5.779002925622070963e-01 4.898909429890642153e-01
5.299278629066547230e-01 5.003849524632660861e-01 5.849218750000000355e-01
6.247141120264579905e-01 5.804457234417670364e-01 4.705023874294058106e-01
5.432716274705624571e-01 5.067659533014541307e-01 5.908593749999999645e-01
6.050699154559937565e-01 5.716041489664256403e-01 4.803267549398151370e-01
5.646487025346592636e-01 5.165951117129978787e-01 5.967968750000000044e-01
5.157012498182280691e-01 4.935591799479006614e-01 5.997656249999999689e-01
4.896002199642827124e-01 4.808937491964078159e-01 6.027343750000000444e-01
7.009086460155604659e-01 6.532986956758480845e-01 4.654506437756262827e-01
5.518960075036816182e-01 5.103465609196344843e-01 6.086718749999999734e-01
5.337765378722049148e-01 5.021454746248680268e-01 6.116406250000000488e-01
6.568617685682842655e-01 6.320361184533086485e-01 4.881342577959057460e-01
7.122244757182282227e-01 6.587847127356687427e-01 4.826115152216335913e-01
6.618902021236490185e-01 6.149446045987515541e-01 5.302109135210955060e-01
5.980507448154216421e-01 5.683123801934256702e-01 5.596695186553994894e-01
6.279832630867649979e-01 6.181101973734337562e-01 4.876860270960476917e-01
6.328961297811620534e-01 6.005560674530544540e-01 5.250930939293428912e-01
5.660463179308853343e-01 5.778697975600686210e-01 6.250000000000000000e-01
6.237053206771177027e-01 6.196190624287678528e-01 5.767262927306160414e-01
5.986381067051045335e-01 6.044526193732094876e-01 5.398326327907299049e-01
6.060790387291549175e-01 6.058842783863912507e-01 5.343444857818150373e-01
5.908143123917346529e-01 5.665726168949348773e-01 6.250000000000000000e-01
6.217191328701155983e-01 5.659714566438538430e-01 6.250000000000000000e-01
6.269123013112427589e-01 5.985326444578621397e-01 5.235913605246227398e-01
5.577800754442433506e-01 5.294036811627961248e-01 6.250000000000000000e-01
6.276640411727225644e-01 5.591623721780427658e-01 6.250000000000000000e-01
6.018380390552031667e-01 5.440189375811625982e-01 6.250000000000000000e-01
6.421394257467180067e-01 5.949507035787737763e-01 5.234241031255358889e-01
6.568302210190228863e-01 5.995160805763752876e-01 5.275518018536345943e-01
7.481167790862686129e-01 6.756061159479423983e-01 4.894070952774622896e-01
6.331725778168789676e-01 6.120065528662669285e-01 5.300000000000000266e-01
6.323273039306330778e-01 5.936216384617570840e-01 5.300000000000000266e-01
6.339032432392788241e-01 5.881370006053661115e-01 5.300000000000000266e-01
6.449313076372238385e-01 5.744964454044646507e-01 5.300000000000000266e-01
6.219465595557071014e-01 5.579460396031870051e-01 5.300000000000000266e-01
5.863025494951543681e-01 5.356832776547031383e-01 5.300000000000000266e-01
5.754559243147931991e-01 5.243561892721045892e-01 5.300000000000000266e-01
6.637967629478440656e-01 6.782413730741776448e-01 6.199897050328465609e-01
6.948582891045631538e-01 6.996239352453599292e-01 5.658069514445478454e-01
6.636797518105010951e-01 6.799890862092107247e-01 5.883174642722294179e-01
6.438582492816594671e-01 6.473475743431104101e-01 6.019751257547105716e-01
6.908915078852559954e-01 6.867364485291475029e-01 5.570402448443526611e-01
7.242690841474205277e-01 6.996389442835690975e-01 5.732561978469896680e-01
6.942518626901572620e-01 6.603125483590287503e-01 5.912902964011914619e-01
7.387530546900233919e-01 6.752693930059238125e-01 5.953793858249114557e-01
9.218484395736192827e-01 8.038510351897973916e-01 4.881909325869377980e-01
6.074056422962783586e-01 6.030740972621004836e-01 5.775000000000000133e-01
5.701771587608971403e-01 5.610071836345765783e-01 5.775000000000000133e-01
6.283963986027796267e-01 6.081361484534011375e-01 4.923592633173871635e-01
4.894142269459886840e-01 4.973368251271029772e-01 5.775000000000000133e-01
4.855849665227322531e-01 4.842575506091940651e-01 5.775000000000000133e-01
6.622197599212136243e-01 6.719531606609310259e-01 5.686269076413830170e-01
6.252173554171548409e-01 6.165022500812538109e-01 5.911854944309722359e-01
6.870599506351316998e-01 6.670561309337340594e-01 5.407087843768456636e-01
6.804966805308155786e-01 6.549219602952690567e-01 5.329935657937405757e-01
7.038408452686932826e-01 6.584281279980909174e-01 5.535217275905155443e-01
5.962043180799886377e-01 5.677654449405752368e-01 5.537499999999999645e-01
5.711269923600540421e-01 5.314763751414606219e-01 5.537499999999999645e-01
5.966288771777513711e-01 6.152001281813646028e-01 6.012500000000000622e-01
5.475429939653093658e-01 5.669239581216637403e-01 6.012500000000000622e-01
5.489525090519361550e-01 5.447886844026108566e-01 6.012500000000000622e-01
7.250096233557565828e-01 6.529423038016584080e-01 5.016468519282903937e-01
5.814792474478314155e-01 5.959012615520892231e-01 6.487499999999999378e-01
7.617868926259965257e-01 7.068352830144173371e-01 5.357176946165241871e-01
8.431300711519575941e-01 7.486956717584147825e-01 4.621944642095603961e-01
5.999619603109800359e-01 5.809700763203833329e-01 5.418749999999999956e-01
6.520233145795563123e-01 6.138783695828405884e-01 5.110703271007704940e-01
6.110097287940274846e-01 6.108073792302437521e-01 5.893749999999999822e-01
5.359660842658875435e-01 5.263629543539071198e-01 5.893749999999999822e-01
5.777602767459008026e-01 5.940029111668435613e-01 6.131250000000000311e-01
5.559113522912391137e-01 5.356589526225523645e-01 6.131250000000000311e-01
5.798474200713719107e-01 6.179919774874302885e-01 5.957197204444408811e-01
7.282507620492825184e-01 6.824395548067428985e-01 5.026074158409096215e-01
6.533957088196156171e-01 6.559669451591706446e-01 6.007240037150327616e-01
6.603876660195634463e-01 6.321805317078593722e-01 5.682542955274355601e-01
6.533957357440801639e-01 6.548121131895003888e-01 5.359375000000000666e-01
6.449231189727877567e-01 6.508362323629155455e-01 5.478125000000000355e-01
6.359633618195572602e-01 6.464728098915926147e-01 5.596875000000000044e-01
6.233350876184879930e-01 6.402598979903638687e-01 5.715624999999999734e-01
6.128487297860267802e-01 6.349601851617255877e-01 5.834375000000000533e-01
6.220036550173356771e-01 5.923434215337067821e-01 5.834375000000000533e-01
6.057225949102911233e-01 6.313377539472717626e-01 5.953125000000000222e-01
5.920768975740107187e-01 6.244936606829185610e-01 6.071874999999999911e-01
5.228936481072645748e-01 5.428675249901632194e-01 6.071874999999999911e-01
5.906537611108128027e-01 6.237913565836514795e-01 6.190624999999999600e-01
7.768024077728139520e-01 6.934763619704793491e-01 5.413686955894878583e-01
5.832116096123788340e-01 6.198017134875167811e-01 6.309375000000000400e-01
5.961060396704892517e-01 5.795349216784237978e-01 6.309375000000000400e-01
5.785347344621175614e-01 6.173210671570049657e-01 6.428125000000000089e-01
6.000331097685465132e-01 5.815291418933434819e-01 6.428125000000000089e-01
6.214936564088614501e-01 7.301626414931243758e-01 6.546874999999999778e-01
6.658671251633608845e-01 6.545418334772824531e-01 5.702462721688950076e-01
5.812501036851960290e-01 6.634980212079037987e-01 6.665624999999999467e-01
6.415026239336499847e-01 6.297946275520177606e-01 5.903174985114766349e-01
5.920853350650580049e-01 5.288361518731051758e-01 5.329687499999999911e-01
5.559811125988116665e-01 5.124006852727042149e-01 5.389062500000000311e-01
5.691601840148576841e-01 5.185077177914162450e-01 5.448437500000000711e-01
6.872775787426306238e-01 6.090945930247296802e-01 4.895268804289352738e-01
6.108287305994518634e-01 5.373650489712858969e-01 5.567187500000000400e-01
6.829907677667050869e-01 6.073706876288641476e-01 5.014018804289352982e-01
6.843822266314351088e-01 6.079531008368560530e-01 4.655219679519208564e-01
5.551327081458246049e-01 5.122121645430617320e-01 5.745312500000000488e-01
6.006373600237032706e-01 5.326297170350662302e-01 5.804687499999999778e-01
5.559414388027196230e-01 5.123752639336235370e-01 5.864062500000000178e-01
5.960395765822528169e-01 5.668918254105141941e-01 4.811825961278044517e-01
7.664517114758520044e-01 6.618515718005408832e-01 4.989464079900498561e-01
6.846651863123927040e-01 6.080000297167602596e-01 4.841934470438257199e-01
4.593055324182942489e-01 4.654129235905274942e-01 6.101562499999999556e-01
5.730785853937443441e-01 5.557242620420904666e-01 5.548393804289353248e-01
8.421380189099323399e-01 7.166627245669303647e-01 4.765274225454947388e-01
8.410315129532452971e-01 7.163836752319672208e-01 4.944973791036238464e-01
6.470169372561561660e-01 5.901005111950953230e-01 5.270402123317161625e-01
6.658849118850391768e-01 6.159698437706556673e-01 5.395477523282423693e-01
6.649260994095671506e-01 6.152263860005278140e-01 5.396894532408030853e-01
6.604727272033721341e-01 6.132295606011987088e-01 5.491788068979919224e-01
6.603886701336350029e-01 6.129310320719925098e-01 5.561688654982972491e-01
5.932239599882235259e-01 7.134913551500626783e-01 6.635937499999999822e-01
6.909407951209156629e-01 6.264970979630362091e-01 5.577223728048907869e-01
5.916805109073265401e-01 6.434098441688768100e-01 6.102814242991775329e-01
6.124630354850389979e-01 6.544784562572416586e-01 6.028469026508170847e-01
4.995159238825781500e-01 5.577665302682581761e-01 6.250000000000000000e-01
4.988402683296119244e-01 5.655145612088352536e-01 5.809136031505129916e-01
4.628190433493991063e-01 5.096609045877091848e-01 6.250000000000000000e-01
5.314427752190071796e-01 5.699442334065620841e-01 5.335306831173319830e-01
5.748872116617641526e-01 5.757973593203453699e-01 5.345364320812273640e-01
5.561000014193058227e-01 5.639253758889789525e-01 5.404369925542361619e-01
5.690364517061313743e-01 5.822538931971414922e-01 5.334933041005957000e-01
5.612260950274348126e-01 5.614959157213788021e-01 5.325888396339435449e-01
5.629941175638588646e-01 5.726594847881333328e-01 5.306371556127533751e-01
5.509738046156704705e-01 5.491477686668240210e-01 5.524286114949636950e-01
6.446439161111671146e-01 6.280917140672658272e-01 4.793053001123794843e-01
5.029642318338573004e-01 4.988632080981116323e-01 5.300000000000000266e-01
5.429345236508809069e-01 5.672960758393446046e-01 5.300000000000000266e-01
5.246049029342657599e-01 5.409592913894588628e-01 5.300000000000000266e-01
5.187317267931297327e-01 5.152655627639594060e-01 5.300000000000000266e-01
5.036803338373795347e-01 5.019752250503128899e-01 5.300000000000000266e-01
5.089514611807107736e-01 4.991499016945417644e-01 5.300000000000000266e-01
5.098532830827798845e-01 4.938600835081723428e-01 5.300000000000000266e-01
5.606385314595853098e-01 6.611355051531638827e-01 5.813943243548146400e-01
5.385938162547672103e-01 6.189486334137039858e-01 6.354506550557728062e-01
5.129584879465133307e-01 6.006684436526832371e-01 6.115995141886365616e-01
5.135410100791716337e-01 5.975549091186782569e-01 6.248494235417610954e-01
4.919340614719104332e-01 5.891883404730510199e-01 5.786813336625614701e-01
6.154563347936183870e-01 6.741830122053804608e-01 5.344743069947516245e-01
6.396943357238986660e-01 6.791489434582559381e-01 5.126954569402475403e-01
6.552370151632980200e-01 6.843062632873977424e-01 5.117863723239047813e-01
6.447336181180546300e-01 6.535074163275975678e-01 5.416530599763142995e-01
7.694501056261332517e-01 7.357304293888141666e-01 5.100689894598481322e-01
5.215285472811309608e-01 5.586785235012999840e-01 5.775000000000000133e-01
5.393036749310662348e-01 5.454460475748744708e-01 5.775000000000000133e-01
5.435290664071174005e-01 5.660019982040014330e-01 4.887736936134602916e-01
4.869103887865265379e-01 5.264840918191737718e-01 4.742171263458723196e-01
5.266680589491590236e-01 5.047764351974566299e-01 5.775000000000000133e-01
5.433887623603596007e-01 6.166224848366886890e-01 6.118011347591620908e-01
5.678505607498468555e-01 6.302184608105830810e-01 5.756245138591720156e-01
5.979809161400075901e-01 6.480779282963242682e-01 5.253469210224671615e-01
6.486704159064022868e-01 6.610920932223335322e-01 4.990849670048645992e-01
7.022412564285256398e-01 7.041608486139967482e-01 4.447964700047074560e-01
5.269344123405700353e-01 5.338715395060725788e-01 5.537499999999999645e-01
5.498975250792947911e-01 5.212826796593269529e-01 5.537499999999999645e-01
5.098515928559704813e-01 5.686261992006333976e-01 6.012500000000000622e-01
4.529389701615198494e-01 5.156195650832041677e-01 6.012500000000000622e-01
5.410117335011433992e-01 5.691594603911123151e-01 5.285354673244424539e-01
7.607277337561455521e-01 6.698500182385580537e-01 5.066673266020027544e-01
5.125575781515511187e-01 5.813939476606267975e-01 5.742574929211927692e-01
5.843145707813693912e-01 6.044525682950349088e-01 5.734358449087757492e-01
6.652213564843676430e-01 6.261603416877976613e-01 5.495977317092012315e-01
5.731576342715906103e-01 6.504044128064488950e-01 5.738338449348879822e-01
6.713603718784477703e-01 6.916534984316502488e-01 4.725147765354361096e-01
5.439428993986231697e-01 5.534544252996794755e-01 5.418749999999999956e-01
5.520363225133920748e-01 5.342654237792971994e-01 5.418749999999999956e-01
4.731426559592555314e-01 4.949010957346878237e-01 5.656250000000000444e-01
5.370372986128700843e-01 5.726884195558857860e-01 5.893749999999999822e-01
4.168702039416503635e-01 4.646268306612063026e-01 5.893749999999999822e-01
5.502833245717350108e-01 5.799287993212155490e-01 6.131250000000000311e-01
5.550273261106625222e-01 5.667564410967236288e-01 5.167694802258927522e-01
4.824269411715556566e-01 5.429720731095474262e-01 6.368749999999999689e-01
6.185813183762666201e-01 6.303846576373524080e-01 5.045642098602672876e-01
6.237490103701699429e-01 6.328131750553862567e-01 5.252454963967174706e-01
5.730191804981703552e-01 6.062888823806004135e-01 5.687921650329527123e-01
5.935554384838327424e-01 6.357940087166285004e-01 5.398695346571423803e-01
5.489030677657771307e-01 6.011740000973301301e-01 5.478125000000000355e-01
5.280868296715949262e-01 5.897384632089670564e-01 5.715624999999999734e-01
5.255533673173968801e-01 5.883077862804348968e-01 5.834375000000000533e-01
6.759847175040454292e-01 6.461653678206972229e-01 5.355825237726057342e-01
5.099313169184964689e-01 5.796353364740122194e-01 5.953125000000000222e-01
5.098699212646250478e-01 5.789871762792364596e-01 6.071874999999999911e-01
4.223636001158706521e-01 4.881904124535764722e-01 6.071874999999999911e-01
4.979757782048692127e-01 5.730093827591223876e-01 6.190624999999999600e-01
7.922376365280715538e-01 7.309319049719044115e-01 5.084954690200965688e-01
5.593073009688021013e-01 6.001351978432819534e-01 5.471599899714664206e-01
5.641278712014069496e-01 6.168431951232162813e-01 5.218999932463318503e-01
5.996462038954482043e-01 6.360285130174752055e-01 5.509375347359999342e-01
5.187666746151252672e-01 6.669204730037817663e-01 6.665624999999999467e-01
5.975044652390135713e-01 6.348477164982578858e-01 5.590990855352516720e-01
5.646271999695700039e-01 5.521797209404160078e-01 4.594650139937777045e-01
4.970922672045689494e-01 4.843956605243155966e-01 5.567187500000000400e-01
5.420482184729317199e-01 5.409773081807642825e-01 4.680528627282168341e-01
5.743455646504350698e-01 5.569812923363671731e-01 4.771970501494650074e-01
5.401231975987097478e-01 5.052113636896848892e-01 5.745312500000000488e-01
6.952169308867569564e-01 6.514739903089256101e-01 4.444238173151370819e-01
5.403233363007641232e-01 5.401172961962065200e-01 4.784320193514012831e-01
4.398605459824223018e-01 4.558379882462181287e-01 5.923437500000000577e-01
7.244393337951791079e-01 6.648505451805550859e-01 4.742290802671411676e-01
6.513866344805894215e-01 6.300955147963446246e-01 4.541415417462563164e-01
4.559581530971884011e-01 4.956019624426125092e-01 5.047803290342843807e-01
4.922324569357225954e-01 5.154837071359684719e-01 5.412969745710601854e-01
7.932234533174866709e-01 7.203732297042027000e-01 4.351046201039898698e-01
6.775520014509347488e-01 6.428843644368128496e-01 4.909904050024085920e-01
6.515957196572493837e-01 6.519169093021701666e-01 4.590345254064245317e-01
5.216733446345995784e-01 6.690913493705548110e-01 6.517187500000000133e-01
5.330516625783996432e-01 5.518044681316541800e-01 5.386533781114839492e-01
6.152147640100493753e-01 6.122435379875029726e-01 5.319667872969615630e-01
4.817667654127219534e-01 5.634302847321233099e-01 6.502343750000000311e-01
5.096984157873273302e-01 5.972168668240794842e-01 6.018020314106085067e-01
6.547565554508143482e-01 6.335774447964804823e-01 5.763075616886262909e-01
6.283883058492251150e-01 6.157089700874535110e-01 5.746326375206675108e-01
5.850603930677267250e-01 5.889936093188844479e-01 5.367950112035566601e-01
5.858305651025564886e-01 5.848675108182271876e-01 5.397167614957628645e-01
5.783111958367926908e-01 5.441211737489353162e-01 6.250000000000000000e-01
6.551054255285148065e-01 6.080833535157761371e-01 5.191570170797871198e-01
7.219979829680204242e-01 6.694821811964513092e-01 4.795500020893307958e-01
7.060246409728790917e-01 6.576749942035886587e-01 4.861709721243325788e-01
6.222192991363308945e-01 6.100646208753447430e-01 5.300000000000000266e-01
6.071853930106162478e-01 5.787607367094207422e-01 5.300000000000000266e-01
5.747916326632143136e-01 5.513023023956828972e-01 5.300000000000000266e-01
6.000413235855862615e-01 5.512055841108346455e-01 5.300000000000000266e-01
6.668552610500674271e-01 6.055263691642800428e-01 4.260433713414327750e-01
5.942159449344114330e-01 6.483363496955995009e-01 6.201403583897256988e-01
7.738786260860028854e-01 7.565148262253216238e-01 5.516039955504914438e-01
6.510333933731925482e-01 6.683858738356021068e-01 5.540223293667672078e-01
6.458984822087610045e-01 6.589779052678056415e-01 5.498445747094832248e-01
7.958745045165163123e-01 7.234449259259247977e-01 5.630842997349025936e-01
5.272299194018793544e-01 5.338901568644560669e-01 5.775000000000000133e-01
5.436446088781272667e-01 5.186620965547510398e-01 5.775000000000000133e-01
6.189205655895909652e-01 6.375498572391268270e-01 5.489950515218442462e-01
6.328394344318282183e-01 6.102763346626836061e-01 5.881863161625856540e-01
5.990408744712686362e-01 6.045535396093892899e-01 5.537499999999999645e-01
5.339835457069970204e-01 5.256037011172053353e-01 5.537499999999999645e-01
5.759803699994352488e-01 5.931951188833830546e-01 6.012500000000000622e-01
6.282527904719492629e-01 6.032140374361234514e-01 5.081348431675130062e-01
5.438464179502949802e-01 5.763815153360326571e-01 6.487499999999999378e-01
6.760130046041012974e-01 6.586720790771474210e-01 5.290173480046116428e-01
6.284957899544026949e-01 6.666349064124420520e-01 5.962906808082453214e-01
6.571491844182889563e-01 6.488613051086274952e-01 5.684551426463269053e-01
6.164994943552583040e-01 6.366823747012542167e-01 5.418749999999999956e-01
6.018608946572897578e-01 6.293158672653308416e-01 5.656250000000000444e-01
5.866856283976921160e-01 6.216953195924118658e-01 5.893749999999999822e-01
5.251027371639259700e-01 5.442061127369897111e-01 5.893749999999999822e-01
5.667105424837621808e-01 6.108849636699432706e-01 6.131250000000000311e-01
6.489349722603290349e-01 6.335441680455073943e-01 5.238934153307478470e-01
5.494969828905283959e-01 6.017723916023651753e-01 6.368749999999999689e-01
5.906289274154414848e-01 6.042470245927860084e-01 5.660117128247086349e-01
5.766495164899225756e-01 5.973757151809584443e-01 5.773493560132120228e-01
6.026944020073451425e-01 6.368848601079570848e-01 5.764754357581430844e-01
6.497253623776897413e-01 6.615732305798124324e-01 5.925049374889550524e-01
6.582221923964132193e-01 5.964043911291955213e-01 4.324481703308066249e-01
5.525052399045465856e-01 5.109770911529308846e-01 5.478125000000000355e-01
5.346677157813712888e-01 5.020814461847975529e-01 5.596875000000000044e-01
5.670684745944517546e-01 5.174759897586757029e-01 5.715624999999999734e-01
6.027802354434690368e-01 5.703971043183659884e-01 4.916692062361441851e-01
6.089347725619689289e-01 5.732039644785035248e-01 4.873641224157889695e-01
7.520932598022588289e-01 6.766538408842597274e-01 4.686778645620813810e-01
6.322584333273002510e-01 5.997270582380800352e-01 5.162284815120707915e-01
6.200154513364615205e-01 5.943168417136855952e-01 5.272491740243369085e-01
6.431578931046603165e-01 6.052070305889134527e-01 5.370174764688853131e-01
5.354889557248014853e-01 5.938667167890223642e-01 6.546874999999999778e-01
6.522759112180135377e-01 6.095255369170848869e-01 5.505685174799851422e-01
5.728586945527247565e-01 6.329730467282190798e-01 6.321069171162760902e-01
6.602563217105046345e-01 6.333954236247467673e-01 5.217147152134000709e-01
5.605766247957657544e-01 6.938635421537701076e-01 6.784375000000000266e-01
7.466893128912329702e-01 6.969198025743423841e-01 5.047988479874633283e-01
5.739238915132220953e-01 7.019620371685727500e-01 6.903124999999999956e-01
7.177853558433816561e-01 6.836364934440922747e-01 5.211326319554169251e-01
5.736589925238033683e-01 6.334200369186910873e-01 6.222039817110128768e-01
5.461247331242878866e-01 5.998415348456377361e-01 6.932812499999999600e-01
5.234941314766331510e-01 5.319634467424279034e-01 6.250000000000000000e-01
5.843644471668375528e-01 5.718236850199777122e-01 5.543062274966763514e-01
5.663804473059720346e-01 6.084371526201549640e-01 5.830072583604615222e-01
5.440352625527097308e-01 5.917804232940834241e-01 5.536782416194059309e-01
4.913808507044109541e-01 5.237971961317121616e-01 6.250000000000000000e-01
6.450866114430144904e-01 6.375436156896685524e-01 4.965144900588686072e-01
6.123615867052369932e-01 5.985447649956372462e-01 5.348676084450573187e-01
6.149301441742802687e-01 5.955519577375492091e-01 5.233598815410757110e-01
5.489656850425681522e-01 5.731826111950540925e-01 5.300000000000000266e-01
5.678905492245941433e-01 5.237819931716762856e-01 5.300000000000000266e-01
5.744103888884301012e-01 6.625925130211399727e-01 5.688776584006195458e-01
5.565862703240280762e-01 6.163501566176995405e-01 6.238916271937985369e-01
5.841697267901259094e-01 6.405069168292137904e-01 5.596396953309208389e-01
5.807043035635252037e-01 6.320783436606651762e-01 5.724343101243711818e-01
6.655792259008652678e-01 6.905521860068691842e-01 5.232397899686390685e-01
6.012839242024061726e-01 6.089420437902717254e-01 5.998248840238290525e-01
5.313832247252597840e-01 5.590709041434028803e-01 5.775000000000000133e-01
5.657524070020242268e-01 5.820784721405801720e-01 5.262951754366881341e-01
5.470975071239400078e-01 5.204272337539643800e-01 5.775000000000000133e-01
5.147771349876674174e-01 5.714587785395716102e-01 6.724999999999999867e-01
5.629627239443996123e-01 6.236679255380942477e-01 5.670913776513463178e-01
5.719008739173828682e-01 6.131411597064486685e-01 5.493725364215233942e-01
6.229549847085152914e-01 6.241824391873533884e-01 5.296737765892853833e-01
5.342344478120494289e-01 5.488170014821125431e-01 5.537499999999999645e-01
4.989328941663624950e-01 5.081699729814681543e-01 5.537499999999999645e-01
5.644665302858417055e-01 5.871094602037224552e-01 6.012500000000000622e-01
6.094152439313301750e-01 5.940176907420461339e-01 5.397200470889124135e-01
5.727082293110505873e-01 6.141803090590066683e-01 5.788678756246844470e-01
6.259792523416836119e-01 6.338743883487867325e-01 5.336241947723558976e-01
6.168763494183044926e-01 6.479746458608744986e-01 5.355855287835903367e-01
5.698337358242737682e-01 6.126184134850523044e-01 5.418749999999999956e-01
5.551940655887239728e-01 6.046320464052977739e-01 5.656250000000000444e-01
5.665738164929217113e-01 5.918974275931008222e-01 5.052850752132608259e-01
5.175407823186627398e-01 5.834858528855760840e-01 6.131250000000000311e-01
6.285161282279096984e-01 6.236673137410446710e-01 5.198280709176397174e-01
5.442988340518462032e-01 6.837049535617396590e-01 6.368749999999999689e-01
5.214223608664715348e-01 5.679236612213909297e-01 5.890200237726056498e-01
5.754398158200779712e-01 6.088029211914248728e-01 5.770117381475913243e-01
5.447265609744919024e-01 6.253828525926398152e-01 6.195751569713454643e-01
5.088435284127640346e-01 4.903220320307580815e-01 5.359375000000000666e-01
5.086349826612361902e-01 4.901735900905562215e-01 5.478125000000000355e-01
5.390976782731882189e-01 5.046049207118088464e-01 5.715624999999999734e-01
5.504786506741933261e-01 5.101485856381346995e-01 5.834375000000000533e-01
5.890617962244069084e-01 5.638761244255913185e-01 5.340581304289353515e-01
6.698961666732085041e-01 6.388470578963473256e-01 4.522957824483079259e-01
6.152142310953119253e-01 5.765260304933982338e-01 5.467362970109531650e-01
5.589203928687964673e-01 5.491856052431055568e-01 5.465390051002143590e-01
5.290744297126332985e-01 5.341746735897868748e-01 5.414974513747907725e-01
6.071506771308063932e-01 5.886857230475468494e-01 5.536662277700592494e-01
5.258675847386861113e-01 5.882888050997160390e-01 6.665624999999999467e-01
6.490810860387756787e-01 6.283682563526401532e-01 5.297206678781838374e-01
5.498454205892621127e-01 5.510368398114101618e-01 6.250000000000000000e-01
6.218089929137273764e-01 5.946963723050947559e-01 5.687704029328116695e-01
7.741848397204265098e-01 6.911914198447687285e-01 4.777211571675178403e-01
5.915951178113221243e-01 5.651855210633150994e-01 5.300000000000000266e-01
5.699407959573606908e-01 5.308926181331118377e-01 5.300000000000000266e-01
5.678983392245301465e-01 6.298772229349163254e-01 6.526110477928280806e-01
6.397106462513887370e-01 6.800497136802160503e-01 5.982842071021443608e-01
6.680341271790896096e-01 6.807221121539337449e-01 5.835762273726767813e-01
7.057371984191866954e-01 6.846524712748913721e-01 5.435595637611515540e-01
6.052402375029046766e-01 6.079825409936583380e-01 5.775000000000000133e-01
5.954578860643935379e-01 5.868383339690401712e-01 4.726914449022482367e-01
6.462133837132802983e-01 6.633698331815522931e-01 5.976245715111967449e-01
6.120080540832424365e-01 6.094962577384833713e-01 5.769593568818782714e-01
6.190445208048024339e-01 6.379712641744563761e-01 5.537499999999999645e-01
6.011928470027654292e-01 5.821074687766152334e-01 5.537499999999999645e-01
5.877900665377772116e-01 6.222698720268191597e-01 6.012500000000000622e-01
5.422580640922644024e-01 5.529015098295968489e-01 6.012500000000000622e-01
6.022100201939215580e-01 6.103607682271003920e-01 5.567990465740644268e-01
6.959135751904045319e-01 7.024704190144813731e-01 5.556281849838897724e-01
6.356950864610798613e-01 5.855669453749215991e-01 4.628553466291245866e-01
5.966629853402998229e-01 5.669069088085719743e-01 4.886564034934066658e-01
6.819240012480057844e-01 6.228864945974899037e-01 5.471123093351552003e-01
7.065159047148446003e-01 6.776064001947802451e-01 5.111058299300591523e-01
5.750177332598567226e-01 6.154491185095769534e-01 6.784375000000000266e-01
5.741112369061082132e-01 6.336357895510164040e-01 6.558569171162761391e-01
5.261525758540903652e-01 5.671087481988238421e-01 6.250000000000000000e-01
6.411086738077161895e-01 6.246224797162526210e-01 5.754700996046469008e-01
5.887134698573955882e-01 5.788289421842942595e-01 5.141729151085457916e-01
7.387949102366612175e-01 6.756591911194562705e-01 4.830123312673506031e-01
5.995067392662681849e-01 5.692755025238902533e-01 5.300000000000000266e-01
6.962629617815362382e-01 6.953182366072389042e-01 5.625660284231764896e-01
5.722183642804434811e-01 5.911317732793909263e-01 5.775000000000000133e-01
5.077268098481315661e-01 5.126676166384677158e-01 5.775000000000000133e-01
5.947711801952721977e-01 6.260123887766092521e-01 6.259177830255290287e-01
6.135461382783647943e-01 6.098601398016441077e-01 5.867988515241987502e-01
5.995226032667176908e-01 6.281084559011261836e-01 5.537499999999999645e-01
5.894565933973061611e-01 5.765148641875733615e-01 5.537499999999999645e-01
5.631931381490429267e-01 6.089553055069704124e-01 6.012500000000000622e-01
6.655076774134193185e-01 6.417718745899676502e-01 5.300675815275669445e-01
5.317399576818192530e-01 5.917894681132379597e-01 6.487499999999999378e-01
5.699368951169905273e-01 5.667366568687124406e-01 6.487499999999999378e-01
5.111341158526365724e-01 5.803764820063250784e-01 6.962500000000000355e-01
7.278583227808443912e-01 7.372080358939047118e-01 5.089218141489559866e-01
5.870189029063080932e-01 5.267022051275281891e-01 5.418749999999999956e-01
6.016702012103402053e-01 5.702319414351955107e-01 5.043706304289353737e-01
5.501682256218544120e-01 5.099913500751251938e-01 5.893749999999999822e-01
8.318257466486321805e-01 7.124917844416529533e-01 4.697724835078241346e-01
7.036076982986830819e-01 6.544544097779626535e-01 5.136472375760735565e-01
6.319746828994340371e-01 5.997317152549025421e-01 5.617946871247213592e-01
6.653996458197438679e-01 6.351632407354061982e-01 5.406343177893383478e-01
5.215144405625303792e-01 5.863013829786509756e-01 6.784375000000000266e-01
5.430862520798899196e-01 6.163976157594202032e-01 6.281829427520447817e-01
5.649573645835639368e-01 6.098613512604751374e-01 5.511970811755655397e-01
5.649561904896786002e-01 5.226707434826508569e-01 6.250000000000000000e-01
5.515999075253685824e-01 5.688720646927343250e-01 5.300000000000000266e-01
5.937331970254201563e-01 6.553349348287177412e-01 5.958094228597544673e-01
5.309565681751068356e-01 5.470775993828276285e-01 5.775000000000000133e-01
5.000374423014846137e-01 5.087373434145661122e-01 5.775000000000000133e-01
5.723931476404909846e-01 6.140066185099601892e-01 5.537499999999999645e-01
5.400263164889915757e-01 5.965072146379908347e-01 6.012500000000000622e-01
6.826653395548086811e-01 6.499128216959694226e-01 5.361053004736074934e-01
6.455052563851881864e-01 6.445588826514732084e-01 5.610507784212895865e-01
6.397361250569826296e-01 6.737257788191683971e-01 5.523913333839756135e-01
5.122765440333508780e-01 4.920272439143190679e-01 5.418749999999999956e-01
4.733870231463955802e-01 4.729799453258917707e-01 5.656250000000000444e-01
5.941830713249430795e-01 5.297418306419291456e-01 5.893749999999999822e-01
8.722533843354908223e-01 7.296192419814510055e-01 4.874515251631444945e-01
6.153909660970274809e-01 6.119241277020431857e-01 5.374188395486404479e-01
5.182768844510082795e-01 5.006657024602244599e-01 6.250000000000000000e-01
5.303213199644745135e-01 5.123913812332824280e-01 5.300000000000000266e-01
5.775588964618848520e-01 6.465536273548704305e-01 5.814392234723525510e-01
7.181758618357475532e-01 7.154078280377308419e-01 5.147635943351569487e-01
5.222555119552543257e-01 5.644854189373764708e-01 5.775000000000000133e-01
4.520696245890007403e-01 4.838092685642864654e-01 5.775000000000000133e-01
5.657904626398722048e-01 6.329401109346471932e-01 5.711917719676711247e-01
5.775966912939507480e-01 6.087899000683952844e-01 5.447561117498227468e-01
5.355778929945786970e-01 5.754396512162981425e-01 5.533950237726057431e-01
5.267236277550961798e-01 5.447917849456563877e-01 6.487499999999999378e-01
5.731492924513001963e-01 6.217344365118872007e-01 5.885217041963987095e-01
4.842234097340825660e-01 4.781814945719412568e-01 5.418749999999999956e-01
4.927380141142166936e-01 5.157899821568111554e-01 5.043706304289353737e-01
5.130004763282962621e-01 5.264276257563685890e-01 4.949149602478855048e-01
6.234542769757598357e-01 6.375668015108080233e-01 4.932727379640123311e-01
6.974355096965932921e-01 6.595152786505307230e-01 5.387313253932864976e-01
6.777738294070543290e-01 6.313406650219490768e-01 5.239874493361568186e-01
5.973229274823053103e-01 5.559629741750418130e-01 5.300000000000000266e-01
5.549851430937351449e-01 6.904532454489052951e-01 7.199999999999999734e-01
5.517083193790583984e-01 6.123727368673315130e-01 6.457837552258297587e-01
7.059044541145531593e-01 6.913441555871775446e-01 5.750975847698044374e-01
6.116533867075948372e-01 6.343232088782682077e-01 5.775000000000000133e-01
6.239016000490408276e-01 5.931644306688304003e-01 5.775000000000000133e-01
5.814351301378172243e-01 6.636589195551144682e-01 6.724999999999999867e-01
6.792058108769198910e-01 6.763626707858083620e-01 5.611772072009968415e-01
7.507074324857094805e-01 6.367659256126895206e-01 4.924956304289352382e-01
6.860029116295478513e-01 6.082067442175205230e-01 5.173547870757712053e-01
5.757366827314401858e-01 6.158702430453021348e-01 6.487499999999999378e-01
6.455131498210872065e-01 6.059020808434433247e-01 5.459590760581157776e-01
6.124127281427308445e-01 6.632368138441439021e-01 6.350666458990380514e-01
7.215780818294831311e-01 6.611303263419529008e-01 5.373180188268037449e-01
6.010012565959897968e-01 5.576361226099806334e-01 5.300000000000000266e-01
6.718161550735018972e-01 6.757520844861933940e-01 5.736017244049135266e-01
6.008324856945385095e-01 6.287991175898922647e-01 5.775000000000000133e-01
5.266054821637941030e-01 5.447572232730146791e-01 5.775000000000000133e-01
5.415669009455602589e-01 5.784595973028693328e-01 6.073605910841098909e-01
5.136716830979802806e-01 4.926423062776343897e-01 5.537499999999999645e-01
6.087418184639462604e-01 5.734021799898560978e-01 4.979591394862553644e-01
6.833469535303218212e-01 6.440477123429234618e-01 5.113237562830252880e-01
6.975506799093067478e-01 6.501564092837072151e-01 5.463327580773212899e-01
5.514478463648850859e-01 5.914696963631397297e-01 6.250000000000000000e-01
5.302815632328619078e-01 5.581119056597668715e-01 6.250000000000000000e-01
5.908586151868238101e-01 5.945973413982351685e-01 5.275684076821152146e-01
6.289660411470971990e-01 6.195362038409439887e-01 5.300000000000000266e-01
5.681246141002364025e-01 5.423306686136187826e-01 5.300000000000000266e-01
6.178196786521652495e-01 6.611051668070461185e-01 6.375850966838378930e-01
6.873246774604804266e-01 6.831856801600540985e-01 5.640385354805927953e-01
5.822287210809106162e-01 6.192498266123579453e-01 5.775000000000000133e-01
5.190552293937482631e-01 5.408789919809257052e-01 5.775000000000000133e-01
5.667423406115039697e-01 6.035311826614642161e-01 5.906684105511160743e-01
5.279215376709135432e-01 4.991891014324861264e-01 5.537499999999999645e-01
6.673377868467949003e-01 6.003854744145420419e-01 5.080968984990628101e-01
6.554113339602174459e-01 6.314620048742707326e-01 5.114611753424027629e-01
5.498301242676860712e-01 6.871552905281143042e-01 6.962500000000000355e-01
6.404709668560610858e-01 6.243370023286790582e-01 5.666213405116139468e-01
5.683426293017939113e-01 5.542907309492529633e-01 6.250000000000000000e-01
5.804033014650624711e-01 5.482128940881142443e-01 5.300000000000000266e-01
5.131101047785324720e-01 6.638584713470321308e-01 7.199999999999999734e-01
6.927576294984120198e-01 7.076609922551109211e-01 5.235843222360141436e-01
5.693550311409746323e-01 6.123312341405668935e-01 5.775000000000000133e-01
5.334360205549535383e-01 6.356679048219078254e-01 6.724999999999999867e-01
6.596139601923129980e-01 6.515462653441236318e-01 5.881297810597120312e-01
5.937285478335748712e-01 5.297482115929609270e-01 5.537499999999999645e-01
5.904009004543058214e-01 5.647556569725862285e-01 5.019640709538437662e-01
5.377969702961109544e-01 5.860154937809468612e-01 5.373267964850038103e-01
5.773128234624091970e-01 5.936531728979291822e-01 5.300000000000000266e-01
5.551300802780403387e-01 5.360768749646569464e-01 5.300000000000000266e-01
5.237183556274414009e-01 5.432302977551112244e-01 5.775000000000000133e-01
5.970329592900025517e-01 6.196271847204805061e-01 5.832090595647466680e-01
5.400268356395609981e-01 5.050734858449137388e-01 5.537499999999999645e-01
6.764586797958002107e-01 6.217468101804192182e-01 4.897758498506136760e-01
6.252247425215881060e-01 5.976680952271142822e-01 5.447385132572614141e-01
6.492960260521862814e-01 6.286635590414613173e-01 5.592030807013965710e-01
6.008624130564537147e-01 6.194743027139308911e-01 5.804948721085232410e-01
5.632680148331613568e-01 6.446718175794289296e-01 6.118047269169885061e-01
6.205016910877720893e-01 6.696942685757593106e-01 5.067511614979537393e-01
6.517508534417046917e-01 6.797633346484780459e-01 5.291232322864897197e-01
6.260483478609528696e-01 5.813767866096287706e-01 4.573648014982746313e-01
6.726536591378367014e-01 6.192355432183183073e-01 4.959479280280741920e-01
5.444189709125824006e-01 5.424121677659321517e-01 6.250000000000000000e-01
5.795102558018228045e-01 5.695440999612741972e-01 5.542283235094594973e-01
5.621014889752817822e-01 5.857907506643961204e-01 5.300000000000000266e-01
5.604002858513743579e-01 5.384179062689283812e-01 5.300000000000000266e-01
5.886403726810628401e-01 6.590750789709103330e-01 5.894649535066633916e-01
6.206299148077334404e-01 6.502340914504605163e-01 5.703516479076382595e-01
5.212671711664308427e-01 5.422997684100844262e-01 5.775000000000000133e-01
5.787460457837989569e-01 6.247652844771071079e-01 5.750402663224227773e-01
5.260995587093476589e-01 5.885567949705200474e-01 5.775000000000000133e-01
5.232663342224738168e-01 6.049091119575877862e-01 6.145580470875582346e-01
5.747793531196284667e-01 6.223155000252356128e-01 5.768069035581797621e-01
5.108131351693725453e-01 4.913128125174018312e-01 5.537499999999999645e-01
5.388157767448304991e-01 5.045837833212379886e-01 6.012500000000000622e-01
5.536074716781438365e-01 5.805091286074695045e-01 5.087433952988811292e-01
6.274325122943145150e-01 6.397514141885836114e-01 5.121846980723855358e-01
5.472698870228170920e-01 5.781326515007313427e-01 6.250000000000000000e-01
6.257813405131009699e-01 6.012162340453547360e-01 5.704453271007704496e-01
6.623382971245911355e-01 6.593146338084198144e-01 5.300000000000000266e-01
5.872256758789877740e-01 5.745348859919192641e-01 5.300000000000000266e-01
6.091922592659031466e-01 6.614249170094071983e-01 6.590112486839655448e-01
5.647903386721999652e-01 6.014301205186957100e-01 6.396261636386941785e-01
5.670719140553818205e-01 5.174772591907195185e-01 5.775000000000000133e-01
5.917294823375410795e-01 7.126588527287202046e-01 6.724999999999999867e-01
7.612545316423783293e-01 7.040107529024541844e-01 4.922284436124731988e-01
6.243239997802350061e-01 6.012280348070867531e-01 5.329059436310525921e-01
6.186123818825349785e-01 5.900187692294699415e-01 5.300000000000000266e-01
6.119154811969611529e-01 6.730091605756398643e-01 6.428732559833211235e-01
5.785704236847699633e-01 6.095883276344555846e-01 6.247053419752773840e-01
6.718428460580723183e-01 6.022020889393658871e-01 4.731354795710210337e-01
6.345259917136540917e-01 6.013542246612634257e-01 5.772303761069091932e-01
5.654295032505315399e-01 5.875678468848579694e-01 6.250000000000000000e-01
5.754016141637570136e-01 5.459670367270089697e-01 6.250000000000000000e-01
6.469227000070477684e-01 6.519547315052919290e-01 5.300000000000000266e-01
6.316086909436483543e-01 5.965778865507220807e-01 5.300000000000000266e-01
6.082971318257012205e-01 6.710470181760608277e-01 6.348554156111758662e-01
7.252161172089175434e-01 7.164734796394324201e-01 5.772137802535652895e-01
5.198310809150045175e-01 4.954078737774021968e-01 5.775000000000000133e-01
5.921494544508298929e-01 5.803044089794775484e-01 5.772116572922086908e-01
6.416049237250371906e-01 6.493204995001962132e-01 5.300000000000000266e-01
5.947421192551329838e-01 5.785900581022759281e-01 5.300000000000000266e-01
5.999291389948587794e-01 6.563914148550906713e-01 6.579562385041144434e-01
6.545316694100090649e-01 6.804478587773947762e-01 5.876063163388042243e-01
5.599076252026351508e-01 5.141825956770311734e-01 5.775000000000000133e-01
6.318061775233534405e-01 6.195587691623054560e-01 5.327987282912969302e-01
5.822556068036499610e-01 6.567834335010436231e-01 6.344652389527363212e-01
6.942925899690891578e-01 6.293964524287936069e-01 4.729363938300696901e-01
5.486579646308139546e-01 6.863888453649289456e-01 6.724999999999999867e-01
5.890938299999910477e-01 5.794656678427771990e-01 5.827313174227251036e-01
5.199732739486004895e-01 5.415651776654640814e-01 6.250000000000000000e-01
6.188160038118574180e-01 6.378740558516863279e-01 5.300000000000000266e-01
5.873544964967004622e-01 6.596894137460654894e-01 6.355900452818065149e-01
5.598827420320007242e-01 5.144956189331446605e-01 5.775000000000000133e-01
5.661630235209936801e-01 5.681469872689622891e-01 5.821071122311167745e-01
5.667882264094170619e-01 5.652631659933484709e-01 6.250000000000000000e-01
6.356978315316691441e-01 6.213229213652144978e-01 5.214786170552516698e-01
5.747253525894169268e-01 6.524710388812817730e-01 6.410632528207269587e-01
5.924253881955977574e-01 5.291016172368138148e-01 5.775000000000000133e-01
7.099605791048204662e-01 6.798848412934310748e-01 4.838956490786582298e-01
5.752318348288153471e-01 5.697081119506736124e-01 6.250000000000000000e-01
6.282912040786441388e-01 6.180432308076915238e-01 5.412474879988280474e-01
6.086175034940026762e-01 6.327536567355467323e-01 5.300000000000000266e-01
5.592114120389276577e-01 6.337708218226423273e-01 6.624668507087888569e-01
5.615437699573110342e-01 5.150804711909412470e-01 5.775000000000000133e-01
5.337156040596739981e-01 6.769276933856076539e-01 6.724999999999999867e-01
6.916791725294941795e-01 6.717889375208397906e-01 4.928697461710961347e-01
5.683700319585962557e-01 6.118155881468330115e-01 5.838447204444409122e-01
5.882628353606161875e-01 5.835838468453621308e-01 5.704453271007704496e-01
6.035196262982434057e-01 6.300738180981854120e-01 5.300000000000000266e-01
5.912499610153815199e-01 5.773350597382862492e-01 5.300000000000000266e-01
6.809091416604107216e-01 7.129651367329582490e-01 5.352926655342989948e-01
5.242385542212569804e-01 4.976334072428434396e-01 5.775000000000000133e-01
6.209419472080583979e-01 5.950832267515560048e-01 5.707643328126132953e-01
5.610591372967148605e-01 6.077159060409482727e-01 5.530794284347414491e-01
5.847299913349398581e-01 5.817929661116307827e-01 5.588728268166268665e-01
5.641293769975864736e-01 5.638424033573322669e-01 5.300000000000000266e-01
6.012456376053991747e-01 6.367016180492520716e-01 6.105738785529689627e-01
5.875524407936209004e-01 5.790515568759904141e-01 5.736902119581940296e-01
5.500974236713752630e-01 5.798566575014832969e-01 6.250000000000000000e-01
6.303198160043295140e-01 6.185699248263110128e-01 5.394494299747436550e-01
5.460938143725398985e-01 5.547928343651060690e-01 5.300000000000000266e-01
5.914592528417095263e-01 6.476244626493280476e-01 5.752907990255619053e-01
6.092207684626526065e-01 6.743773996187703013e-01 5.527870269639159062e-01
5.805666596939215163e-01 5.801932907102285153e-01 5.516139815970781957e-01
6.086479817006855697e-01 6.571096274841262685e-01 5.805385248258895237e-01
5.852586146288746294e-01 6.019390893214423555e-01 5.472748530727652438e-01
5.661482794109979899e-01 5.413169073682653210e-01 6.250000000000000000e-01
5.746583048890389067e-01 6.151935892711448695e-01 5.300000000000000266e-01
5.509310919791530203e-01 6.499254205075052360e-01 6.264241417108444843e-01
6.089207572509905964e-01 6.574333124910130000e-01 5.860074514175973581e-01
5.745164370973836476e-01 5.571432722002978011e-01 4.886424078291729534e-01
6.185903674996241497e-01 6.137593423797885750e-01 5.363540337899124211e-01
4.828010533845946139e-01 5.430859796108467030e-01 6.250000000000000000e-01
4.948954744274777773e-01 5.062726593913773332e-01 6.250000000000000000e-01
5.358893298203789568e-01 5.496623023118758500e-01 5.300000000000000266e-01
5.274449671083903946e-01 6.251372369971719412e-01 6.371337851551788223e-01
5.559696611897712026e-01 6.279783192478756160e-01 5.935273319227838407e-01
5.243863069330867432e-01 4.979674879447583691e-01 5.775000000000000133e-01
5.917055902951844359e-01 6.000445382769440394e-01 5.341746286574623470e-01
4.800647835497141025e-01 5.414365988604650237e-01 6.250000000000000000e-01
4.741037317339212298e-01 4.954008214150486533e-01 6.250000000000000000e-01
5.464482974460287412e-01 5.548105061807755423e-01 5.300000000000000266e-01
5.317891944384299796e-01 5.988628649749651034e-01 6.016605658569302850e-01
5.709962623560362882e-01 5.557380125527526804e-01 5.162456304289353426e-01
6.000774788137984705e-01 6.255481632995506525e-01 4.780683416508820782e-01
5.837595651984398559e-01 6.199925913026734792e-01 6.250000000000000000e-01
5.244814568563813673e-01 5.437913004150239926e-01 6.250000000000000000e-01
5.315739537287053063e-01 5.004383438592366895e-01 5.300000000000000266e-01
7.096793737805520141e-01 6.550743632973184960e-01 5.617378051569150710e-01
5.845299306955642482e-01 6.394290203145027718e-01 6.142039637046811107e-01
5.777451333513896614e-01 6.168123846740115601e-01 6.250000000000000000e-01
6.380515721934569839e-01 6.281251362234324676e-01 5.334884380150890504e-01
5.868057108481453676e-01 5.263702073773707246e-01 5.300000000000000266e-01
6.893103119926683453e-01 6.464718128128785768e-01 5.905371758414890149e-01
6.040859765118384850e-01 6.499433747671071737e-01 6.107895681575329361e-01
5.780570789081993510e-01 6.170126908998412318e-01 6.250000000000000000e-01
6.071953267659839781e-01 5.356366770082583439e-01 5.300000000000000266e-01
7.314657915985580683e-01 6.900992380031982787e-01 5.506305927001061695e-01
5.737065250081957446e-01 6.146245542834527509e-01 6.250000000000000000e-01
5.473772115724833132e-01 5.082157295784395235e-01 5.300000000000000266e-01
7.099215517814096987e-01 6.788930674566592272e-01 5.446381660737191766e-01
5.733712810317731501e-01 6.144656859669351823e-01 6.250000000000000000e-01
6.324553324409313282e-01 6.256397110199463096e-01 5.315387357377704403e-01
5.704947138797591411e-01 5.190737982192860089e-01 5.300000000000000266e-01
7.519766626611844584e-01 7.237976977160236469e-01 4.952245480919870158e-01
5.677011494851149642e-01 6.114254424798055698e-01 6.250000000000000000e-01
6.022079009925920268e-01 6.104913619004915804e-01 5.771450237726056809e-01
6.057272751418651957e-01 5.349468199256101064e-01 5.300000000000000266e-01
7.168639560230503083e-01 6.831849744406697234e-01 5.452784826760314063e-01
5.674920448548770313e-01 6.113122192549823586e-01 6.250000000000000000e-01
5.734880206080582576e-01 5.957131495892524775e-01 5.472940422793782789e-01
5.848742216268804084e-01 5.257109945493538827e-01 5.300000000000000266e-01
6.577308100647996092e-01 6.548353381099313308e-01 5.597639847839084304e-01
5.650001437955268768e-01 6.099291982130767842e-01 6.250000000000000000e-01
6.290954727146763625e-01 6.238741197955780526e-01 5.603249550279315594e-01
5.855218731717293235e-01 5.260252488159696815e-01 5.300000000000000266e-01
6.675130828508919478e-01 6.362135013914111958e-01 5.864507604745599068e-01
5.457270230163747682e-01 6.179233589660452219e-01 6.207595108477415025e-01
5.617674830882009029e-01 6.267312103820678049e-01 6.197741598338871727e-01
5.588983290696670769e-01 5.138442150449948898e-01 5.300000000000000266e-01
5.490303197453669792e-01 6.015028680084109070e-01 6.250000000000000000e-01
5.425025996273701301e-01 5.062804011208154042e-01 5.300000000000000266e-01
7.695529881385850812e-01 7.327465564225715822e-01 5.131502849646817355e-01
5.477569145211343971e-01 6.008071764157341121e-01 6.250000000000000000e-01
5.219028441254423001e-01 4.964811281359451378e-01 5.300000000000000266e-01
6.400429727768994770e-01 6.450881290644542299e-01 5.564130585468421986e-01
5.440585220647697895e-01 5.987485890823555090e-01 6.250000000000000000e-01
5.198125278030867324e-01 4.955664923190686300e-01 5.300000000000000266e-01
6.819188764699771754e-01 6.656185172315992604e-01 5.345539950107166538e-01
5.435287857810825463e-01 5.068802141087640489e-01 5.300000000000000266e-01
6.920498595281137089e-01 6.952706793667059459e-01 4.872014954778805529e-01
5.533829136288517248e-01 6.223888684675205063e-01 6.113825420665903732e-01
5.342583169976709012e-01 5.931444906606789802e-01 6.250000000000000000e-01
5.515157708172568896e-01 5.106670245449141943e-01 5.300000000000000266e-01
7.078816816570601134e-01 7.037789873794252360e-01 4.993206348393991467e-01
5.260476044370291371e-01 6.064754383564593399e-01 6.225980740003190794e-01
5.366111837523006578e-01 5.945145306538219820e-01 6.250000000000000000e-01
5.749926124976965092e-01 5.691852758541467994e-01 6.250000000000000000e-01
5.770860938124072748e-01 5.225415015883431158e-01 5.300000000000000266e-01
6.920584818390198567e-01 6.717006843403781069e-01 5.491879125291569963e-01
5.363175259921924010e-01 5.943782155420570534e-01 6.250000000000000000e-01
5.197061015725275013e-01 5.414410115016502489e-01 6.250000000000000000e-01
5.721114014906384382e-01 5.198206496961856882e-01 5.300000000000000266e-01
6.933171462944228702e-01 6.964202566403262518e-01 4.834454190049096711e-01
5.424028831158279607e-01 5.790961196010985246e-01 5.519764010204772919e-01
5.321380649430059728e-01 5.477236261921663019e-01 6.250000000000000000e-01
5.208155789705907202e-01 5.420588345744269398e-01 6.250000000000000000e-01
5.856706113924390333e-01 6.019244260492345733e-01 5.378973028379222532e-01
5.162853342854153427e-01 5.827867633851417928e-01 6.250000000000000000e-01
6.009093785663511822e-01 5.326145045516980092e-01 5.300000000000000266e-01
6.860028289994469786e-01 6.933171946429161903e-01 4.908044026635549062e-01
5.250091037045940823e-01 5.878594601125957109e-01 6.250000000000000000e-01
5.869204526969442615e-01 5.264434426963642277e-01 5.300000000000000266e-01
6.885194953243245486e-01 6.943769141467480699e-01 5.015451365315473087e-01
5.121072781420465958e-01 4.921186388712638360e-01 5.300000000000000266e-01
6.925114400933294334e-01 6.965225031737501959e-01 5.143174632419741377e-01
5.126214182712611755e-01 5.806093010610277050e-01 6.250000000000000000e-01
5.421625286682778544e-01 5.059417906768005624e-01 5.300000000000000266e-01
6.458257312078310441e-01 6.497197747564158465e-01 5.528509594233601554e-01
5.142458165936315551e-01 5.385923349865856524e-01 6.250000000000000000e-01
6.217392052542480840e-01 6.372219862549081126e-01 5.394055261680581470e-01
5.201236892741840645e-01 5.416783775965213765e-01 6.250000000000000000e-01
6.233844596168247598e-01 6.375925325363996921e-01 5.492556320260896241e-01
5.509243398146673742e-01 5.838622629206317027e-01 5.566569041236260063e-01
4.993109373475539403e-01 5.304326794309754955e-01 6.250000000000000000e-01
5.417161891195730883e-01 5.058385493505901387e-01 6.250000000000000000e-01
6.737000416389431479e-01 6.202992360041224007e-01 5.139553489682933130e-01
6.817340942536158632e-01 6.068058532744704525e-01 5.403380587006018088e-01
6.706292972110990958e-01 6.188151041207426983e-01 5.210988821893202116e-01
5.811120571363714848e-01 5.240217026075512097e-01 6.250000000000000000e-01
5.946698935250467333e-01 5.299670857225939891e-01 6.250000000000000000e-01
6.417485396662583330e-01 5.884743511406672622e-01 5.237970533469609169e-01
6.530453786706527097e-01 6.099450855183280451e-01 5.184536734278863968e-01
6.343558950691641218e-01 5.846224266696480321e-01 5.408331298629290851e-01
6.251909225998988351e-01 5.808349963709341646e-01 5.401113288142074254e-01
6.382351696010379882e-01 5.869741717681321580e-01 5.637456304289353293e-01
6.602359706938778494e-01 5.971779643560563011e-01 5.637456304289353293e-01
6.681970930269722775e-01 6.179941084380554672e-01 5.109766597165366075e-01
5.718555942496444944e-01 5.197430833402398864e-01 6.250000000000000000e-01
6.709099383708004849e-01 6.184094090643234010e-01 5.230486009714324647e-01
5.927054433293439395e-01 5.650548462587984266e-01 5.370915838050499547e-01
6.494871955973879896e-01 6.091023181060479796e-01 5.155126512137652162e-01
5.575418469860117243e-01 5.133517188353428073e-01 6.250000000000000000e-01
5.748210826483595159e-01 5.567882383206899100e-01 5.300948325771726033e-01
5.471023866576257833e-01 5.084396743254566697e-01 6.250000000000000000e-01
6.480709839907731196e-01 6.078766568843919638e-01 5.244861295040019744e-01
6.206173718210576951e-01 5.951370587107718269e-01 5.242982541234696425e-01
6.439280184222531123e-01 6.067113982740809375e-01 5.159328338098050359e-01
5.422402957401738499e-01 5.061236311182634173e-01 6.250000000000000000e-01
6.469058679764263520e-01 6.080413182461825716e-01 5.208464663121588067e-01
5.420678763522061017e-01 5.060502374003226222e-01 6.250000000000000000e-01
5.452742439080724424e-01 5.076348115744603318e-01 6.250000000000000000e-01
6.175858543373551335e-01 5.777743907303470872e-01 5.206303049749935186e-01
5.308815493216164638e-01 5.009326691690465516e-01 6.250000000000000000e-01
6.024509155810819916e-01 5.867557479414498012e-01 5.160373774639489541e-01
5.998706419448418536e-01 5.855018305870377526e-01 5.294316337361504310e-01
5.467309219297390444e-01 5.083437336685797669e-01 6.250000000000000000e-01
6.080727272432273622e-01 5.895581148307622588e-01 5.350297062704991724e-01
5.656534985251816527e-01 5.528655763690762948e-01 5.277438375672808268e-01
