5.931626950318811264e-01 6.353828452063287058e-01 5.718751563971197216e-01
5.762627354515392764e-01 6.049824280734553694e-01 5.389371296756343410e-01
5.423073875685543443e-01 5.531314057994037858e-01 6.500000000000000222e-01
5.313094645582097098e-01 5.458405990498569338e-01 6.500000000000000222e-01
5.393363132734668719e-01 5.496575694327484607e-01 6.500000000000000222e-01
5.353126388218135689e-01 5.467214846043580989e-01 6.500000000000000222e-01
5.336752406489140288e-01 5.456874357688333843e-01 6.500000000000000222e-01
6.093586395353920437e-01 6.299580387781169577e-01 5.646737808606994147e-01
6.126208733961655550e-01 6.315980036954750299e-01 5.496592765942596159e-01
5.875970868601878561e-01 6.036403504879832571e-01 5.675948756495347025e-01
5.866017428485116314e-01 6.030187687347262626e-01 5.549059232672889364e-01
6.117416327905953466e-01 6.308885796312202476e-01 5.467859664212217918e-01
6.121648065928090299e-01 6.310485410006027029e-01 5.451863575255325722e-01
5.950431092847909831e-01 6.068574565869625514e-01 5.544787596269611374e-01
6.144462379664497043e-01 6.317562657195130438e-01 5.640217727479563958e-01
5.864231072269376899e-01 6.021934223972209566e-01 5.583142997402207319e-01
5.863336236168563698e-01 6.020633576516342123e-01 5.520820935582199107e-01
5.981517059600364172e-01 6.080169606592752407e-01 5.415413016185839368e-01
6.107065956355053338e-01 6.295013041452884872e-01 5.516991597792731961e-01
6.107279331851048765e-01 6.294342820953581219e-01 5.536842119127504125e-01
5.977729010083565608e-01 6.075677401330612515e-01 5.484629014827838711e-01
5.715983112790864462e-01 5.735232035943095275e-01 5.600000000000000533e-01
5.764355788913854139e-01 5.674747357223574040e-01 5.600000000000000533e-01
5.810964225255859095e-01 5.696125190262553151e-01 5.600000000000000533e-01
5.593017177222631142e-01 5.563668562294705744e-01 5.600000000000000533e-01
5.588984613026817261e-01 5.559652390816621770e-01 5.600000000000000533e-01
5.672450907812631726e-01 5.598933445544712617e-01 5.600000000000000533e-01
5.663042872066753608e-01 5.588251081086292871e-01 5.600000000000000533e-01
5.535827779904871626e-01 5.522776385979449865e-01 5.600000000000000533e-01
5.537011664668399780e-01 5.521363825033573924e-01 5.600000000000000533e-01
5.550827180507122982e-01 5.525823114477151909e-01 5.600000000000000533e-01
5.808915589057938034e-01 5.693849901149591330e-01 5.600000000000000533e-01
5.758295662122762115e-01 5.667967737517963789e-01 5.600000000000000533e-01
6.466211269092605463e-01 6.987048859097054754e-01 5.967112527497425711e-01
6.327333338869495227e-01 6.872015277843753767e-01 5.746456323458590809e-01
6.150322297875944200e-01 6.574906915162787024e-01 6.235427343096437980e-01
6.112027185148108943e-01 6.547838202106576189e-01 6.213550414406703304e-01
6.446801808855167071e-01 6.917054215621029067e-01 5.769921134872841861e-01
6.305982856131451264e-01 6.821752378109349202e-01 5.714157317987470508e-01
6.179386189890354597e-01 6.547719872884008030e-01 5.952946445930876740e-01
6.153400452614917748e-01 6.527291844130446163e-01 6.112958669931164435e-01
6.072916704951039080e-01 6.477471757930880480e-01 6.227015857323676684e-01
6.203764988171297512e-01 6.529832018298534768e-01 6.108150675175575417e-01
6.447507617943702973e-01 6.864086947478115208e-01 5.597479533877195434e-01
6.536745885530763633e-01 6.907081340169317629e-01 5.764546362199479690e-01
6.208274108289327797e-01 6.525846397255450348e-01 6.047935823710753889e-01
6.517129849137873743e-01 6.896790317274616999e-01 5.528211623862265833e-01
6.626148374742864000e-01 6.951469241167749225e-01 5.768314293856797725e-01
6.905485219502718319e-01 7.316540727777665065e-01 5.129457237073188347e-01
5.772387905167060129e-01 5.956412900020896517e-01 4.970519830467478029e-01
5.673069481709468453e-01 5.975260257777219586e-01 5.478282580883347963e-01
5.781952393414583335e-01 6.013113605258685324e-01 4.925159228447561488e-01
5.311919200211322467e-01 5.425191574433041453e-01 6.049999999999999822e-01
5.775825929388350710e-01 6.005735272261686353e-01 5.346576478364494234e-01
5.830279461101064431e-01 6.242903781127813190e-01 5.976527495402143009e-01
5.835546417952618414e-01 6.186538648965655973e-01 6.105574923719826463e-01
5.918091457465003424e-01 6.216819753897812051e-01 6.046075917082870399e-01
5.414913112926367234e-01 5.473444304142105477e-01 5.825000000000000178e-01
5.797190684616968515e-01 6.109606730420714671e-01 5.386304539366265631e-01
5.398891875991346234e-01 5.481239867290192969e-01 6.275000000000000577e-01
6.285353623787941491e-01 6.364983402592379047e-01 5.688217560726647193e-01
6.084128406214838192e-01 6.373768996885157412e-01 5.800930204145721136e-01
5.340706694286689871e-01 5.643720577904529634e-01 6.162500000000000755e-01
5.919406236496598250e-01 5.997260108321993410e-01 5.558330925129147948e-01
6.069502297961302251e-01 6.142129485703892167e-01 5.579267477228632144e-01
5.971120532070888220e-01 6.127140917109121787e-01 5.430426842693281131e-01
5.952780591123697507e-01 6.104191175521728185e-01 5.530326640878430178e-01
6.006459047139152130e-01 6.124562181099101332e-01 5.564878892754148154e-01
6.486652251925510981e-01 6.882712815452695088e-01 5.429840067158504535e-01
6.200982009649133042e-01 6.477365045215542905e-01 5.773969382235291103e-01
5.315891026657485474e-01 5.384383937455312630e-01 6.106250000000000844e-01
5.849177840188088950e-01 6.176905092619654480e-01 5.037822530612972027e-01
5.387482765015346731e-01 5.420422698818144758e-01 6.218750000000000666e-01
5.915549832075372994e-01 6.212389795294764872e-01 5.315523355847920906e-01
6.083458554543763608e-01 6.262320140527474210e-01 5.505865030729257814e-01
5.366727799767031515e-01 5.488243715890752661e-01 6.443750000000000311e-01
5.731655866256413212e-01 6.087363323198158316e-01 5.813322936984313127e-01
6.322379871633121429e-01 6.567444377957992740e-01 5.799244140443096107e-01
6.241709895653834161e-01 6.615578186034699604e-01 6.030336254645970451e-01
6.294040022957417824e-01 6.551518590221736549e-01 5.879634288372399542e-01
6.304838248105680831e-01 6.861213368443123128e-01 5.805952667046916371e-01
5.960580897314137205e-01 6.073789384569046046e-01 4.946025967238990573e-01
5.423286082158926824e-01 5.470223377712338797e-01 6.134375000000000799e-01
5.823875391309716321e-01 6.244123375955652477e-01 5.791076754366881740e-01
5.353515405508187941e-01 5.834105386165946427e-01 6.359375000000000444e-01
5.530822821777275911e-01 5.556305014363336348e-01 6.528125000000000178e-01
6.149065984310988497e-01 6.541960695848925145e-01 6.004543596845604014e-01
5.102604717069645357e-01 5.456926559112139641e-01 6.092187500000000311e-01
5.773500091419867530e-01 6.110493081261851867e-01 5.457266259144208931e-01
5.816274286887780365e-01 6.132971422965054487e-01 5.522679958200060746e-01
5.856023737606216306e-01 6.047563734736400853e-01 5.766267287648528805e-01
5.808845588967148643e-01 6.128805959335329456e-01 5.827890771007704362e-01
5.645863368464538734e-01 5.675742545935212879e-01 5.607031250000000799e-01
5.552867347222123495e-01 5.502595821832150236e-01 5.607031250000000799e-01
5.736011287071258735e-01 5.984458429431028792e-01 5.492048537648529516e-01
5.830506678293807532e-01 6.034560904111377910e-01 5.442062089610110176e-01
5.379138147706932216e-01 5.479554867187124145e-01 6.296093750000000266e-01
5.657072231656768979e-01 5.744993511767073624e-01 5.603515625000000666e-01
5.809317589845951479e-01 5.694298480569076615e-01 5.601757812500001155e-01
5.759397777612702551e-01 5.669269354729751242e-01 5.605273437500000178e-01
6.129639580732492155e-01 6.237029723814901949e-01 5.936657201723142263e-01
5.625543974074856957e-01 5.653803856559126428e-01 6.500000000000000222e-01
5.713503762140079711e-01 5.622969237428568912e-01 6.500000000000000222e-01
6.135897217084329558e-01 6.164985796406293739e-01 5.473866396342194074e-01
5.739847632388305199e-01 5.631285146090977412e-01 6.500000000000000222e-01
5.607821044785207265e-01 5.559108388313630522e-01 6.500000000000000222e-01
6.123455181207710929e-01 6.150089965720992868e-01 5.474517380807276679e-01
5.763165003536967479e-01 5.633117421275914971e-01 6.500000000000000222e-01
5.734285617293168880e-01 5.616917903104567955e-01 6.500000000000000222e-01
6.056629211684243508e-01 5.869094879767029482e-01 5.600000000000000533e-01
6.012479573673489286e-01 5.818490042580248822e-01 5.600000000000000533e-01
6.093776576592856431e-01 5.831977615875164611e-01 5.600000000000000533e-01
5.757364130167850202e-01 5.626183408082245929e-01 5.600000000000000533e-01
6.126635768786512504e-01 5.845493379884890706e-01 5.600000000000000533e-01
6.287894618214271425e-01 6.455620056840405407e-01 6.467684260406048047e-01
7.245129204247887644e-01 7.257803964429558885e-01 5.644768211699560112e-01
5.722757446610332588e-01 5.762986453951489674e-01 6.049999999999999822e-01
5.658461711708765440e-01 5.600894356534573681e-01 6.049999999999999822e-01
6.292865753902151527e-01 6.247061725184057668e-01 5.465197235821169786e-01
6.065085620485045625e-01 6.232553594786135465e-01 6.236025143637345947e-01
5.646207919516910145e-01 5.591723404214677950e-01 5.825000000000000178e-01
5.747770374167654461e-01 5.838828134264821834e-01 6.275000000000000577e-01
5.769025378406452687e-01 5.818831776490148711e-01 6.275000000000000577e-01
6.269716248597956287e-01 6.359105587888022049e-01 5.370880808406469642e-01
6.339143387811279062e-01 6.381367598945347774e-01 5.723172305377859370e-01
6.325544760946961720e-01 6.264239214631400765e-01 5.459775299476703481e-01
6.411539136004409389e-01 6.297506553855195532e-01 5.825287293691749912e-01
6.358793524766487293e-01 6.438459789455779347e-01 5.156828650993441343e-01
5.640785152994364227e-01 5.705349273496631568e-01 6.162500000000000755e-01
6.254353745679592791e-01 6.358232961377984216e-01 5.599238381873675729e-01
6.199800641823491887e-01 6.356462685984463068e-01 5.632924028603685240e-01
5.784254772913741682e-01 5.697785060388350642e-01 6.387500000000000400e-01
6.249089188273684314e-01 6.202796841369495606e-01 5.340949910211347795e-01
7.040385775750630515e-01 7.139228403820870872e-01 5.556409900239127619e-01
5.645975156242856174e-01 5.579630077941657440e-01 6.106250000000000844e-01
5.601122699397634852e-01 5.556653014316338401e-01 6.218750000000000666e-01
5.400180844179386375e-01 5.425278759572078613e-01 6.331250000000000488e-01
6.163238905116229516e-01 6.283330893096359393e-01 5.777328650167911084e-01
6.460389506768350332e-01 6.352107583129904533e-01 5.864704787648529205e-01
5.862596127101948884e-01 5.817137521765257668e-01 6.443750000000000311e-01
6.786634605829771072e-01 6.510173456985290930e-01 5.977204787648529027e-01
6.371677749947833869e-01 6.418019905053229390e-01 5.757578271007705029e-01
6.371157748620692729e-01 6.418430775631819296e-01 5.813828271007704940e-01
6.230210315146376132e-01 6.236465340970217541e-01 5.284873701099805920e-01
6.225702844649123602e-01 6.233042912054423956e-01 5.275718521277831252e-01
6.066839237412009478e-01 6.153858625751243983e-01 5.738142287648528850e-01
5.779079904411110746e-01 6.059756591630585110e-01 6.197656249999999867e-01
6.090403520830153239e-01 5.828286875213626317e-01 5.603515625000000666e-01
5.567713781504305404e-01 6.052977346415202575e-01 5.472277419996482983e-01
5.616568803952304290e-01 6.244372693118054318e-01 5.525094835600569132e-01
5.538881423170552987e-01 5.956910067716496560e-01 5.945031822562937274e-01
5.710768837185302704e-01 6.174401244409125633e-01 5.649965786365490628e-01
5.526127653720165345e-01 5.870779039559622658e-01 5.471254671960733562e-01
5.509020547679022162e-01 5.916691069647689316e-01 5.525980585369841824e-01
5.102459358483639740e-01 5.393841822664334762e-01 6.500000000000000222e-01
5.667613341277525363e-01 5.974959330979432437e-01 5.578486836759701806e-01
5.561447876762311004e-01 5.917189619963044711e-01 5.769222700249816427e-01
5.875013011995100509e-01 6.215435477285751187e-01 5.653629691199026919e-01
5.542487410380720902e-01 5.893998061293159729e-01 5.707942660859894879e-01
5.540205241772679923e-01 5.891146596702566685e-01 5.744508890726287564e-01
5.148285761693852658e-01 5.368407111658795028e-01 6.500000000000000222e-01
5.663992128396124759e-01 5.950037300247622563e-01 5.878405618273099265e-01
5.596608394013843357e-01 5.912096118835625802e-01 5.583706351009961599e-01
5.028777943222680902e-01 5.275717352854732978e-01 6.500000000000000222e-01
5.458245106911420175e-01 5.817225878299678854e-01 5.650436847074417068e-01
5.765277972341619206e-01 6.124322194579061573e-01 5.494393012161192802e-01
5.519936421701401308e-01 5.843642810302422941e-01 5.502345637087556751e-01
5.542842503637267493e-01 5.854362347581475445e-01 5.487711768888228203e-01
5.179398650982166563e-01 5.341114454463322669e-01 6.500000000000000222e-01
5.202510955282245719e-01 5.350938380732948030e-01 6.500000000000000222e-01
5.540447690294592054e-01 5.717724040571618982e-01 5.600000000000000533e-01
5.180481145076698546e-01 5.323029072941346529e-01 5.600000000000000533e-01
5.200892322103878307e-01 5.361508493769893136e-01 5.600000000000000533e-01
5.435990183960485167e-01 5.511359759593267293e-01 5.600000000000000533e-01
5.416623008938294959e-01 5.500321786184474426e-01 5.600000000000000533e-01
5.434555415065740469e-01 5.508704260648588091e-01 5.600000000000000533e-01
5.554563169130489753e-01 5.567147900160239749e-01 5.600000000000000533e-01
5.411794796313715850e-01 5.494907748805089032e-01 5.600000000000000533e-01
5.649483495708252923e-01 6.416703835663137845e-01 6.181732213444177670e-01
5.938137341147999848e-01 6.686078395854282430e-01 5.662834106411653856e-01
5.857660072859026679e-01 6.402954700827959700e-01 6.036820172028141140e-01
5.963373363687390905e-01 6.675751440619882571e-01 5.784188099240221703e-01
5.957864458822770271e-01 6.670247474251929098e-01 5.936435627226659406e-01
5.792012313879768559e-01 6.383822715843412432e-01 6.196804595766043366e-01
5.785075033273413547e-01 6.377247521489075588e-01 6.137950640737395158e-01
6.057331774110662481e-01 6.708345968019359118e-01 5.586881762545483632e-01
6.051105037305307688e-01 6.702475583493945344e-01 5.862859888563599631e-01
5.913973215042216403e-01 6.418110245984449680e-01 6.103825765479237164e-01
6.028101222325350506e-01 6.670971166541925790e-01 5.885275630808003422e-01
6.043651517299043485e-01 6.672928182575721401e-01 5.539310124693899162e-01
5.897464120788539210e-01 6.395617645537380325e-01 6.123709451155854300e-01
5.913958191385353391e-01 6.399605839139134167e-01 6.042758502562231016e-01
5.806232195294249721e-01 6.338252920651602507e-01 6.124440599242858552e-01
6.008345594063214667e-01 6.641362799702023034e-01 5.857082103259469985e-01
6.017228836418437865e-01 6.631733899953402567e-01 5.757234670483230010e-01
6.309050759565874023e-01 6.783934568101228635e-01 5.836028683657579208e-01
5.522340217956764885e-01 5.911508824940645557e-01 5.483516718908220122e-01
5.322462616803050883e-01 5.787052999934013675e-01 5.478282580883347963e-01
5.390900879500768461e-01 5.818653388322362341e-01 5.476188925673399766e-01
5.899081904757644823e-01 6.452819288159491462e-01 5.657321713550104159e-01
5.853160688020215829e-01 6.421532293804098623e-01 5.651936216848911787e-01
5.881155325766340702e-01 6.426920550065036153e-01 5.677644977179474584e-01
5.945744018279426335e-01 6.456871584157523047e-01 5.504319593558368862e-01
5.859512742688582909e-01 6.387425273398747994e-01 5.470669579566367347e-01
5.842690862741660718e-01 6.367390195622341098e-01 5.778120583540791166e-01
5.705869807354809753e-01 6.115852690670240399e-01 5.843871010624354101e-01
5.063062433991289968e-01 5.352413213094040501e-01 5.825000000000000178e-01
5.041963153812866194e-01 5.326168931494229541e-01 5.825000000000000178e-01
4.921656366728095477e-01 5.221820805474050031e-01 5.825000000000000178e-01
5.182878374050768899e-01 5.350618786364331747e-01 5.825000000000000178e-01
5.688658982134980890e-01 6.060444464677634535e-01 5.290822290564761721e-01
5.154401484214090612e-01 5.461986244698540105e-01 6.275000000000000577e-01
5.667711654774898467e-01 5.995783608933844544e-01 5.250133541144615945e-01
5.628972180632539901e-01 5.961576839967733799e-01 5.706423063698271569e-01
5.631598509475235215e-01 5.949243287186372076e-01 5.702235753278375174e-01
5.115903698158881241e-01 5.339493258018404021e-01 6.275000000000000577e-01
5.162323577981752232e-01 5.355670276828158327e-01 6.275000000000000577e-01
5.645630272321632281e-01 6.017427748727990355e-01 5.926844370409817264e-01
5.613682646771859241e-01 6.040110297287153429e-01 5.734680147905505398e-01
5.909984735696722780e-01 6.330703725239584800e-01 5.401073184702163132e-01
5.517656552938584591e-01 5.941736960393181333e-01 5.936530576222792677e-01
5.798376077196429890e-01 6.168923309925573584e-01 5.818063195485755346e-01
5.743262372719786235e-01 6.362345361565834301e-01 5.910677737337427518e-01
5.863276973436051254e-01 6.375850258342684596e-01 5.677632332560038630e-01
5.038221330960694910e-01 5.279643170415538878e-01 5.712500000000000355e-01
5.189472038187840086e-01 5.358227609182691920e-01 5.937500000000000000e-01
5.135302357971314180e-01 5.504636437254487591e-01 6.162500000000000755e-01
5.108037151384086094e-01 5.445192140478238851e-01 6.162500000000000755e-01
5.397078985705155985e-01 5.869854253222888119e-01 5.604391339748014955e-01
5.197398568784745709e-01 5.377854536343169567e-01 6.162500000000000755e-01
5.756097094066285891e-01 5.974553435487073294e-01 5.251725723582707506e-01
5.883906056094803105e-01 6.171085866197980607e-01 5.452373374615213653e-01
5.071443822548356017e-01 5.213112916575107780e-01 6.387500000000000400e-01
5.529140856251176794e-01 5.869119553880560725e-01 5.664869411038281344e-01
5.050622266960000939e-01 5.186388571354852983e-01 6.612500000000000044e-01
5.073831020245525014e-01 5.380768247848142227e-01 6.612500000000000044e-01
5.613201782736788603e-01 6.123248048227460938e-01 5.608338787071330822e-01
5.893329462831591314e-01 6.441706287854672697e-01 5.574894410661620503e-01
6.307175895646510710e-01 6.768783008506893406e-01 5.730657737229016835e-01
5.476008989301563989e-01 5.925981910393980368e-01 5.552328650167911439e-01
5.234897269594273039e-01 5.389420805382229007e-01 6.106250000000000844e-01
5.527116804603473543e-01 5.835360766141427513e-01 5.514642856388838332e-01
5.245132448734317610e-01 5.502535986418134462e-01 6.218750000000000666e-01
5.228802780428605246e-01 5.386882711453636619e-01 6.218750000000000666e-01
5.519698874200569261e-01 5.948403045227468322e-01 5.777328650167911084e-01
5.787912658432137203e-01 6.038727590274705070e-01 5.760579408488323283e-01
5.575330483830611694e-01 5.820630601635800039e-01 5.727080925129147682e-01
5.166243691406374738e-01 5.400328718810349926e-01 6.443750000000000311e-01
5.402308598238949600e-01 6.114097320491286291e-01 6.077700237726056942e-01
5.559742693085916176e-01 5.945545712540026839e-01 5.993954029328116828e-01
5.437576911767579846e-01 5.774764678245563054e-01 5.409067811254780755e-01
6.195125657603566260e-01 6.748758319498183722e-01 5.714021797209963838e-01
5.798835086038804931e-01 6.410695213139374626e-01 6.181684778961665794e-01
5.779094331426900544e-01 6.376358681792464456e-01 5.941002095143544937e-01
5.143001858115822111e-01 5.717211793113122775e-01 6.303125000000000533e-01
5.568390109547373124e-01 5.949469961458836442e-01 5.510428684989442383e-01
5.158605993731805173e-01 5.242265985733718381e-01 6.359375000000000444e-01
5.081662998520003471e-01 5.565836539445249143e-01 6.359375000000000444e-01
5.112615979406942568e-01 5.402448530124019932e-01 6.359375000000000444e-01
5.095158305946074773e-01 5.270982352385253922e-01 6.359375000000000444e-01
5.607525203754364362e-01 5.931561968193808099e-01 5.840767098068426755e-01
5.204515803779656835e-01 5.404437503702903545e-01 6.471875000000000266e-01
4.958239383461267580e-01 5.379495174030992644e-01 6.528125000000000178e-01
5.497095941723356693e-01 5.962671635482692523e-01 5.665610392422327779e-01
5.629841902730226000e-01 6.119469256072350705e-01 6.377590785074959134e-01
5.829524105227932296e-01 6.395232490699387373e-01 5.913159254767733630e-01
5.036693026419342134e-01 5.363355547604632401e-01 6.064062500000000355e-01
5.038271915188280436e-01 5.241690095133227922e-01 6.064062500000000355e-01
5.053282921865773769e-01 5.666192107609927531e-01 6.092187500000000311e-01
4.980295258975205863e-01 5.625086284520699476e-01 6.345312499999999911e-01
5.603300387899952106e-01 5.968478741445739644e-01 5.533565444082896301e-01
5.611984977481490056e-01 5.866260779185147323e-01 5.365190739339108505e-01
5.039400374894728030e-01 5.660018919482173727e-01 6.373437499999999867e-01
5.579505540524511975e-01 5.902670860388730123e-01 5.935017287648529649e-01
5.168674766642986640e-01 5.370717665394925122e-01 6.542187500000000711e-01
5.885541560736723410e-01 6.404244201833474426e-01 6.085238845397711316e-01
6.074967025334057080e-01 6.700470078367685156e-01 5.604065295294515803e-01
5.013152514429782824e-01 5.409693701864140003e-01 6.071093750000000622e-01
4.968394303639407927e-01 5.385274393264760651e-01 6.085156250000000044e-01
5.359124926292155866e-01 5.887344758100928610e-01 5.553672021007705073e-01
5.040845204096416898e-01 5.424220729929641882e-01 6.296093750000000266e-01
5.403806477976953460e-01 5.911690902844892737e-01 5.549505061668206229e-01
5.043135402677231260e-01 5.424319145155781507e-01 6.352343750000000178e-01
5.225123493020950027e-01 5.522711849407992979e-01 6.366406250000000711e-01
5.611206263505187364e-01 6.024052045754824114e-01 5.834922021007704629e-01
5.412269849980003711e-01 5.495628487700875420e-01 5.603515625000000666e-01
5.524545302338372821e-01 5.872985319154193640e-01 5.090016396624014172e-01
5.527398866461382676e-01 5.874554223318387836e-01 5.495564162648529649e-01
5.831625866371591416e-01 6.181171496347385164e-01 5.337583442667614975e-01
5.158857116085762140e-01 5.365495288502394322e-01 6.299609375000000400e-01
5.313052964288883517e-01 5.498767081800858270e-01 6.500000000000000222e-01
5.975428722490366829e-01 6.135921781256472585e-01 5.058321175206544895e-01
5.647913827939746723e-01 5.677890688971903854e-01 6.275000000000000577e-01
6.069509508737152004e-01 6.373579323729248181e-01 6.141259652770062472e-01
6.154757618592885393e-01 6.254590830349854302e-01 5.283208703409655316e-01
5.618429271711508077e-01 5.694235201510685629e-01 6.387500000000000400e-01
5.526081531230383481e-01 5.679163670432068045e-01 6.331250000000000488e-01
5.992068833196227962e-01 6.116106722268436213e-01 5.313257508190967204e-01
5.023549935270131828e-01 5.524966034907239365e-01 6.500000000000000222e-01
5.045857038103306325e-01 5.434087787730734753e-01 6.500000000000000222e-01
5.276673473962876226e-01 5.469131694168342106e-01 6.500000000000000222e-01
5.761226906065751718e-01 6.028622086591090001e-01 5.930376236093297670e-01
5.897542943178221142e-01 6.237650733672946979e-01 5.460832792236431921e-01
5.688425868984247069e-01 5.963264824524107111e-01 5.922001615253503770e-01
5.156800945255812785e-01 5.339959432314090870e-01 6.500000000000000222e-01
5.642776439316425918e-01 5.847819766101852723e-01 5.600000000000000533e-01
5.501919303024761509e-01 5.650599704025398573e-01 5.600000000000000533e-01
5.421454823766282960e-01 5.550906508054516131e-01 5.600000000000000533e-01
5.449383890958965360e-01 5.556881501808524915e-01 5.600000000000000533e-01
5.442723865888862145e-01 5.545878043175486161e-01 5.600000000000000533e-01
5.430886820919622604e-01 5.532010840325001233e-01 5.600000000000000533e-01
5.379870666617415642e-01 5.490031882326485979e-01 5.600000000000000533e-01
5.488837367930584632e-01 5.538131883344425965e-01 5.600000000000000533e-01
6.080900139604586974e-01 6.832161918470029960e-01 5.793615601663345549e-01
5.846119331617743997e-01 6.522910627879157097e-01 6.100755912227476818e-01
5.853613293169352971e-01 6.459350469015978646e-01 6.224537597134640610e-01
6.026461218929126673e-01 6.732540199317348373e-01 5.876363561512473188e-01
5.203102240205230711e-01 5.541721169096581745e-01 6.049999999999999822e-01
5.586982681143217722e-01 6.004846643942070017e-01 5.012116293840211956e-01
5.155553736438216461e-01 5.462554074264801551e-01 6.049999999999999822e-01
5.832889073173385119e-01 6.081682062752086226e-01 5.162930891436018355e-01
5.796757403184198409e-01 6.049808788402261106e-01 5.184937603181296595e-01
5.685417994405994602e-01 5.979019255863570192e-01 5.147545600947530664e-01
5.239078862880085508e-01 5.414464701115209166e-01 6.049999999999999822e-01
5.524157316528980344e-01 6.066742229061813374e-01 6.433764443946984324e-01
5.803696514828824427e-01 6.274512789991931738e-01 6.135462573023128252e-01
6.060079597848467836e-01 6.531311321059444230e-01 5.825623526096587179e-01
5.738924684963966349e-01 6.223821718974174022e-01 6.092234439103001442e-01
5.096510747919894557e-01 5.377678111235739689e-01 5.825000000000000178e-01
5.077160147147824487e-01 5.336981836042958838e-01 5.825000000000000178e-01
5.746356379555632721e-01 6.093618747129753155e-01 5.340356792571546718e-01
5.687462770830470360e-01 6.054868804117271575e-01 5.485726039112710506e-01
5.281035652895430532e-01 5.532728954831748203e-01 6.275000000000000577e-01
5.308925185126832647e-01 5.539979435093186355e-01 6.275000000000000577e-01
4.946018685350819788e-01 5.606824987587977205e-01 7.175000000000000266e-01
5.692974577191417529e-01 6.055062358396017252e-01 5.136889529115660213e-01
5.228127041691471577e-01 5.478441822458218757e-01 6.162500000000000755e-01
5.141904904628255002e-01 5.348968290340615495e-01 6.162500000000000755e-01
5.300355438870493208e-01 5.415151616597275730e-01 6.162500000000000755e-01
5.160135832250423160e-01 5.382220144871030509e-01 6.387500000000000400e-01
5.845770852169560605e-01 5.954034881936495216e-01 5.781237269919198285e-01
5.825991630133212640e-01 5.930395499893511557e-01 5.511414535403004189e-01
5.262515750344466392e-01 6.250880565127115984e-01 6.612500000000000044e-01
5.138864581577462509e-01 5.948268166118140243e-01 6.612500000000000044e-01
5.261745466359999401e-01 5.511043413505138933e-01 6.612500000000000044e-01
5.964560874761704046e-01 6.274879185138565463e-01 5.553859606855438003e-01
5.225996273145323556e-01 5.369201185219005801e-01 6.106250000000000844e-01
5.685150750272217612e-01 6.011717120296852235e-01 5.656454029328117361e-01
5.145791503171857073e-01 5.719236886514509344e-01 6.331250000000000488e-01
5.678569471510732658e-01 6.008021985855486191e-01 5.342257630277846836e-01
5.750758498994474888e-01 5.937348291886577201e-01 5.220827665152295571e-01
5.994147307931130264e-01 6.178247585710882062e-01 5.250056215120944003e-01
5.660937697748541497e-01 5.891875087194066163e-01 5.529538873693096157e-01
5.182821242479762613e-01 5.270099017549383369e-01 6.443750000000000311e-01
5.444173334866952985e-01 6.138195886660336997e-01 5.799117987463219270e-01
5.750334692768243050e-01 6.045390137276441811e-01 5.536592536213460480e-01
5.262347764540513673e-01 5.480682791378237440e-01 6.668749999999999956e-01
5.539989079814837680e-01 5.986110193137246238e-01 5.455294308219761357e-01
5.750429347869137064e-01 5.911084345925098349e-01 5.461366766928625882e-01
5.141071740359091091e-01 5.477826867593064142e-01 6.359375000000000444e-01
5.262706970767274672e-01 5.419370484470028559e-01 6.359375000000000444e-01
5.802741903824695235e-01 5.938006295686163449e-01 5.755205925129147637e-01
5.743749644458409076e-01 5.989831904908561322e-01 5.485017287648529249e-01
5.148231277767171266e-01 5.481353644120335877e-01 6.514062500000000755e-01
5.810235623374885305e-01 6.023728099923867374e-01 5.927986037648529383e-01
6.014503166589658667e-01 6.277028458853558535e-01 5.459782529815819796e-01
6.425011316897456526e-01 6.226666504447778694e-01 5.889549959499301712e-01
5.630240870618995475e-01 5.508571287723891263e-01 6.049999999999999822e-01
6.234674010970069347e-01 6.278565821686628023e-01 5.483516718908220122e-01
6.218198325746863153e-01 6.243785431454383916e-01 5.475142098068426222e-01
5.615119783330828618e-01 5.629423140664006064e-01 5.825000000000000178e-01
6.274210498322227991e-01 6.341660306032151917e-01 5.222855931988817924e-01
6.337722300262071951e-01 6.316693086703640825e-01 5.704329408488323372e-01
5.695952856093268180e-01 5.638212762269402267e-01 6.162500000000000755e-01
5.789166324824730481e-01 5.747687390033929811e-01 6.162500000000000755e-01
6.260308254837922970e-01 6.252026777327420737e-01 5.264160865196010342e-01
6.282576739975187508e-01 6.318364515649429469e-01 5.373614936054917912e-01
6.441195315480829908e-01 6.284365159668563461e-01 5.061964874724493857e-01
5.786183339027783923e-01 5.615818344077013746e-01 6.218750000000000666e-01
6.346676913960538347e-01 6.180289145711626020e-01 5.032003147495373030e-01
5.784230883886108954e-01 5.549473971158190855e-01 6.134375000000000799e-01
6.202944929827580722e-01 6.208659803851601655e-01 5.606020270103336811e-01
6.477129405689470154e-01 6.480395142921960838e-01 5.604874125257786055e-01
6.518691609634019724e-01 6.486746882937992620e-01 5.601824432180689817e-01
5.583737922477904903e-01 5.509142766103289901e-01 6.500000000000000222e-01
6.321043894754767578e-01 6.361706626776978402e-01 5.583430873284096485e-01
6.178921427709809233e-01 6.103813750562638862e-01 5.732525270414410290e-01
5.596246342512110061e-01 5.539918829021238666e-01 5.600000000000000533e-01
5.573203435455849064e-01 5.496400958037735984e-01 5.600000000000000533e-01
5.552303103211689850e-01 5.453985976505044686e-01 5.600000000000000533e-01
5.549507484315562289e-01 5.539892285281453610e-01 5.600000000000000533e-01
6.957873426144594031e-01 7.109341090448803024e-01 5.583023877971660109e-01
7.084564331620885058e-01 7.184030158696681490e-01 5.531089678377956176e-01
6.502513374689583570e-01 6.624260877589328578e-01 6.010633842590824560e-01
6.918851346549479420e-01 7.046281771185316511e-01 5.447837415639669167e-01
6.387625459566872443e-01 6.586383862983855586e-01 5.592540377584811484e-01
6.294375028473636613e-01 6.323038195799662864e-01 5.880765382398689400e-01
5.413605599568545035e-01 5.464847009683415635e-01 5.825000000000000178e-01
6.169643146631555997e-01 6.177594660598759724e-01 5.438504784471945852e-01
6.195452830452878867e-01 6.218875440554175738e-01 5.656324111277971634e-01
5.686601085351431495e-01 6.496179920724948209e-01 6.331250000000000488e-01
5.483702830629034741e-01 5.904415292804332527e-01 6.443750000000000311e-01
5.681470137092387018e-01 5.500923258019514428e-01 6.303125000000000533e-01
6.403317640276938727e-01 6.206739958309699379e-01 5.273557161722957076e-01
6.211474942670137667e-01 6.113891416054471062e-01 5.803081304289353648e-01
5.457374202434390753e-01 5.389789518519993994e-01 6.471875000000000266e-01
5.285540657840119838e-01 5.408448693274735541e-01 6.500000000000000222e-01
5.486060547534864495e-01 5.571229769927689146e-01 5.600000000000000533e-01
5.491790253822192991e-01 5.542918353935555320e-01 5.600000000000000533e-01
6.126867524686092636e-01 6.849367454201480410e-01 5.883439375869450316e-01
6.131260357399483940e-01 6.796999988545745497e-01 5.921354221300525467e-01
5.938778823634481840e-01 6.494282914721353217e-01 6.212245864730683298e-01
6.309857341447667745e-01 6.823618593896852991e-01 5.752990477523968194e-01
6.293754868831413773e-01 6.810695800140593725e-01 5.640449815912321752e-01
6.341229151949618892e-01 6.811457544633414685e-01 5.856914786341365087e-01
6.335679743415416620e-01 6.803671492391781817e-01 5.695538742690139378e-01
5.203146818874944124e-01 5.495762402658600498e-01 6.049999999999999822e-01
5.810425710230412433e-01 6.036465266825011833e-01 5.475142098068426222e-01
5.879457667429240919e-01 6.191353024573549302e-01 6.089868975901379100e-01
6.135860011666918190e-01 6.529479972029424983e-01 5.647782154348099937e-01
5.961236796197136867e-01 6.148478689867225011e-01 5.780683095907878100e-01
5.749318972151670204e-01 6.202912476727393543e-01 6.212951754366881074e-01
5.285807790709143861e-01 5.523520069340498440e-01 6.724999999999999867e-01
5.317118421733151301e-01 5.477352165365115821e-01 6.724999999999999867e-01
5.767834741855356606e-01 6.119991033638884081e-01 5.729210097799344314e-01
5.899747970745449210e-01 6.139031790200845107e-01 5.723439115008895905e-01
5.876275923677153346e-01 6.301379119811307827e-01 6.158670996174270273e-01
5.294624514683505812e-01 5.528920064492797160e-01 6.162500000000000755e-01
5.323023148403686067e-01 5.434876954788857573e-01 6.162500000000000755e-01
5.211452724672236414e-01 5.755745280870340208e-01 6.612500000000000044e-01
5.756178241061689072e-01 6.048644534152679553e-01 5.791394766970272556e-01
5.675126374096507442e-01 5.898508047797841325e-01 5.638928931399072031e-01
6.223229715775873139e-01 6.515161200102910222e-01 5.378849604047253319e-01
5.689416039351702370e-01 6.065390456892242321e-01 5.810476128951310715e-01
5.026610770012970297e-01 5.519567029553895665e-01 6.500000000000000222e-01
5.153527101746302463e-01 5.559812861647960291e-01 6.500000000000000222e-01
5.533517863947131632e-01 5.976029178584658652e-01 5.652760411962470810e-01
5.511120524372151719e-01 5.763451332985045639e-01 5.600000000000000533e-01
5.260142371812343010e-01 5.455456014837565260e-01 5.600000000000000533e-01
5.345440741291254128e-01 5.469013593404298268e-01 5.600000000000000533e-01
5.622957181498501322e-01 6.247668435728602754e-01 6.554314282856351648e-01
5.557230576973344327e-01 6.139256555243158830e-01 6.502627968752021648e-01
6.025899173008119059e-01 6.727539275939142804e-01 5.852400310536173267e-01
5.841363222177035075e-01 6.436850512482018560e-01 6.298560024672296143e-01
5.170707973794914647e-01 5.341153116708723392e-01 6.049999999999999822e-01
5.127609696557208219e-01 5.454385350448034409e-01 6.049999999999999822e-01
5.714380494025238511e-01 6.014472668016104251e-01 4.943353110104877768e-01
5.137300269156456212e-01 5.369763231058332087e-01 6.049999999999999822e-01
5.581066713787586897e-01 5.890649539943159096e-01 5.241767477228631567e-01
5.734065271389265916e-01 6.063087092876824347e-01 5.721078650167911173e-01
5.729686569993901468e-01 5.968290472273803937e-01 5.691767477228631966e-01
5.263763821640076168e-01 5.512190157444036842e-01 6.162500000000000755e-01
5.169276962157460797e-01 5.401469621391430387e-01 6.162500000000000755e-01
5.107942869978555622e-01 5.323734042732876093e-01 6.162500000000000755e-01
5.174878286079068745e-01 5.735570632557863702e-01 6.612500000000000044e-01
5.744334041627765508e-01 6.041974852133259466e-01 5.641754393722842043e-01
6.075497405438182730e-01 6.439183311156818634e-01 5.288100807768445488e-01
5.662707858714955966e-01 5.945537748845052262e-01 5.639704787648529560e-01
5.558795058961236712e-01 5.995658305988958992e-01 6.010703271007704629e-01
5.856672464126891908e-01 6.194967466690752822e-01 5.430590611258213629e-01
5.611063938765511461e-01 5.919273472592148089e-01 6.089704787648528850e-01
5.716751644077805450e-01 6.028541255097233931e-01 5.628329029328117405e-01
5.257086058037413467e-01 5.477974256918479723e-01 6.246875000000000622e-01
6.094356092485191390e-01 5.961448435309543159e-01 5.600000000000000533e-01
5.941602546119014727e-01 6.144530664638735429e-01 6.049999999999999822e-01
6.414031792778205343e-01 6.269310744175220496e-01 5.454205545968940916e-01
5.988011896197514838e-01 6.163443980353969787e-01 5.976173113244780399e-01
6.187717669692365252e-01 6.346347625450130536e-01 6.023646532504931539e-01
6.260138461298182522e-01 6.356343513245936716e-01 5.906873830435498407e-01
6.578943774487807650e-01 6.294363287110265048e-01 4.642011259424102532e-01
5.624028764833566285e-01 5.729582160385028322e-01 6.275000000000000577e-01
6.438250210189992995e-01 6.253805955002610384e-01 5.410651406240907235e-01
6.265378474777116846e-01 6.222270430232984539e-01 5.589018001334364882e-01
7.003433519720242417e-01 7.144545757793074880e-01 5.612262723578052004e-01
6.138773495397776836e-01 6.190867918431419703e-01 5.583454787648529649e-01
6.357169783538538788e-01 6.238074763301091341e-01 5.212249471901058140e-01
6.225141449097122415e-01 6.119692698316526736e-01 5.399362216817237270e-01
6.155980353027312724e-01 6.198697664558932008e-01 5.437153955545434014e-01
5.863971928942246503e-01 6.104646142776497530e-01 6.106250000000000844e-01
5.752773573321797729e-01 6.046829210554639511e-01 6.218750000000000666e-01
6.123868605720628189e-01 6.738789910048165188e-01 6.246875000000000622e-01
6.475823469331974946e-01 6.243088828839337134e-01 5.170859905022787695e-01
6.226884227436482178e-01 6.120231857310167722e-01 5.128862549254100678e-01
6.142600747087134661e-01 6.136954673884021938e-01 5.031301258293170431e-01
6.458597802217258543e-01 6.239147042523118802e-01 5.212456304289353470e-01
5.750906351849983666e-01 5.568016136281918049e-01 6.275000000000000577e-01
6.258386666291139155e-01 6.194301142425028273e-01 5.258133656719120586e-01
6.161342558163176442e-01 6.160081007257939278e-01 5.908392856388837711e-01
6.091718640403314122e-01 6.097075102154637660e-01 5.900018235549043810e-01
5.503664705234698751e-01 5.430234127367046248e-01 6.500000000000000222e-01
5.437389383416889599e-01 5.878956949315269354e-01 6.387500000000000400e-01
6.181200890532925207e-01 6.099508227871558441e-01 5.427299157168035126e-01
5.502949196050460623e-01 6.155826382683219355e-01 6.443750000000000311e-01
5.960180625996097659e-01 6.207038338555552759e-01 5.354060668344086116e-01
5.688507015943928824e-01 6.497288472429989525e-01 6.415625000000000355e-01
6.344112559794404804e-01 6.342905125844826575e-01 5.257604949319939491e-01
6.346736735336221402e-01 6.344320536343015515e-01 5.333277286993588495e-01
6.006717387459195034e-01 6.055462884337706742e-01 5.364253362843035555e-01
5.438402727864302122e-01 5.397759473921459605e-01 6.500000000000000222e-01
6.052505253755823267e-01 6.114726626184729952e-01 5.530251165820697645e-01
6.213843150034497054e-01 6.343905072124080835e-01 5.455677977034607551e-01
5.471916002163005333e-01 5.485309978796897301e-01 5.600000000000000533e-01
6.848499888388381862e-01 7.057012508655815530e-01 5.630409592063528867e-01
5.258928164789253845e-01 5.781374151073099821e-01 6.387500000000000400e-01
6.135218345677448948e-01 6.078415495992196549e-01 5.559603325634645543e-01
5.374874547412904491e-01 6.083774052569083102e-01 6.443750000000000311e-01
5.832384912655499409e-01 6.140479223463973790e-01 5.700149017528758355e-01
5.565073019115091002e-01 6.427555621488814097e-01 6.471875000000000266e-01
5.964137001307383557e-01 5.991221219244010632e-01 5.342172082860404680e-01
5.411384379083185037e-01 5.368324658460722487e-01 6.485937499999999689e-01
5.258596675232861672e-01 5.661715150908518401e-01 6.500000000000000222e-01
5.809111851231443246e-01 6.022895292645690235e-01 5.920954787648529116e-01
5.881407853995332946e-01 6.006749691417490045e-01 5.489602999093168290e-01
5.824996018643223694e-01 6.058516733965183532e-01 5.716775724687680471e-01
5.776087453355195356e-01 5.868956359066711537e-01 5.600000000000000533e-01
5.647209845574425735e-01 5.629659088297681580e-01 5.600000000000000533e-01
6.391367725479532025e-01 6.889131781371291563e-01 5.626324931947117580e-01
6.488704792621983186e-01 6.883961553057127425e-01 5.672702156860829348e-01
6.513860179786301607e-01 6.856310946376343862e-01 5.806218504777923561e-01
6.209193746181020934e-01 6.565326273588738548e-01 6.120122429678991338e-01
6.456161221229081981e-01 6.898584231739155470e-01 5.896073704908505464e-01
6.868371711673425528e-01 7.307339488964743612e-01 5.405695657368762008e-01
5.906137884907866065e-01 6.018968607896885148e-01 5.679205545968941671e-01
5.979177392992764961e-01 6.307325855569291262e-01 5.864948547907389287e-01
6.317077488639544214e-01 6.567043285552734977e-01 5.411981508725574042e-01
5.762503380340547876e-01 5.998144652161930823e-01 5.583454787648529649e-01
5.351633991521100864e-01 5.465219606827902421e-01 6.612500000000000044e-01
5.284926404833556468e-01 5.492484796224958998e-01 6.500000000000000222e-01
5.769542940319957181e-01 5.949560247805475433e-01 5.708787530565387902e-01
5.271119470618036429e-01 5.454882322372730519e-01 6.500000000000000222e-01
5.718742910153651327e-01 5.649380344497850759e-01 5.600000000000000533e-01
5.779496177926717326e-01 6.344224949258779889e-01 6.573725145911774037e-01
6.347975602993506383e-01 6.868667920638572566e-01 5.828598781536226126e-01
6.094135595758306545e-01 6.472552603925515458e-01 6.078685561120199532e-01
6.097712423335516219e-01 6.428498066581844750e-01 6.009680503669969642e-01
6.191986390673089868e-01 6.561105913296834125e-01 6.170338122165284211e-01
6.401427502396204172e-01 6.841141078231706141e-01 5.723358279684008787e-01
5.858368395526463157e-01 6.339895418706797958e-01 5.895873417228367774e-01
6.133162337100618311e-01 6.559602737658210003e-01 5.695090917670935227e-01
5.813065220757969165e-01 5.971132216022613237e-01 5.359714791192439209e-01
5.921673400801796827e-01 6.423207885256718708e-01 5.750413300952427198e-01
5.980425826904816056e-01 6.330768262741530705e-01 5.840897354506188188e-01
6.323110937864864223e-01 6.637287713124905286e-01 5.361596235159502566e-01
5.221837424476677425e-01 5.399521191100509210e-01 6.162500000000000755e-01
5.476332294381864862e-01 6.029044531112333072e-01 5.747432842858383184e-01
5.574496667312917042e-01 5.991738361403410318e-01 5.950265960587808323e-01
5.747250931432795751e-01 6.196754935512414075e-01 5.519085906448271128e-01
5.728565978241931811e-01 5.969360257156178795e-01 5.348943657082153580e-01
5.719154776304917753e-01 5.936212694492457587e-01 5.644629289112860215e-01
5.310549090227739688e-01 5.412813527612680975e-01 5.600000000000000533e-01
6.112955431170080667e-01 6.772669762091664269e-01 5.845036515340679140e-01
5.211868992579663518e-01 5.362162680496249667e-01 6.049999999999999822e-01
5.106952911735297418e-01 5.246309920549433459e-01 6.049999999999999822e-01
5.199971115980315250e-01 5.371322412628907195e-01 6.049999999999999822e-01
5.948148401015145303e-01 6.393930012904115445e-01 5.490114360678329808e-01
5.122786133175489809e-01 5.286658487712856402e-01 5.825000000000000178e-01
5.820430718601543596e-01 5.974294436677021203e-01 5.118753354087023366e-01
5.613801131739686312e-01 5.959779046252539070e-01 5.380798161434011684e-01
5.467877601708158730e-01 5.843017804733193765e-01 5.583454787648529649e-01
5.553622877355437470e-01 5.940478579352982402e-01 5.600204029328117450e-01
5.561131332480057088e-01 5.997003211628422203e-01 5.831819322560002350e-01
5.858501698074938258e-01 6.195984419335168747e-01 5.468639394475959259e-01
5.132326139577531032e-01 5.563165728448111746e-01 6.500000000000000222e-01
6.251230251136061788e-01 7.044996436858653732e-01 5.449651740405160316e-01
5.107706443574712152e-01 5.323277694571881824e-01 6.049999999999999822e-01
5.249925550381880912e-01 5.413286573237577892e-01 6.275000000000000577e-01
5.634845292459634836e-01 5.971235180346999849e-01 5.211360085861600488e-01
4.902451008086393669e-01 6.033224152750318314e-01 7.175000000000000266e-01
5.095629064258850871e-01 5.392835161746787342e-01 6.162500000000000755e-01
5.682241503291575180e-01 6.062135905306308414e-01 5.625185951384970018e-01
5.530167978757187797e-01 5.875986367017315137e-01 5.736375395833575030e-01
6.157246895322721070e-01 5.860847544779496099e-01 5.600000000000000533e-01
6.416569590757082997e-01 6.213581695331087396e-01 4.947143482178317231e-01
5.649141391777880994e-01 5.614780761155081512e-01 6.275000000000000577e-01
6.175054194175890743e-01 6.262764092157292461e-01 5.575541647057986605e-01
6.335733311516011934e-01 6.172318296745876731e-01 5.155647342939407851e-01
6.145019936159342722e-01 6.192158876846336479e-01 5.695954787648529472e-01
5.792922490066305663e-01 6.066956142994403001e-01 6.106250000000000844e-01
5.668461155918516070e-01 5.492486165751415683e-01 6.078125000000000888e-01
5.770678808478469923e-01 5.544271964838553002e-01 6.134375000000000799e-01
5.665466087481045854e-01 5.749767829081762205e-01 6.500000000000000222e-01
6.051668139941905888e-01 5.810760353416919433e-01 5.600000000000000533e-01
6.261970461602883731e-01 6.843868240376712597e-01 6.253798107639573223e-01
6.359439703653362308e-01 6.673928998643429145e-01 6.276512937698921490e-01
6.615535443877753607e-01 6.711242832729632513e-01 5.991454562798447236e-01
5.719528177924779744e-01 5.778475048732151231e-01 6.049999999999999822e-01
6.315286370360754242e-01 6.426982055901784285e-01 5.965831114563930893e-01
5.590368949059283388e-01 5.457477859571975287e-01 6.049999999999999822e-01
6.189763694347819589e-01 6.771962746658141130e-01 5.825000000000000178e-01
6.122188041522069746e-01 6.070953812877194489e-01 5.662456304289353870e-01
6.323528662097548381e-01 6.171259928267961437e-01 5.774956304289353692e-01
5.717338446186621681e-01 6.027839081344515959e-01 6.106250000000000844e-01
6.253484437673357821e-01 6.136147867874705009e-01 5.465581304289354181e-01
5.639231782183167230e-01 5.480476252215782385e-01 6.134375000000000799e-01
5.880284052877734480e-01 6.165855614088734393e-01 5.704025323159359617e-01
6.451607498558509235e-01 6.676810690923270508e-01 6.191256680455549111e-01
6.883249775477396915e-01 7.048857897201059597e-01 5.535745803484263261e-01
6.477720148943157952e-01 6.630848408066084554e-01 5.893284300785195384e-01
5.437826717646863095e-01 5.571442437052972485e-01 6.500000000000000222e-01
5.686616837158064985e-01 6.496537829031470146e-01 6.387500000000000400e-01
5.562844361029412044e-01 6.426131865644512109e-01 6.387500000000000400e-01
5.209666080646727648e-01 5.753744181008128011e-01 6.500000000000000222e-01
5.399982534385455724e-01 5.675811524201047620e-01 6.500000000000000222e-01
5.749891744014810069e-01 5.792431056514926180e-01 5.600000000000000533e-01
5.838646101325365434e-01 6.473036180338468393e-01 6.557414506527805553e-01
6.485106908184342656e-01 6.903167458974452941e-01 5.787591633526950607e-01
5.873449544526277988e-01 6.297942022079173752e-01 5.865881286424808883e-01
6.041418075601610038e-01 6.088434765343861965e-01 5.566705545968941848e-01
5.436166808471210032e-01 6.133401548140098303e-01 5.587712124587345119e-01
5.747231128954730650e-01 6.149172723116860251e-01 5.575482881630372534e-01
5.751941465242093043e-01 5.793548733518980587e-01 5.600000000000000533e-01
6.209680574531394326e-01 6.906314474430333972e-01 5.918003795677942991e-01
6.325353055527358492e-01 6.818928345712728101e-01 5.807530930248320233e-01
5.921379131105545257e-01 6.325115426054859213e-01 6.003945085318120878e-01
5.415165740987853971e-01 5.434799531126734973e-01 6.162500000000000755e-01
5.395313933426341135e-01 6.111117373184209445e-01 6.021450237726057031e-01
5.640678042568874062e-01 5.736508174703036644e-01 5.600000000000000533e-01
5.635407347971811420e-01 6.359564285682366425e-01 6.651365177614808610e-01
5.791454084569936933e-01 6.158606785160238850e-01 6.326853443101820851e-01
6.173021894411813149e-01 6.846127484015724907e-01 5.979547187152257637e-01
5.842847148177304772e-01 6.208974238915114796e-01 6.547439390367638667e-01
5.852113922451067651e-01 6.288251295532053531e-01 6.043933437580303325e-01
5.425210436137657410e-01 6.126854866395732291e-01 6.246450237726056676e-01
6.027973079517078281e-01 6.332538641138639735e-01 5.764531033555652106e-01
5.769597170027833677e-01 5.946139164211393657e-01 5.629864151655722404e-01
5.341771733149827117e-01 5.398535327558242614e-01 6.162500000000000755e-01
5.282804038112433043e-01 5.429738473183356451e-01 6.612500000000000044e-01
6.084670575226837075e-01 6.312088470693844044e-01 5.838840593197083262e-01
5.951263680552939528e-01 6.590987159757223379e-01 6.115854012430829156e-01
5.982857128340423047e-01 6.435498771263212792e-01 6.128812740157183470e-01
5.924702315388978846e-01 6.530649712409593022e-01 6.271127450869747877e-01
6.110113828186434226e-01 6.525305691166658484e-01 6.224584906105690152e-01
5.784545434553368670e-01 6.251893984880875221e-01 5.968009432068177578e-01
5.827623062165933066e-01 6.084865605855338533e-01 5.668571964455558776e-01
6.232945279474909617e-01 6.522904571167411625e-01 5.376358322515588650e-01
5.364143703201086355e-01 5.408559419198737395e-01 6.162500000000000755e-01
5.830068779526490497e-01 6.034302792521804015e-01 6.033454787648528939e-01
6.036751731166677404e-01 6.287806648310337865e-01 5.875187911939639962e-01
5.721431181263898491e-01 5.977701463775220159e-01 5.354066744381069665e-01
5.110047882622533733e-01 5.369481057175157224e-01 6.500000000000000222e-01
5.523534234932163667e-01 5.846942380453578059e-01 5.566004375609123755e-01
6.374203388312748020e-01 6.803732682347983785e-01 5.641750433998196090e-01
5.929047127930047179e-01 6.434890488645189643e-01 6.239616592843890697e-01
6.152931430901745768e-01 6.732308133866498068e-01 5.611474261669133767e-01
5.714877235171649250e-01 6.027566641346489007e-01 5.487704029328116517e-01
5.758233098404905714e-01 5.942042137546129643e-01 5.079345419046438215e-01
5.680909061087975331e-01 5.889652542447518790e-01 5.663904018649950078e-01
5.071589398138919291e-01 5.213519191290979515e-01 6.500000000000000222e-01
5.148699443538043985e-01 5.282442046164634863e-01 5.600000000000000533e-01
5.190717818662669014e-01 5.274166819005542406e-01 5.600000000000000533e-01
5.636254844593552304e-01 5.933069403666750841e-01 5.470954787648528717e-01
5.712275734583401876e-01 5.892515022388832291e-01 4.892341077816545480e-01
5.004856096016735423e-01 6.095415129639946139e-01 6.950000000000000622e-01
5.747741421334369161e-01 6.059081827257242203e-01 5.813178666088544277e-01
5.294701666447892974e-01 7.154267115839545443e-01 7.175000000000000266e-01
5.126341007133273786e-01 5.287575496647646256e-01 6.500000000000000222e-01
6.035370508428213876e-01 6.696042467868913439e-01 5.869353608306893122e-01
5.622914953806832372e-01 5.994257983071137330e-01 5.751254542587973528e-01
5.725565363851141676e-01 5.618740341685447559e-01 6.500000000000000222e-01
5.694627977011423869e-01 5.537953723073374412e-01 6.500000000000000222e-01
6.386407350244170944e-01 6.199361864731520733e-01 5.132684199918710055e-01
6.130686957549927874e-01 6.741682889758789932e-01 6.106250000000000844e-01
5.483491735907060072e-01 5.531878466565562924e-01 6.049999999999999822e-01
5.454834621210270518e-01 5.516935060571324101e-01 6.049999999999999822e-01
6.006001681653359014e-01 6.176923158257964230e-01 5.825000000000000178e-01
5.636860330492984295e-01 5.985598917906452821e-01 6.275000000000000577e-01
6.005852979256063318e-01 6.674230803510556864e-01 6.162500000000000755e-01
5.789959748967122843e-01 6.554392424158042019e-01 6.387500000000000400e-01
6.249049155946900802e-01 6.135329664546033124e-01 4.848203532780209768e-01
6.302163414526117391e-01 6.159723175587320521e-01 5.173798182933382339e-01
6.316911529401547654e-01 6.167353306420177983e-01 5.831206304289353604e-01
5.903105033608735397e-01 6.071027128656690808e-01 5.587420678184249478e-01
5.929095492332863149e-01 5.881445602165724651e-01 5.600000000000000533e-01
5.500705100790521662e-01 5.540600561533594037e-01 6.500000000000000222e-01
5.823086940853052784e-01 6.134103721082260208e-01 5.569841819631988766e-01
5.698987977852154607e-01 5.638616434533778587e-01 5.600000000000000533e-01
6.213829154827333889e-01 6.555005760707860452e-01 5.960809741299761821e-01
6.122728785424060849e-01 6.071255619045111684e-01 5.774956304289353692e-01
5.409245042634018841e-01 5.367278979120628790e-01 6.387500000000000400e-01
5.211944314984884308e-01 5.514371233063010136e-01 6.500000000000000222e-01
5.263425543347699520e-01 5.419029316332183432e-01 6.950000000000000622e-01
5.255448710727944617e-01 5.538031682500198505e-01 6.500000000000000222e-01
6.002694033377681260e-01 6.269338385522025270e-01 5.873345179103143243e-01
5.197311491172786901e-01 5.507174453429226624e-01 6.500000000000000222e-01
6.193398359251782725e-01 6.547070134010875009e-01 5.788296344650605274e-01
5.191829525051064875e-01 5.504136206756844452e-01 6.500000000000000222e-01
5.772105276983180433e-01 6.576194446523380144e-01 6.339710131230859025e-01
5.845980967475482570e-01 6.186225566967822331e-01 6.038679676779019623e-01
5.839421796122509223e-01 6.183021284777538984e-01 6.030745437169376943e-01
5.812444625482510174e-01 6.130775460697082124e-01 5.718339438963572219e-01
6.103005835836918802e-01 6.498286012874289197e-01 5.639101968402221443e-01
5.991513509686297034e-01 6.362421018877784107e-01 5.892901336717771832e-01
5.602753452902615727e-01 6.019313771210705877e-01 5.550426724911525778e-01
5.769451691911458013e-01 6.574634573145665684e-01 6.348927159553371391e-01
5.878773974167681438e-01 6.204248161979875054e-01 6.062659636047816880e-01
5.989948281877528480e-01 6.263880917430098005e-01 5.810514898587118005e-01
5.109484553548493402e-01 5.460548173760961799e-01 6.500000000000000222e-01
5.758446206612954921e-01 6.568255004968894806e-01 6.358778041684657323e-01
6.123404936741420057e-01 6.509446783025824024e-01 5.546013102360646263e-01
5.912898861331032929e-01 6.076433932318459075e-01 5.712331389171927398e-01
5.225142145310724962e-01 5.998507672550587033e-01 6.500000000000000222e-01
5.641112270789779837e-01 5.986171132080111423e-01 5.600000000000000533e-01
5.971702294387233323e-01 6.429035505632576530e-01 6.026455319724106641e-01
6.211652918538480561e-01 6.774528363034770795e-01 5.899647607003524197e-01
5.979279164833430915e-01 6.409699690198301658e-01 6.157859360936449589e-01
5.173584760590032028e-01 5.434658541893575556e-01 6.500000000000000222e-01
5.483458202949128557e-01 5.531329804977221931e-01 5.600000000000000533e-01
6.170068435870783574e-01 6.735162932748050002e-01 5.814332099266904530e-01
6.226840227148970897e-01 6.783947550014807204e-01 5.617508991637094606e-01
5.918028191750187572e-01 6.376838791372387849e-01 6.203826175976085988e-01
5.701329060665987214e-01 5.913278644206634294e-01 5.904205545968941315e-01
5.689422641622973176e-01 5.880680319003624978e-01 5.895830925129147415e-01
6.123618477229175738e-01 6.485427933803425971e-01 5.999051121169700629e-01
6.426070366804446099e-01 6.807686757457501736e-01 5.801232644130610572e-01
5.426795464006891612e-01 5.924031203494853903e-01 5.093899424010781551e-01
5.028926567739694375e-01 5.295825081095995035e-01 5.825000000000000178e-01
5.263365209087209617e-01 5.419671189228425501e-01 6.275000000000000577e-01
5.695800345212522764e-01 6.533122530637204273e-01 6.036577702220333741e-01
5.663365284282193546e-01 5.867270015733156985e-01 5.531035539753883512e-01
5.395360919722425042e-01 5.549256539762299489e-01 5.600000000000000533e-01
5.204902788957547211e-01 5.327193808313395174e-01 5.600000000000000533e-01
6.356546032876402297e-01 6.770954788321459361e-01 5.780957347808451940e-01
5.160625073701180510e-01 5.488770691197496499e-01 6.049999999999999822e-01
5.172664128926141025e-01 5.373255086906547628e-01 5.825000000000000178e-01
5.657921773163744339e-01 5.944224946998997172e-01 5.362332729004382070e-01
6.541659797822135802e-01 7.092630526106854516e-01 5.295704762506275864e-01
5.589981280767667426e-01 5.960950261633799485e-01 5.515252212548368282e-01
5.457275729086300542e-01 5.785802133038671080e-01 5.697483694568774570e-01
6.325612769406594449e-01 7.074413080565028489e-01 5.290911511995479710e-01
6.098244283253704268e-01 6.711784667161997397e-01 5.665117065745767233e-01
5.798290206345286801e-01 6.310072245681953573e-01 6.150159962103469713e-01
6.274356625898924733e-01 6.725420891323127259e-01 5.494467052470580759e-01
5.653550879377207128e-01 5.617174636955329925e-01 6.500000000000000222e-01
5.778264720389304498e-01 5.611492611154558219e-01 5.600000000000000533e-01
7.115542114959746423e-01 7.176391261027412760e-01 5.670711002033683723e-01
6.338694701241042173e-01 6.173802024020194068e-01 5.008776303659817630e-01
6.464566897646689680e-01 6.237603168861693970e-01 5.275383594569656998e-01
6.216783796011500218e-01 6.118280630995180935e-01 5.217457775597823533e-01
5.857298183744036324e-01 6.099213469230199136e-01 5.937500000000000000e-01
5.670592622836945207e-01 6.003027465150153619e-01 6.162500000000000755e-01
6.176039778147324188e-01 6.764922076582057242e-01 5.881250000000000089e-01
5.834843644842031551e-01 6.579127431922655589e-01 6.331250000000000488e-01
6.137989516872937035e-01 6.079822245304953299e-01 4.630876439186115689e-01
5.571236254392391007e-01 5.447390386522097394e-01 5.909375000000000044e-01
6.224950324624454190e-01 6.121833323624119583e-01 5.187002320006207645e-01
5.724053543150285916e-01 5.521471883033252093e-01 6.359375000000000444e-01
5.934608442549680341e-01 5.754170901671793459e-01 5.600000000000000533e-01
5.946364828661989677e-01 5.760123932454053186e-01 5.600000000000000533e-01
5.984590027760801068e-01 6.113036892901908548e-01 5.920954787648529116e-01
5.580829887212713780e-01 5.516055161017799913e-01 5.600000000000000533e-01
6.303831302400142444e-01 6.550979774196215022e-01 6.006170153956094104e-01
5.892649836902357219e-01 6.066111942930294543e-01 5.679977131417154324e-01
6.014552821028105178e-01 6.538891522833525372e-01 6.078123348930564163e-01
6.127193321312995877e-01 6.785611575862923184e-01 5.837322962049686925e-01
6.253351313992906446e-01 6.855674067140163919e-01 5.720500997359053708e-01
6.143707472646267043e-01 6.794894889225607804e-01 5.865234539398691549e-01
6.129896114746108404e-01 6.787288197410115131e-01 5.885180879806527487e-01
5.866076883740960479e-01 6.458614473652880550e-01 6.083170396078332320e-01
5.974261753718050905e-01 6.152984312924840715e-01 5.409096597503508796e-01
5.164572965815030781e-01 6.364274067310784488e-01 7.055444171162761346e-01
5.391161006424863844e-01 5.547000208720486158e-01 5.600000000000000533e-01
5.461122778837135261e-01 5.582727068777482149e-01 5.600000000000000533e-01
5.389258481277124924e-01 5.545986706109410358e-01 5.600000000000000533e-01
5.147541774716675178e-01 5.297244966384909715e-01 5.600000000000000533e-01
6.466987273876231290e-01 6.849617085265650163e-01 5.637151959425764636e-01
5.175369634633634197e-01 5.373520193603769091e-01 6.049999999999999822e-01
5.301307833983240902e-01 6.056948269612885127e-01 6.022473919712810764e-01
5.881645743665883108e-01 6.205647888923744304e-01 5.909237784891452350e-01
5.698052690829431555e-01 5.911799111071075474e-01 5.735282361449965949e-01
5.297904983578647364e-01 5.498242275591876949e-01 5.600000000000000533e-01
5.211806912387076940e-01 5.330992685612174764e-01 5.600000000000000533e-01
6.369937203978177642e-01 6.818418528605439954e-01 5.680870451562057832e-01
6.305633339495179124e-01 6.535985905857611966e-01 5.889264695343074951e-01
5.115837044567140834e-01 5.341948625751716806e-01 6.049999999999999822e-01
5.961500971254817260e-01 6.421256662416507943e-01 5.790584776598856065e-01
6.568410056586877488e-01 7.126070483330917416e-01 5.330860029955496460e-01
6.178430149849285513e-01 6.695037600471112071e-01 5.487240312409189524e-01
6.413650085252219357e-01 6.269735297879902580e-01 5.381553939065755188e-01
6.350254369000445376e-01 6.237667804245434766e-01 5.603588950138455038e-01
5.701516912603181719e-01 5.510227750060732177e-01 5.937500000000000000e-01
5.747790569775014236e-01 5.532751731893827962e-01 6.162500000000000755e-01
6.280952804388405530e-01 6.149008631712513662e-01 4.920505140669332311e-01
6.284671978492830657e-01 6.150976513203555429e-01 5.549956304289354048e-01
5.520939866493386194e-01 5.486832735400755112e-01 6.500000000000000222e-01
5.991381636329784488e-01 6.061763166531659586e-01 5.760819999199661146e-01
6.082240532910294650e-01 6.398146461178335631e-01 5.937932750845011931e-01
6.141071447247681281e-01 6.430001424629571138e-01 5.968062653160727260e-01
5.641330215096134193e-01 5.934521013637287234e-01 5.354880134718827955e-01
6.288794135827774356e-01 6.835865879117484223e-01 5.843985730768758158e-01
6.549292509741312385e-01 6.894191984442387122e-01 5.744246803845731719e-01
5.253463430991508476e-01 5.415256303451998487e-01 6.500000000000000222e-01
5.831588624140542354e-01 6.439554645252303366e-01 6.085166319443429117e-01
5.629388621847880581e-01 5.929364264702650100e-01 5.732606149845835830e-01
5.863910183930717279e-01 6.457087342959645371e-01 6.124023748197706674e-01
5.075843218063595952e-01 5.321664324345718455e-01 6.500000000000000222e-01
5.829786964650491843e-01 6.438511467159768742e-01 6.113281358267096399e-01
5.025978592781099596e-01 5.295195776354899575e-01 6.500000000000000222e-01
5.990543654533729834e-01 6.710684474379257081e-01 5.777470565502951239e-01
5.028257173585035655e-01 5.296497081887837632e-01 6.500000000000000222e-01
5.750075449958085283e-01 6.395198379052493554e-01 6.272895299442822203e-01
6.230070155077467309e-01 6.767025271582454149e-01 5.630235540269704630e-01
5.992567206432855009e-01 6.440314176313818306e-01 6.212686503325560716e-01
6.183792036159818650e-01 6.741118648142120362e-01 5.658044208908865613e-01
5.946184845159513399e-01 6.413910428106515127e-01 5.968621326087357737e-01
6.469803649427510184e-01 7.108477439676034182e-01 5.451685624222155635e-01
6.150325054183207740e-01 6.722032022572460574e-01 5.658881660963548388e-01
6.177762245211948500e-01 6.738097122297782571e-01 5.668878358295321718e-01
5.882622547474537500e-01 6.379112401341272554e-01 6.223292661839344708e-01
5.847061514417531969e-01 6.360402067343798871e-01 6.195673465821992520e-01
5.884572316353152699e-01 6.381668438466931992e-01 6.203241565700844395e-01
6.013434817284126765e-01 6.647736033569330294e-01 5.544796445062413204e-01
6.099135543593233733e-01 6.695547966129120621e-01 5.673365329168608140e-01
6.138258587351742568e-01 6.242558090119630920e-01 5.600000000000000533e-01
6.168880801792082647e-01 6.795182762750068273e-01 6.444332296525808745e-01
5.283655588702558248e-01 6.262992237382811744e-01 6.500000000000000222e-01
5.131828752355901413e-01 7.043078637497880434e-01 7.399999999999999911e-01
5.471490076433316307e-01 5.897775678718145675e-01 6.500000000000000222e-01
5.998697958563991017e-01 6.443842797578755999e-01 6.021450237726057031e-01
5.960478621290916657e-01 6.422641287854032877e-01 6.021450237726057031e-01
5.506744826907740142e-01 5.915404723463199010e-01 6.500000000000000222e-01
6.451136935653135618e-01 6.909016286096493209e-01 5.600000000000000533e-01
6.301560813537701033e-01 6.160491147841439252e-01 5.172479727257605076e-01
5.544452126652394952e-01 5.936556897051306070e-01 6.500000000000000222e-01
5.903556703533021643e-01 6.118377357579938280e-01 5.401821062560901998e-01
5.218280038302052226e-01 6.397463207535469820e-01 6.800397905037253166e-01
5.187198253660526559e-01 6.378795637116061457e-01 6.825407823914493299e-01
5.753227878486381064e-01 6.534771017546050498e-01 6.500000000000000222e-01
5.814645988341070604e-01 5.565753990538422347e-01 5.600000000000000533e-01
6.682892760022739465e-01 6.701411096522809085e-01 5.897014547296265397e-01
5.753048752101569407e-01 6.534671217490977124e-01 6.500000000000000222e-01
5.720670529940867777e-01 5.519948209238094705e-01 5.600000000000000533e-01
6.936323933974319900e-01 7.044519736873335880e-01 5.593900096045985038e-01
5.706844045070412763e-01 6.507763102879872141e-01 6.500000000000000222e-01
5.930563257609853256e-01 5.620754515388122208e-01 5.600000000000000533e-01
6.584323121801372025e-01 6.649822792593652609e-01 5.982169360678517567e-01
5.706800107689830037e-01 6.507758175986769755e-01 6.500000000000000222e-01
5.819407203287709773e-01 5.567328308676199322e-01 5.600000000000000533e-01
7.029623800147722923e-01 7.099991650102656093e-01 5.713488606327156161e-01
5.904678825196083558e-01 6.306071417174688998e-01 5.828187016122894359e-01
6.035093896093632893e-01 6.374985717088526016e-01 5.853645385265603407e-01
6.433068431489167294e-01 6.385754644060234186e-01 5.564446292906066738e-01
6.184720229648208445e-01 6.102224109970076915e-01 5.599059120860860883e-01
6.052567980972725081e-01 6.034168435329109181e-01 5.354809075069419944e-01
6.242554392091140825e-01 6.290543004560112950e-01 5.454400039324415195e-01
5.383922960933605895e-01 5.355579295863499567e-01 6.500000000000000222e-01
5.323380739993610611e-01 5.324458066492322450e-01 6.500000000000000222e-01
5.288927349836797243e-01 5.306943527679257588e-01 6.500000000000000222e-01
5.156925052412891786e-01 5.240516632649417916e-01 6.500000000000000222e-01
