1.256014092755283862e+00
1.361998377399573412e+00
1.467947922496664281e+00
1.572583069582280890e+00
1.167885730692703322e-01
1.555880540114130961e-01
2.055479746289290699e-01
2.686636769713420247e-01
3.465065000435011977e-01
4.397172769405015003e-01
5.474606677267648269e-01
6.670386035392893431e-01
7.939060558214479091e-01
9.222347265954711215e-01
1.045925823617685158e+00
1.159723792701074840e+00
1.260022390783851254e+00
1.345134003829980385e+00
1.415065035172412111e+00
1.471015621362819159e+00
1.636846135122040913e+00
1.640016408770050393e+00
7.561687404041222971e-02
9.883584334728219567e-02
1.274726175982755783e-01
1.617629461143000325e-01
2.013995245066668993e-01
2.453897887098130115e-01
2.920617161582181875e-01
3.392711958488398016e-01
3.847746074992545173e-01
4.266385407720970080e-01
2.854578482413549709e-02
5.271340529091683713e-02
1.732449989192016149e-01
3.021925704902906351e-01
5.023140734269353480e-01
7.781385996355704160e-01
1.102048467151775402e+00
1.417989640034871712e+00
1.675024930573805415e+00
1.855007898682994982e+00
1.968208071946368154e+00
2.034668152695645826e+00
2.072119777221155701e+00
2.092738319071863362e+00
2.103944128808633351e+00
1.731389370139778047e-02
3.197229648679920933e-02
1.050784034863777999e-01
1.832890591397324520e-01
3.046688863385792478e-01
4.719649181848272201e-01
6.684261838168626957e-01
8.600541918360302684e-01
1.015953976176038109e+00
1.125119164560342666e+00
1.193778540329360816e+00
1.234088616950774986e+00
1.256804175481542440e+00
1.269309953272564684e+00
1.276106620444822148e+00
1.111704339581298107e-01
1.847910206248518095e-01
2.862611931878623617e-01
4.054209742396397420e-01
5.216492363629232631e-01
6.742827664916421770e-02
1.120814196485622194e-01
1.736261903543597496e-01
2.459002509669072356e-01
3.163962554697952734e-01
4.399495670329724162e-02
4.447555937673920434e-01
1.062006458176352419e+00
2.174214249024039702e+00
2.329899837132750395e+00
2.378699583878489676e+00
3.426330673172044150e-02
3.463760047014325383e-01
8.270914612546322875e-01
1.693279759704928278e+00
1.814527817636924611e+00
1.852533098616192531e+00
2.668429011327961772e-02
2.697579036986202383e-01
6.441394776967801494e-01
1.318727602817158395e+00
1.413155685280484297e+00
1.442754227867986794e+00
2.078174603592671324e-02
2.100876666401861048e-01
5.016563296374580982e-01
1.027026089731879699e+00
1.100566754298248906e+00
1.123618122443168277e+00
3.906903423543792164e-01
3.042699445640257849e-01
2.369656710915562514e-01
1.845490502071449601e-01
