    -0.1312985    -0.1326897
    -1.6318222    -1.3148472
    -1.4824293    -1.0780846
    -1.2507321    -1.0420997
    -1.4204885    -1.1072071
    -0.0015435     0.0428755
    -1.4925590    -1.0773424
    -1.5643930    -1.1366407
    -1.1560507    -0.9124057
    -1.5045891    -1.1987357
     0.0005164     0.0738157
    -1.4740623    -1.0326308
    -1.5127354    -1.0965120
    -1.1747493    -0.9421377
    -1.4782609    -1.1719350
     0.0207012     0.1174769
    -1.4354345    -0.9773048
    -1.4809045    -1.0839250
    -1.1855339    -0.9630384
    -1.4581165    -1.1496215
     0.0510249     0.1611765
    -1.3894556    -0.9294091
    -1.4609873    -1.0876428
    -1.1937137    -0.9817876
    -1.4392585    -1.1249360
     0.0843181     0.1947820
    -1.3431661    -0.8947951
    -1.4487104    -1.1001312
    -1.2022917    -1.0004148
    -1.4185057    -1.0943189
     0.1156080     0.2146100
    -1.3003830    -0.8721158
    -1.4420615    -1.1166447
    -1.2117674    -1.0175554
    -1.3954320    -1.0590625
     0.1428134     0.2224384
    -1.2628154    -0.8571520
    -1.4401159    -1.1344501
    -1.2207853    -1.0308508
    -1.3722739    -1.0237808
     0.1664709     0.2118121
    -1.2308460    -0.8790957
    -1.4423361    -1.1319034
    -1.2271148    -1.0271055
    -1.3530667    -1.0311055
     0.1340288     0.2111224
    -1.2174871    -0.8821112
    -1.4217761    -1.1387047
    -1.2698590    -1.0754702
    -1.2735248    -0.9271563
